-0.2707,1.2043,-0.52918,-0.027576,0.45361,0.013439
-0.26634,1.2022,-0.52691,-0.03194,0.49148,0.0185
-0.26512,1.1994,-0.52482,-0.037525,0.56601,0.030194
-0.26145,1.1989,-0.5236,-0.038397,0.60039,0.034383
-0.25883,1.1985,-0.52342,-0.040492,0.66445,0.039968
-0.25534,1.1976,-0.5236,-0.044157,0.69342,0.04119
-0.25255,1.1961,-0.52342,-0.044855,0.72326,0.041015
-0.24784,1.1968,-0.52325,-0.048695,0.78226,0.042237
-0.24714,1.1971,-0.52325,-0.055851,0.80948,0.043808
-0.24679,1.1964,-0.52185,-0.064228,0.83584,0.04311
-0.24592,1.1966,-0.52203,-0.064054,0.88698,0.042761
-0.24592,1.198,-0.52342,-0.066323,0.91054,0.045204
-0.24295,1.1999,-0.5243,-0.069464,0.95225,0.05236
-0.24068,1.2006,-0.5236,-0.067893,0.9718,0.056549
-0.23894,1.199,-0.52203,-0.068417,0.98925,0.061087
-0.24103,1.1968,-0.5215,-0.073827,1.0252,0.067893
-0.24208,1.1954,-0.52116,-0.078714,1.043,0.069115
-0.244,1.1956,-0.52133,-0.080285,1.0608,0.069988
-0.24557,1.1962,-0.52203,-0.090932,1.0889,0.07278
-0.24696,1.1982,-0.52203,-0.096517,1.1023,0.07662
-0.24435,1.1975,-0.52116,-0.093375,1.128,0.082903
-0.24295,1.1964,-0.52081,-0.098088,1.1387,0.084299
-0.2433,1.1954,-0.52028,-0.1028,1.1493,0.088314
-0.2419,1.1943,-0.51993,-0.099309,1.1734,0.094248
-0.23911,1.1949,-0.51924,-0.10245,1.1833,0.098437
-0.23579,1.1959,-0.51784,-0.10158,1.1949,0.1021
-0.2337,1.1968,-0.51732,-0.09704,1.2149,0.11711
-0.23003,1.1989,-0.51627,-0.094073,1.225,0.12462
-0.22934,1.1985,-0.51435,-0.08238,1.2427,0.1405
-0.22916,1.1969,-0.51121,-0.082729,1.25,0.14957
-0.2344,1.1942,-0.50859,-0.082554,1.2573,0.15935
-0.23387,1.1926,-0.50527,-0.08046,1.2687,0.18151
-0.23527,1.1898,-0.50108,-0.078016,1.2736,0.19286
-0.23702,1.1877,-0.49864,-0.075922,1.2786,0.20577
-0.23178,1.186,-0.49532,-0.071035,1.2863,0.22759
-0.23056,1.183,-0.49131,-0.067195,1.2912,0.23736
-0.22846,1.1818,-0.48747,-0.066323,1.2996,0.25656
-0.23161,1.1807,-0.4852,-0.064752,1.3032,0.26581
-0.23073,1.1807,-0.48311,-0.065973,1.3046,0.27594
-0.2323,1.1805,-0.48293,-0.06545,1.3052,0.29496
-0.23195,1.179,-0.48206,-0.064228,1.3038,0.30456
-0.22846,1.1783,-0.48136,-0.059516,1.301,0.31433
-0.22288,1.1788,-0.48049,-0.048171,1.2975,0.33214
-0.21729,1.1807,-0.47944,-0.038223,1.2966,0.34086
-0.21014,1.1844,-0.47805,-0.023038,1.2977,0.35814
-0.20298,1.1893,-0.47525,-0.013788,1.2978,0.36652
-0.19775,1.1947,-0.47264,-0.0038397,1.2996,0.37542
-0.19024,1.201,-0.4688,0.010996,1.3013,0.39305
-0.18396,1.2076,-0.466,0.022689,1.3013,0.40335
-0.17488,1.2158,-0.46391,0.037874,1.3003,0.42377
-0.17279,1.2209,-0.46112,0.042586,1.2978,0.43424
-0.16773,1.2259,-0.45797,0.052534,1.2933,0.44384
-0.16144,1.2317,-0.45588,0.071384,1.2872,0.46112
-0.15568,1.2388,-0.45396,0.078016,1.283,0.4688
-0.14818,1.2465,-0.45204,0.088314,1.2805,0.47595
-0.14242,1.2526,-0.45099,0.10175,1.2722,0.49114
-0.13753,1.2593,-0.45064,0.10751,1.2687,0.49812
-0.13334,1.2652,-0.44995,0.1131,1.2633,0.5044
-0.12758,1.2723,-0.44907,0.13055,1.2566,0.51592
-0.12462,1.2797,-0.44803,0.13544,1.254,0.52203
-0.11798,1.287,-0.44646,0.14661,1.2502,0.53477
-0.11397,1.2935,-0.44471,0.14905,1.2479,0.54088
-0.10716,1.2989,-0.44087,0.15516,1.2453,0.54664
-0.1035,1.3022,-0.43703,0.16249,1.2406,0.56409
-0.10158,1.3029,-0.43389,0.16528,1.2355,0.57247
-0.097215,1.3032,-0.42953,0.1761,1.2242,0.59184
-0.094946,1.3015,-0.42673,0.18134,1.2167,0.60127
-0.092153,1.299,-0.42534,0.1871,1.2071,0.61034
-0.086743,1.2977,-0.42342,0.20019,1.1917,0.62553
-0.085347,1.297,-0.42237,0.20368,1.1849,0.63233
-0.081158,1.2973,-0.42132,0.20892,1.1795,0.63914
-0.076271,1.297,-0.41975,0.21939,1.1694,0.65031
-0.071035,1.2975,-0.41818,0.22654,1.1655,0.65642
-0.064752,1.299,-0.41626,0.23475,1.1619,0.662
-0.057072,1.2994,-0.41417,0.24906,1.1537,0.67195
-0.052185,1.2984,-0.41294,0.25709,1.1493,0.67736
-0.047298,1.298,-0.41155,0.27088,1.1397,0.68522
-0.04119,1.2973,-0.4105,0.28013,1.1352,0.68836
-0.035256,1.2968,-0.41033,0.28484,1.1324,0.69237
-0.030194,1.2956,-0.40911,0.28972,1.1278,0.70023
-0.025482,1.2936,-0.40649,0.29199,1.1254,0.70564
-0.023213,1.2901,-0.40335,0.29514,1.1215,0.71192
-0.01309,1.2861,-0.39933,0.31206,1.1132,0.72676
-0.0066323,1.2826,-0.39427,0.31782,1.1093,0.73531
-0.0005236,1.2774,-0.38956,0.32707,1.0983,0.75067
0.0027925,1.2723,-0.38607,0.33353,1.0934,0.75869
0.0075049,1.2692,-0.38485,0.33894,1.0882,0.7648
0.013439,1.2662,-0.3831,0.35186,1.0784,0.77301
0.024086,1.2629,-0.38293,0.35867,1.0755,0.7758
0.026878,1.26,-0.3838,0.36006,1.0708,0.77894
0.03351,1.2577,-0.38485,0.3749,1.0624,0.78278
0.038223,1.2538,-0.38589,0.38118,1.058,0.78487
0.042586,1.2511,-0.38659,0.39252,1.0502,0.79238
0.04852,1.247,-0.38746,0.39741,1.0474,0.79692
0.052709,1.2439,-0.38799,0.40369,1.046,0.80076
0.05777,1.2409,-0.38729,0.41155,1.0402,0.80948
0.066323,1.2387,-0.38694,0.41731,1.0388,0.81402
0.066672,1.235,-0.38432,0.41504,1.0381,0.82048
0.069464,1.2301,-0.38188,0.41713,1.0332,0.83444
0.068766,1.2256,-0.37891,0.41556,1.0296,0.84317
0.07278,1.2203,-0.37525,0.42987,1.0193,0.85923
0.075049,1.2134,-0.37298,0.4304,1.0167,0.86551
0.077318,1.2088,-0.3721,0.43232,1.0119,0.87406
0.078889,1.2041,-0.37036,0.44087,1.0013,0.88366
0.080634,1.199,-0.37088,0.44209,0.99588,0.88872
0.086045,1.1938,-0.37018,0.44698,0.9889,0.89239
0.086219,1.1863,-0.37228,0.45012,0.97546,0.90042
0.090234,1.1795,-0.37367,0.45291,0.96831,0.90443
0.089535,1.1722,-0.3735,0.45797,0.95225,0.91525
0.090408,1.1636,-0.37367,0.45972,0.9444,0.92206
0.09355,1.1554,-0.37402,0.46234,0.93637,0.92869
0.1042,1.1479,-0.37315,0.47421,0.92241,0.94178
0.1042,1.14,-0.37228,0.48084,0.91892,0.94771
0.10734,1.1345,-0.37141,0.48956,0.91333,0.9526
0.10786,1.1313,-0.37245,0.49463,0.90862,0.95592
0.11414,1.1336,-0.37333,0.49934,0.90879,0.954
0.11519,1.135,-0.37559,0.50161,0.91508,0.95068
0.11833,1.1387,-0.37751,0.50196,0.91822,0.94771
0.11851,1.1409,-0.38031,0.50039,0.92241,0.94579
0.1206,1.1448,-0.38293,0.49707,0.93253,0.93899
0.12357,1.1512,-0.38485,0.49393,0.93934,0.93637
0.12846,1.1615,-0.38589,0.49061,0.94754,0.93044
0.13107,1.1704,-0.38694,0.48346,0.96796,0.91979
0.12898,1.18,-0.38921,0.47857,0.97826,0.91438
0.13474,1.1903,-0.39165,0.47089,0.99833,0.89972
0.13404,1.1999,-0.39479,0.46827,1.0105,0.89099
0.13038,1.2107,-0.39881,0.46269,1.0201,0.88418
0.13212,1.221,-0.4023,0.45379,1.0406,0.86952
0.13073,1.2313,-0.40596,0.44838,1.0507,0.86237
0.12619,1.2422,-0.4098,0.43982,1.0606,0.85556
0.12479,1.2538,-0.41347,0.42603,1.0812,0.84369
0.12723,1.2641,-0.41661,0.41975,1.0922,0.83793
0.12095,1.273,-0.41923,0.40701,1.1126,0.82955
0.11676,1.284,-0.42132,0.40055,1.1231,0.82606
0.11484,1.2954,-0.42307,0.39357,1.1331,0.82292
0.111,1.3073,-0.42464,0.3838,1.1544,0.81769
0.11013,1.3184,-0.42534,0.38118,1.1631,0.81594
0.10594,1.3271,-0.42691,0.37629,1.1722,0.81524
0.10507,1.3359,-0.42848,0.36949,1.186,0.81193
0.10175,1.3463,-0.43057,0.36408,1.1952,0.80913
0.099658,1.3577,-0.43249,0.34976,1.2116,0.80215
0.099833,1.3682,-0.43459,0.3468,1.2198,0.79866
0.097564,1.3779,-0.43755,0.34174,1.2282,0.79604
0.09704,1.3868,-0.43895,0.33545,1.2387,0.79029
0.09163,1.3945,-0.44174,0.32934,1.2441,0.78959
0.090757,1.4018,-0.44401,0.32062,1.2479,0.78802
0.087092,1.408,-0.44698,0.31206,1.2561,0.78662
0.082729,1.4144,-0.4489,0.30264,1.2612,0.78522
0.080634,1.4224,-0.45029,0.30177,1.2727,0.78051
0.07854,1.4343,-0.45256,0.29356,1.2821,0.77824
0.077144,1.4429,-0.45466,0.29042,1.2853,0.77528
0.073129,1.4521,-0.4571,0.28222,1.299,0.77004
0.071384,1.4612,-0.45972,0.281,1.3038,0.76707
0.066497,1.4676,-0.46269,0.27314,1.3109,0.76655
0.061785,1.4736,-0.46548,0.25604,1.3212,0.7648
0.052534,1.4771,-0.46775,0.24347,1.3266,0.76253
0.049742,1.4823,-0.47054,0.23213,1.3329,0.76096
0.044855,1.4881,-0.47298,0.22166,1.3504,0.75206
0.042761,1.4959,-0.47595,0.21537,1.3577,0.74752
0.042412,1.5019,-0.47787,0.21747,1.3713,0.7388
0.038921,1.5078,-0.48084,0.207,1.3785,0.73374
0.037874,1.5116,-0.48258,0.20892,1.3828,0.73269
0.034383,1.5129,-0.48433,0.196,1.3957,0.7271
0.028972,1.5141,-0.48677,0.19234,1.4036,0.72274
0.022689,1.5134,-0.48939,0.1885,1.4106,0.72012
0.019024,1.5142,-0.49201,0.17401,1.4231,0.71541
0.010123,1.5142,-0.49445,0.17279,1.4312,0.71314
0.0090757,1.5156,-0.49672,0.15708,1.4429,0.70913
0.0020944,1.5146,-0.49847,0.15691,1.4481,0.70581
-0.0066323,1.5125,-0.50056,0.14521,1.4567,0.70564
-0.010123,1.5111,-0.50265,0.13404,1.4631,0.70075
-0.014486,1.5088,-0.50475,0.12636,1.4685,0.69708
-0.017279,1.5074,-0.50737,0.11921,1.4722,0.6922
-0.018151,1.5062,-0.51033,0.11345,1.4818,0.6812
-0.020944,1.504,-0.5133,0.10437,1.483,0.67544
-0.023736,1.5031,-0.51697,0.10472,1.4964,0.66078
-0.023038,1.5012,-0.52098,0.10158,1.5006,0.65415
-0.024784,1.4991,-0.52447,0.09704,1.5057,0.64595
-0.02426,1.498,-0.52831,0.092153,1.5151,0.63513
-0.016406,1.4963,-0.53128,0.096342,1.5172,0.62797
-0.01117,1.4935,-0.53355,0.10088,1.5191,0.62256
-0.010472,1.4886,-0.53634,0.097389,1.5218,0.61366
-0.0029671,1.4854,-0.53669,0.10367,1.5254,0.61139
0.0047124,1.4809,-0.53634,0.10385,1.5259,0.60947
0.013265,1.4748,-0.53477,0.10734,1.5252,0.60964
0.02234,1.4682,-0.53302,0.10647,1.5247,0.61156
0.043808,1.461,-0.53023,0.11205,1.5204,0.61523
0.071384,1.4532,-0.52796,0.1131,1.5165,0.61628
0.11048,1.4464,-0.52377,0.11414,1.513,0.6168
0.14678,1.4392,-0.5215,0.12828,1.5059,0.61942
0.17593,1.4334,-0.51993,0.12881,1.4999,0.62169
0.2063,1.4279,-0.51836,0.14573,1.4952,0.62396
0.22427,1.4233,-0.51836,0.15097,1.4919,0.6264
0.23736,1.4186,-0.51801,0.15691,1.4924,0.62971
0.2323,1.4142,-0.51819,0.15882,1.4945,0.63565
0.21607,1.4087,-0.51766,0.15516,1.4963,0.63949
0.20351,1.4057,-0.51644,0.15219,1.4989,0.64298
0.19321,1.4034,-0.51505,0.14678,1.5029,0.65066
0.18378,1.4001,-0.514,0.14573,1.5048,0.65397
0.17733,1.3987,-0.51365,0.14957,1.5108,0.66218
0.16598,1.3963,-0.51278,0.14888,1.5135,0.66811
0.14835,1.3935,-0.51208,0.14382,1.5186,0.67422
0.1384,1.3931,-0.51016,0.14469,1.5272,0.68539
0.12287,1.391,-0.50911,0.14382,1.5312,0.69185
0.11118,1.3903,-0.50684,0.14224,1.5352,0.69778
0.097215,1.3888,-0.50562,0.14713,1.5448,0.71367
0.086743,1.3888,-0.5037,0.14783,1.5499,0.72134
0.073653,1.3886,-0.50178,0.15516,1.5595,0.73688
0.06353,1.3884,-0.49986,0.16074,1.5617,0.74316
0.053756,1.3881,-0.49829,0.16389,1.5656,0.75049
0.04311,1.387,-0.49777,0.1665,1.5678,0.76323
0.034034,1.3847,-0.49602,0.1679,1.5682,0.76847
0.022864,1.3811,-0.49532,0.16773,1.5675,0.77475
0.011868,1.3769,-0.49515,0.16354,1.5635,0.78575
0.0034907,1.3718,-0.49463,0.16458,1.5614,0.78994
-0.007854,1.3654,-0.49515,0.15725,1.5525,0.79604
-0.015708,1.3584,-0.49585,0.14992,1.5451,0.79744
-0.028798,1.349,-0.4969,0.14451,1.538,0.79954
-0.035954,1.3395,-0.49899,0.12881,1.519,0.80023
-0.045728,1.3278,-0.50091,0.12479,1.5087,0.79884
-0.052883,1.3165,-0.503,0.11537,1.4978,0.79796
-0.064403,1.3036,-0.5058,0.094946,1.4755,0.79622
-0.082729,1.2912,-0.50964,0.085696,1.4643,0.79517
-0.14783,1.2716,-0.51435,0.030369,1.4392,0.7936
-0.21764,1.2519,-0.52133,-0.010996,1.4254,0.79343
-0.28379,1.2277,-0.53041,-0.049044,1.4092,0.79029
-0.31486,1.2095,-0.54,-0.093026,1.3837,0.77632
-0.34592,1.1942,-0.55065,-0.11345,1.3772,0.76777
-0.35971,1.1858,-0.5599,-0.14521,1.371,0.75032
-0.38013,1.1816,-0.56845,-0.15376,1.3725,0.74421
-0.38275,1.1797,-0.57596,-0.16389,1.372,0.7381
-0.38711,1.1793,-0.58346,-0.17401,1.3708,0.73583
-0.38397,1.179,-0.58905,-0.17191,1.3731,0.73339
-0.37734,1.1804,-0.59359,-0.18134,1.3736,0.73513
-0.37001,1.1816,-0.59655,-0.16842,1.3826,0.73426
-0.3625,1.1828,-0.60022,-0.17994,1.3786,0.73409
-0.35657,1.1853,-0.60161,-0.18204,1.3987,0.73147
-0.34907,1.1905,-0.60458,-0.18343,1.4052,0.73059
-0.34086,1.1982,-0.60737,-0.18832,1.413,0.72658
-0.33632,1.2036,-0.60964,-0.18553,1.4329,0.72536
-0.33022,1.2095,-0.61069,-0.1871,1.442,0.72204
-0.32132,1.216,-0.61313,-0.18378,1.4512,0.7175
-0.3159,1.2221,-0.61645,-0.17663,1.469,0.70511
-0.3091,1.228,-0.61959,-0.17541,1.4769,0.69935
-0.30264,1.2346,-0.62396,-0.17401,1.4875,0.68975
-0.30613,1.2313,-0.6243,-0.17733,1.4912,0.68574
-0.29391,1.2364,-0.62814,-0.18029,1.4942,0.6812
-0.30212,1.2352,-0.63041,-0.19007,1.5048,0.67492
-0.29164,1.2367,-0.62954,-0.18535,1.5083,0.66672
-0.29042,1.2371,-0.63198,-0.1782,1.5144,0.6627
-0.28693,1.2392,-0.63408,-0.15376,1.5186,0.64525
-0.28414,1.2406,-0.63757,-0.1576,1.5202,0.64071
-0.27454,1.2474,-0.64507,-0.16441,1.523,0.62238
-0.26965,1.2488,-0.64891,-0.16616,1.5191,0.61418
-0.26546,1.2498,-0.65066,-0.17331,1.52,0.61418
-0.26616,1.2451,-0.65328,-0.18326,1.5085,0.60057
-0.26686,1.2402,-0.65572,-0.18466,1.5073,0.59236
-0.26738,1.2324,-0.65781,-0.18082,1.5052,0.59236
-0.26302,1.2278,-0.65799,-0.18535,1.4945,0.58242
-0.26302,1.22,-0.65869,-0.1864,1.486,0.58277
-0.25953,1.212,-0.66043,-0.17767,1.4771,0.56968
-0.2604,1.2008,-0.66113,-0.17872,1.4732,0.56112
-0.25482,1.1936,-0.66131,-0.18151,1.4715,0.54908
-0.25674,1.1875,-0.66288,-0.19094,1.4601,0.54297
-0.25848,1.1842,-0.6648,-0.1953,1.4589,0.53983
-0.25621,1.1805,-0.66619,-0.19129,1.4591,0.53233
-0.25761,1.1767,-0.66846,-0.2063,1.4469,0.52971
-0.25918,1.1687,-0.66916,-0.21398,1.4416,0.52569
-0.26651,1.1585,-0.67317,-0.21921,1.4373,0.51662
-0.26878,1.1526,-0.67789,-0.22009,1.4296,0.50475
-0.26407,1.1477,-0.68207,-0.2419,1.4195,0.49916
-0.26686,1.1387,-0.68783,-0.24679,1.3999,0.48293
-0.26285,1.1277,-0.69324,-0.23946,1.3895,0.47159
-0.25988,1.1137,-0.69813,-0.25517,1.3731,0.46513
-0.25988,1.0975,-0.70215,-0.26843,1.3479,0.44768
-0.25395,1.0838,-0.70476,-0.27245,1.3343,0.43668
-0.25045,1.0685,-0.70738,-0.27489,1.3223,0.42394
-0.24976,1.0535,-0.70983,-0.28309,1.2959,0.41068
-0.25272,1.0353,-0.71332,-0.29706,1.2802,0.40876
-0.24871,1.0194,-0.71785,-0.29688,1.2524,0.39148
-0.24801,1.0032,-0.72187,-0.31119,1.2378,0.37821
-0.25028,0.98541,-0.72571,-0.30177,1.2252,0.37088
-0.24888,0.97058,-0.72972,-0.32603,1.1959,0.3543
-0.25395,0.95278,-0.73426,-0.33737,1.1793,0.35675
-0.24853,0.93794,-0.73845,-0.34715,1.1633,0.35151
-0.24696,0.91822,-0.74194,-0.34924,1.1303,0.34366
-0.24382,0.89902,-0.74421,-0.35797,1.1113,0.33964
-0.23963,0.87912,-0.74648,-0.3625,1.0777,0.33249
-0.23963,0.85748,-0.74735,-0.36896,1.0619,0.32585
-0.23719,0.83898,-0.74892,-0.3735,1.0477,0.32289
-0.23719,0.8231,-0.75294,-0.37193,1.0228,0.31398
-0.23475,0.80756,-0.7573,-0.3838,1.0107,0.30892
-0.23126,0.79412,-0.76166,-0.38101,1.0006,0.30281
-0.22916,0.77737,-0.7648,-0.38485,0.97773,0.29304
-0.22131,0.75974,-0.76585,-0.39218,0.96639,0.28955
-0.21729,0.74281,-0.76707,-0.38519,0.94352,0.28344
-0.21328,0.72553,-0.76847,-0.39706,0.93131,0.27786
-0.21398,0.70476,-0.76934,-0.39881,0.91804,0.27175
-0.20926,0.68574,-0.76986,-0.40614,0.88925,0.26442
-0.2138,0.66549,-0.77318,-0.41713,0.87336,0.26215
-0.207,0.64577,-0.7765,-0.41103,0.8594,0.25953
-0.20019,0.6243,-0.77789,-0.4215,0.8224,0.25901
-0.19216,0.60074,-0.77859,-0.41207,0.80268,0.25831
-0.18204,0.57456,-0.77981,-0.40561,0.7552,0.26599
-0.18029,0.54629,-0.77946,-0.39514,0.73007,0.26232
-0.17191,0.51749,-0.77981,-0.37472,0.70441,0.26669
-0.1665,0.48747,-0.77946,-0.36949,0.64926,0.26773
-0.16232,0.45867,-0.77999,-0.35186,0.62308,0.26913
-0.15568,0.42918,-0.77964,-0.35325,0.59481,0.27245
-0.15307,0.40003,-0.77946,-0.33982,0.54332,0.27838
-0.14626,0.37263,-0.78086,-0.33214,0.51836,0.27908
-0.14207,0.3461,-0.77894,-0.32603,0.4688,0.28571
-0.13945,0.31992,-0.77999,-0.3098,0.44488,0.2892
-0.13107,0.29583,-0.77981,-0.31311,0.42185,0.29985
-0.12566,0.27192,-0.78016,-0.28728,0.37315,0.29897
-0.11833,0.24766,-0.77929,-0.29042,0.34627,0.30316
-0.11886,0.21921,-0.7772,-0.28292,0.32236,0.30631
-0.11048,0.19495,-0.77493,-0.26826,0.27297,0.32201
-0.10332,0.17087,-0.77248,-0.25482,0.25255,0.33353
-0.099484,0.15202,-0.76986,-0.25063,0.21817,0.34523
-0.10245,0.1323,-0.76742,-0.2433,0.20351,0.35308
-0.097215,0.11816,-0.76568,-0.24138,0.19094,0.35395
-0.099658,0.10385,-0.7676,-0.24941,0.1679,0.3625
-0.1021,0.089361,-0.76585,-0.25377,0.15987,0.37333
-0.097738,0.077493,-0.76655,-0.25761,0.14748,0.38101
-0.098786,0.064403,-0.76882,-0.26773,0.12427,0.39916
-0.095993,0.054105,-0.76882,-0.26459,0.11519,0.39602
-0.094248,0.044506,-0.76986,-0.27279,0.097738,0.41155
-0.096168,0.035081,-0.77144,-0.2714,0.091106,0.41836
-0.098088,0.025133,-0.77318,-0.26529,0.083078,0.42429
-0.097215,0.017977,-0.77475,-0.27,0.072082,0.43808
-0.094597,0.012915,-0.7765,-0.2707,0.069115,0.44698
-0.096517,0.0097738,-0.77859,-0.27506,0.067021,0.45187
-0.096691,0.0085521,-0.78034,-0.26686,0.075573,0.45763
-0.093201,0.0097738,-0.78016,-0.27227,0.080111,0.46304
-0.091804,0.013614,-0.77929,-0.27419,0.086743,0.46914
-0.093026,0.017279,-0.77964,-0.2707,0.10036,0.48206
-0.091979,0.020246,-0.77807,-0.27262,0.10577,0.4941
-0.091281,0.023736,-0.77615,-0.26965,0.11554,0.51417
-0.093899,0.025482,-0.77196,-0.27419,0.12147,0.51924
-0.095819,0.02618,-0.76812,-0.2693,0.12601,0.5318
-0.096517,0.027925,-0.76411,-0.27122,0.13456,0.55152
-0.095295,0.03194,-0.76114,-0.26878,0.1419,0.56147
-0.09896,0.036128,-0.75712,-0.26285,0.14905,0.56793
-0.10053,0.042237,-0.75398,-0.26983,0.16301,0.588
-0.10193,0.049742,-0.75311,-0.26442,0.16965,0.59673
-0.10105,0.055152,-0.75136,-0.26145,0.17715,0.62343
-0.098437,0.059516,-0.74875,-0.25726,0.18256,0.63233
-0.099309,0.065101,-0.74735,-0.2611,0.18623,0.64542
-0.09896,0.070337,-0.74526,-0.25482,0.19652,0.66497
-0.1014,0.075747,-0.74368,-0.25534,0.20403,0.67195
-0.10123,0.084125,-0.74421,-0.25604,0.21345,0.67893
-0.10297,0.094073,-0.74508,-0.26564,0.23387,0.69272
-0.10489,0.10594,-0.7456,-0.2714,0.24627,0.699
-0.10856,0.11798,-0.7463,-0.26512,0.27175,0.71297
-0.11065,0.1316,-0.74683,-0.27105,0.28239,0.72012
-0.11065,0.14504,-0.74718,-0.27122,0.29583,0.72588
-0.10926,0.15743,-0.74613,-0.26459,0.32219,0.74107
-0.111,0.16947,-0.74491,-0.26232,0.33615,0.74857
-0.11222,0.18256,-0.74281,-0.26372,0.34802,0.75712
-0.11118,0.1953,-0.74054,-0.25621,0.3742,0.7758
-0.1131,0.20892,-0.74002,-0.25342,0.38711,0.78627
-0.111,0.22288,-0.7388,-0.24731,0.41312,0.80338
-0.1117,0.23597,-0.73688,-0.24452,0.42621,0.81175
-0.11257,0.25045,-0.73496,-0.24138,0.43912,0.82257
-0.11327,0.26477,-0.73321,-0.23073,0.46513,0.84596
-0.11048,0.27768,-0.73042,-0.22515,0.47717,0.85835
-0.111,0.2899,-0.7278,-0.22323,0.48904,0.8697
-0.10873,0.30264,-0.72484,-0.20735,0.5154,0.89291
-0.10856,0.31643,-0.72239,-0.20543,0.52866,0.90338
-0.11188,0.32952,-0.7189,-0.19984,0.55711,0.91822
-0.11118,0.34558,-0.71803,-0.20211,0.57247,0.92694
-0.11327,0.36268,-0.71942,-0.20211,0.58783,0.93585
-0.11449,0.38066,-0.71855,-0.19722,0.61732,0.95068
-0.11694,0.39619,-0.71716,-0.19757,0.63163,0.95819
-0.11938,0.41155,-0.71524,-0.19775,0.6456,0.96621
-0.12235,0.42708,-0.71332,-0.19775,0.66898,0.98524
-0.12497,0.44052,-0.7107,-0.19757,0.67981,0.99536
-0.13387,0.45274,-0.70913,-0.196,0.69045,1.0064
-0.13055,0.46827,-0.70825,-0.19618,0.70633,1.0329
-0.13055,0.48189,-0.70546,-0.18605,0.71611,1.0465
-0.12619,0.49375,-0.7025,-0.17436,0.72955,1.0736
-0.12392,0.50527,-0.69935,-0.16354,0.73618,1.0844
-0.10455,0.51801,-0.69377,-0.13963,0.74054,1.094
-0.10594,0.52412,-0.6915,-0.11414,0.75939,1.1106
-0.086045,0.54175,-0.69063,-0.094771,0.77196,1.1179
-0.081507,0.55798,-0.68958,-0.081681,0.78854,1.1236
-0.069115,0.58102,-0.68696,-0.059865,0.83758,1.1345
-0.073304,0.60685,-0.68522,-0.059341,0.86533,1.14
-0.078714,0.63373,-0.68417,-0.063879,0.9142,1.1472
-0.085172,0.65886,-0.68452,-0.059516,0.93567,1.1503
-0.084474,0.68312,-0.68539,-0.058818,0.954,1.1519
-0.086394,0.70476,-0.68731,-0.051138,0.98698,1.154
-0.073304,0.72763,-0.68731,-0.046775,1.0036,1.1538
-0.054105,0.74857,-0.68539,-0.037874,1.0203,1.1547
-0.027576,0.77126,-0.68242,-0.023562,1.0552,1.1577
-0.00069813,0.79412,-0.67928,-0.010821,1.0713,1.1599
0.027053,0.81838,-0.67544,0.020071,1.1057,1.1636
0.054629,0.84107,-0.67265,0.036303,1.1231,1.1666
0.074002,0.86568,-0.67021,0.050615,1.1414,1.1697
0.091106,0.88785,-0.66724,0.068941,1.1744,1.1772
0.12113,0.91106,-0.66445,0.079238,1.1886,1.1802
0.13491,0.92991,-0.66235,0.087616,1.2036,1.1826
0.13736,0.94771,-0.66078,0.10158,1.2324,1.1872
0.13212,0.96412,-0.65939,0.10838,1.2472,1.1919
0.12531,0.98105,-0.65624,0.12235,1.2819,1.2008
0.12165,0.99955,-0.65136,0.13107,1.3015,1.2065
0.1138,1.0186,-0.6463,0.13701,1.3198,1.2123
0.10873,1.0372,-0.64106,0.14923,1.3563,1.2247
0.10158,1.0547,-0.63617,0.15882,1.3727,1.2303
0.095644,1.0708,-0.63286,0.16301,1.3882,1.235
0.086568,1.0854,-0.63041,0.1665,1.4139,1.2476
0.076969,1.098,-0.62692,0.1679,1.4233,1.2558
0.068591,1.1083,-0.62326,0.16214,1.4394,1.2687
0.059865,1.117,-0.61959,0.16249,1.4451,1.2755
0.053407,1.1245,-0.6168,0.15865,1.4472,1.2837
0.047647,1.1291,-0.61331,0.16808,1.4556,1.2963
0.045902,1.135,-0.60877,0.17052,1.456,1.3034
0.043982,1.1395,-0.60458,0.1775,1.458,1.3074
0.038921,1.1406,-0.60371,0.17017,1.4512,1.3121
0.036826,1.1406,-0.599,0.17715,1.45,1.3156
0.035779,1.1397,-0.60057,0.16581,1.4395,1.3247
0.035605,1.1355,-0.59847,0.1583,1.4336,1.3299
0.02426,1.1308,-0.59673,0.16406,1.4329,1.3376
0.022515,1.1289,-0.59114,0.17,1.4313,1.3483
0.015533,1.1268,-0.58416,0.18309,1.4317,1.3544
0.013439,1.1259,-0.5784,0.18815,1.4308,1.36
0.0064577,1.1249,-0.57264,0.19373,1.4303,1.3797
0.008203,1.1243,-0.56653,0.19862,1.4291,1.3846
-0.00034907,1.1219,-0.562,0.20141,1.4279,1.3929
-0.0013963,1.121,-0.55885,0.20071,1.4266,1.4008
-0.0054105,1.1172,-0.55624,0.19426,1.4244,1.406
-0.0073304,1.1128,-0.55327,0.19216,1.4188,1.4135
-0.0092502,1.1071,-0.551,0.19234,1.4111,1.4179
-0.018675,1.0989,-0.54838,0.19129,1.4022,1.421
-0.022166,1.0868,-0.54594,0.18466,1.3771,1.4261
-0.022689,1.0736,-0.54507,0.18309,1.3617,1.4279
-0.024086,1.0578,-0.54402,0.16965,1.3291,1.4317
-0.024435,1.0418,-0.54367,0.16371,1.3127,1.4341
-0.027053,1.025,-0.54384,0.15935,1.2956,1.435
-0.024435,1.0081,-0.54227,0.15307,1.2626,1.4429
-0.025831,0.991,-0.54035,0.15045,1.247,1.4474
-0.025831,0.97512,-0.53826,0.15027,1.2326,1.4504
-0.028274,0.95871,-0.53669,0.14329,1.2064,1.4565
-0.026005,0.9444,-0.53494,0.13788,1.1931,1.4586
-0.028623,0.92939,-0.5332,0.13282,1.1673,1.465
-0.023038,0.91473,-0.53093,0.12933,1.1538,1.4697
-0.02618,0.89815,-0.52901,0.12636,1.1395,1.4748
-0.023911,0.88139,-0.52622,0.12043,1.1083,1.4846
-0.020595,0.86429,-0.52342,0.12147,1.0905,1.491
-0.019373,0.84422,-0.52028,0.11938,1.0723,1.4949
-0.018151,0.82362,-0.51801,0.11414,1.0353,1.5045
-0.02042,0.80285,-0.51627,0.11868,1.021,1.509
-0.02042,0.78435,-0.51452,0.10681,0.98716,1.5149
-0.020944,0.76585,-0.514,0.10838,0.9725,1.5202
-0.021642,0.7484,-0.51243,0.10664,0.95923,1.52
-0.026354,0.73182,-0.51173,0.09512,0.9355,1.5263
-0.026704,0.71698,-0.51033,0.099833,0.92694,1.5308
-0.026354,0.70319,-0.50807,0.094422,0.91804,1.5354
-0.023562,0.69098,-0.50492,0.084125,0.90059,1.5444
-0.024435,0.67684,-0.50196,0.084648,0.89151,1.5464
-0.021991,0.66253,-0.49934,0.075398,0.87109,1.5558
-0.022689,0.64769,-0.49637,0.074351,0.86027,1.5589
-0.019373,0.63198,-0.49288,0.074875,0.84928,1.5577
-0.017279,0.61453,-0.49096,0.064752,0.82292,1.5588
-0.020769,0.59603,-0.48887,0.055501,0.80861,1.5598
-0.023213,0.57648,-0.48695,0.05044,0.79343,1.5607
-0.028972,0.55676,-0.48573,0.031067,0.76027,1.5666
-0.037699,0.53634,-0.4866,0.02426,0.74403,1.568
-0.037874,0.51679,-0.48573,0.018151,0.7114,1.5701
-0.033859,0.49742,-0.48485,0.020595,0.69377,1.5699
-0.03002,0.4763,-0.48468,0.021293,0.67474,1.5704
-0.027925,0.45291,-0.48538,0.016581,0.63233,1.5718
-0.025831,0.42691,-0.48538,0.017977,0.60895,1.5743
-0.024784,0.39916,-0.48625,0.014661,0.58556,1.5738
-0.022864,0.37176,-0.48625,0.007854,0.53547,1.5757
-0.027053,0.34523,-0.48677,0.0034907,0.51208,1.5773
-0.02426,0.32114,-0.48747,-0.0029671,0.46845,1.5809
-0.026529,0.29706,-0.48939,-0.012741,0.44733,1.58
-0.025482,0.27349,-0.49009,-0.012741,0.42761,1.5814
-0.023387,0.2515,-0.49236,-0.020246,0.38729,1.582
-0.023213,0.22969,-0.4941,-0.020944,0.36774,1.5816
-0.019024,0.20874,-0.49567,-0.020769,0.34907,1.5837
-0.018675,0.1885,-0.49655,-0.023387,0.31259,1.5851
-0.014486,0.16877,-0.49724,-0.025133,0.29583,1.5842
-0.0089012,0.15027,-0.49812,-0.023038,0.26232,1.5853
-0.0083776,0.13212,-0.50126,-0.026005,0.24522,1.5846
-0.0068068,0.1131,-0.50318,-0.02618,0.22951,1.5835
-0.0054105,0.096342,-0.50632,-0.03159,0.19984,1.5818
-0.0040143,0.082205,-0.50894,-0.032114,0.18605,1.5806
0.0090757,-0.0057596,-0.52883,-0.041888,0.081856,1.5767
0.0064577,-0.010821,-0.52953,-0.043459,0.079762,1.5795
0.008203,-0.013963,-0.53006,-0.045902,0.08046,1.5846
0.0080285,-0.015533,-0.53058,-0.0466,0.08203,1.587
0.010123,-0.014312,-0.53093,-0.049393,0.083078,1.5893
0.0073304,-0.015359,-0.5318,-0.051487,0.085521,1.5938
0.007854,-0.015184,-0.53233,-0.054803,0.086568,1.5949
0.0040143,-0.016057,-0.53337,-0.068242,0.089361,1.6013
0.0024435,-0.015708,-0.53459,-0.071733,0.09163,1.6033
-0.00034907,-0.014137,-0.53599,-0.071384,0.094597,1.6055
-0.00017453,-0.011345,-0.53756,-0.078365,0.10158,1.609
-0.0043633,-0.0083776,-0.54018,-0.078365,0.10524,1.6113
-0.0064577,-0.0055851,-0.54437,-0.079412,0.10856,1.6136
-0.0066323,-0.0031416,-0.54751,-0.089186,0.1124,1.6153
-0.0064577,-0.0010472,-0.55013,-0.088837,0.11414,1.6169
-0.0064577,0.0015708,-0.55205,-0.094597,0.11798,1.6205
-0.0097738,0.0040143,-0.55449,-0.095819,0.12095,1.6228
-0.0094248,0.0073304,-0.55624,-0.097564,0.12601,1.6228
-0.007854,0.013265,-0.55711,-0.096517,0.13544,1.6265
-0.0090757,0.017802,-0.55903,-0.10263,0.13875,1.6277
-0.008203,0.023213,-0.56008,-0.10315,0.14242,1.628
-0.011694,0.026354,-0.56182,-0.10385,0.1494,1.6284
-0.010996,0.030892,-0.56304,-0.10769,0.15341,1.6293
-0.010996,0.035605,-0.56444,-0.10681,0.16301,1.6305
-0.012741,0.042062,-0.56566,-0.10978,0.16982,1.6322
-0.01501,0.049742,-0.56688,-0.11292,0.17715,1.6333
-0.020769,0.057945,-0.5681,-0.11764,0.19495,1.6383
-0.020944,0.067719,-0.56793,-0.11833,0.20403,1.6404
-0.024086,0.079063,-0.56915,-0.11938,0.21345,1.6434
-0.025656,0.087441,-0.5702,-0.12881,0.22794,1.6481
-0.029671,0.095993,-0.57072,-0.12619,0.23684,1.6495
-0.03002,0.10437,-0.57107,-0.12654,0.25464,1.6521
-0.034732,0.11432,-0.57194,-0.12601,0.26354,1.6546
-0.035081,0.12619,-0.57369,-0.12881,0.27367,1.6537
-0.036477,0.13736,-0.57578,-0.12811,0.29112,1.6553
-0.041364,0.148,-0.57753,-0.13003,0.2995,1.6554
-0.042761,0.1576,-0.58015,-0.13771,0.30299,1.6577
-0.049044,0.16528,-0.58364,-0.14591,0.31346,1.6596
-0.050789,0.17436,-0.58643,-0.14539,0.3194,1.6593
-0.049393,0.18396,-0.5887,-0.14626,0.33301,1.6595
-0.058643,0.19356,-0.59149,-0.14748,0.34034,1.6596
-0.056549,0.20612,-0.59428,-0.14731,0.34889,1.661
-0.056723,0.21817,-0.59673,-0.14731,0.36338,1.6621
-0.063355,0.22829,-0.59917,-0.15062,0.37071,1.6635
-0.063879,0.24086,-0.60127,-0.14783,0.37891,1.6645
-0.058818,0.25255,-0.60231,-0.13963,0.39287,1.6677
-0.062657,0.26285,-0.60179,-0.14015,0.4023,1.6687
-0.064577,0.27576,-0.60301,-0.13614,0.43022,1.6713
-0.066672,0.29077,-0.60406,-0.13666,0.44768,1.6717
-0.069115,0.3084,-0.60458,-0.13474,0.46688,1.671
-0.072082,0.32707,-0.60668,-0.13299,0.50492,1.671
-0.075224,0.34784,-0.60912,-0.13212,0.52255,1.6696
-0.081856,0.36617,-0.61279,-0.1323,0.54192,1.6698
-0.084998,0.38624,-0.61645,-0.1412,0.5777,1.6663
-0.093724,0.40317,-0.61889,-0.14242,0.59446,1.664
-0.094248,0.42237,-0.62169,-0.15062,0.62814,1.661
-0.098088,0.44192,-0.62483,-0.15219,0.64472,1.6603
-0.10559,0.45902,-0.62779,-0.15324,0.66078,1.6593
-0.10873,0.477,-0.62989,-0.159,0.68975,1.6602
-0.11537,0.49323,-0.63198,-0.16319,0.70354,1.6609
-0.11956,0.50999,-0.63321,-0.16755,0.71733,1.6612
-0.12305,0.52622,-0.63478,-0.17471,0.74089,1.6633
-0.12706,0.54088,-0.63582,-0.17715,0.75381,1.6642
-0.13387,0.55467,-0.63722,-0.18256,0.78138,1.6657
-0.14032,0.5702,-0.63827,-0.18605,0.79744,1.6663
-0.15411,0.5873,-0.64054,-0.19251,0.81455,1.667
-0.17034,0.60353,-0.64298,-0.20769,0.84544,1.6701
-0.17977,0.62116,-0.64455,-0.20979,0.85975,1.6739
-0.19408,0.636,-0.6456,-0.21694,0.87371,1.6778
-0.20001,0.65275,-0.64472,-0.23073,0.90286,1.6893
-0.20298,0.66689,-0.64333,-0.23457,0.92084,1.6937
-0.19513,0.68714,-0.64071,-0.24365,0.96709,1.7026
-0.21398,0.70686,-0.63722,-0.26162,0.98908,1.7069
-0.22864,0.73007,-0.6346,-0.27367,1.0132,1.709
-0.24365,0.75276,-0.63408,-0.2913,1.0552,1.7125
-0.25656,0.77336,-0.63478,-0.2995,1.0739,1.7155
-0.26581,0.79412,-0.63478,-0.30857,1.0957,1.7167
-0.27803,0.8142,-0.6346,-0.32236,1.1418,1.7162
-0.28588,0.83654,-0.63757,-0.33057,1.1661,1.7129
-0.29723,0.86027,-0.64176,-0.33667,1.2196,1.6986
-0.29391,0.88628,-0.64647,-0.34051,1.2453,1.6867
-0.29723,0.91124,-0.6531,-0.344,1.2711,1.6748
-0.29583,0.93811,-0.66131,-0.34872,1.3235,1.6469
-0.29304,0.96464,-0.66951,-0.34488,1.3498,1.6322
-0.29304,0.99013,-0.67928,-0.34558,1.3764,1.616
-0.28833,1.017,-0.69028,-0.3454,1.4244,1.5893
-0.28327,1.0399,-0.70389,-0.34837,1.4446,1.5773
-0.28868,1.0599,-0.71663,-0.35221,1.4792,1.5563
-0.29147,1.0781,-0.7285,-0.35064,1.4916,1.5469
-0.29601,1.0924,-0.7388,-0.35273,1.5031,1.5387
-0.29915,1.1032,-0.747,-0.35884,1.5197,1.5254
-0.30404,1.1114,-0.75398,-0.35936,1.5256,1.5205
-0.30683,1.1167,-0.76061,-0.36006,1.5273,1.5174
-0.31294,1.117,-0.76655,-0.36303,1.5284,1.5081
-0.31486,1.1158,-0.77178,-0.36146,1.5287,1.5052
-0.32707,1.114,-0.77685,-0.37472,1.5312,1.5003
-0.33057,1.1142,-0.78295,-0.38502,1.5343,1.5031
-0.34208,1.1156,-0.79098,-0.39584,1.5403,1.506
-0.34226,1.1189,-0.79849,-0.40125,1.5516,1.5088
-0.34208,1.1196,-0.80355,-0.4023,1.5553,1.5071
-0.34592,1.1188,-0.80721,-0.40736,1.5579,1.505
-0.35011,1.116,-0.81071,-0.4194,1.5547,1.5055
-0.35483,1.1083,-0.81472,-0.42569,1.5495,1.5073
-0.35238,1.1001,-0.81891,-0.42935,1.5437,1.5102
-0.35099,1.0884,-0.82362,-0.42743,1.5205,1.5254
-0.34924,1.0713,-0.82798,-0.42778,1.5053,1.5333
-0.33894,1.0542,-0.83008,-0.41591,1.4683,1.5507
-0.3379,1.031,-0.83095,-0.41486,1.4465,1.5601
-0.3255,1.0074,-0.83008,-0.41015,1.4242,1.5738
-0.32725,0.98175,-0.82694,-0.39916,1.3811,1.6048
-0.31503,0.95993,-0.82275,-0.38886,1.3615,1.6256
-0.31259,0.93777,-0.81908,-0.37315,1.3425,1.649
-0.307,0.91996,-0.81193,-0.34488,1.3045,1.6924
-0.29147,0.89902,-0.80512,-0.33929,1.2856,1.7176
-0.29409,0.87371,-0.79779,-0.34959,1.239,1.7792
-0.28693,0.84788,-0.78749,-0.34784,1.205,1.8174
-0.27419,0.81489,-0.77336,-0.33493,1.1668,1.8539
-0.27349,0.76864,-0.75747,-0.29723,1.1027,1.9368
-0.27524,0.72396,-0.73985,-0.3091,1.0571,1.9815
-0.27367,0.67666,-0.71977,-0.30561,1.0165,2.0303
-0.27978,0.6271,-0.69743,-0.32079,0.93375,2.1324
-0.29339,0.57474,-0.67352,-0.33824,0.89431,2.1857
-0.30665,0.52185,-0.64804,-0.35168,0.80512,2.2949
-0.30316,0.47368,-0.61785,-0.35029,0.75939,2.3469
-0.30299,0.42377,-0.5887,-0.3475,0.71785,2.4004
-0.30299,0.37402,-0.55641,-0.34802,0.6353,2.4958
-0.29932,0.32149,-0.525,-0.34383,0.59638,2.5388
-0.30055,0.26599,-0.49096,-0.34976,0.55641,2.5794
-0.30421,0.21188,-0.4585,-0.36774,0.46967,2.6634
-0.3091,0.15917,-0.42743,-0.37821,0.42603,2.7082
-0.31364,0.10699,-0.39165,-0.39479,0.3372,2.8002
-0.31974,0.052534,-0.35605,-0.40806,0.29234,2.8499
-0.33685,-0.0038397,-0.31817,-0.42551,0.24487,2.8993
-0.33999,-0.054978,-0.27489,-0.43075,0.15848,2.9904
-0.35221,-0.10402,-0.22654,-0.43755,0.1206,3.0306
-0.36355,-0.14678,-0.17575,-0.43825,0.084474,3.0672
-0.39183,-0.18658,-0.12444,-0.43825,0.0094248,3.1397
-0.40265,-0.21747,-0.084474,-0.44331,-0.03351,3.1798
-0.4283,-0.24976,-0.05969,-0.45152,-0.1103,3.2512
-0.45867,-0.27786,-0.033161,-0.45763,-0.14696,3.2844
-0.46984,-0.30613,-0.0069813,-0.45466,-0.17453,3.3102
-0.48607,-0.33022,0.016406,-0.47665,-0.23597,3.365
-0.5325,-0.35675,0.038223,-0.47805,-0.26407,3.3927
-0.5414,-0.37856,0.063355,-0.47822,-0.28798,3.4112
-0.54594,-0.4002,0.080983,-0.48555,-0.33545,3.4482
-0.56636,-0.41626,0.10001,-0.50405,-0.36146,3.4697
-0.58521,-0.42987,0.11135,-0.52412,-0.40369,3.509
-0.58713,-0.44122,0.12392,-0.52936,-0.41993,3.5263
-0.61401,-0.45466,0.1405,-0.54524,-0.44279,3.5427
-0.62291,-0.46373,0.15586,-0.57142,-0.48642,3.5811
-0.63355,-0.47019,0.17436,-0.57526,-0.50754,3.5949
-0.64612,-0.47647,0.19321,-0.58381,-0.52116,3.6125
-0.66846,-0.48712,0.21066,-0.60092,-0.53843,3.6341
-0.67125,-0.48642,0.22323,-0.61994,-0.54891,3.6451
-0.66864,-0.4763,0.23091,-0.64368,-0.55065,3.665
-0.68871,-0.477,0.2412,-0.65869,-0.54716,3.6779
-0.69935,-0.4667,0.24696,-0.68783,-0.55048,3.6858
-0.71471,-0.45204,0.2529,-0.72745,-0.53564,3.6956
-0.72134,-0.44488,0.25517,-0.74316,-0.52622,3.6942
-0.73705,-0.429,0.2508,-0.77789,-0.50946,3.6882
-0.7491,-0.40911,0.24522,-0.8395,-0.46024,3.6778
-0.76393,-0.38135,0.23161,-0.84631,-0.43145,3.6619
-0.76271,-0.355,0.22078,-0.8889,-0.3646,3.6334
-0.7751,-0.32166,0.20612,-0.90635,-0.32463,3.6207
-0.77999,-0.2885,0.19111,-0.91124,-0.28362,3.6031
-0.77702,-0.25063,0.1761,-0.9348,-0.20089,3.5725
-0.78487,-0.2145,0.16057,-0.94318,-0.15882,3.5608
-0.7929,-0.17558,0.14661,-0.95749,-0.11659,3.551
-0.79151,-0.13718,0.13195,-0.9697,-0.035605,3.528
-0.80983,-0.10245,0.11833,-0.98297,0.0057596,3.5167
-0.81489,-0.062832,0.10332,-0.99868,0.044855,3.5048
-0.84125,-0.028623,0.085347,-1.0208,0.12723,3.4765
-0.83671,0.01117,0.068417,-1.0226,0.16912,3.4615
-0.84439,0.047647,0.050789,-1.0243,0.25866,3.4287
-0.83723,0.089535,0.034732,-1.0194,0.30299,3.4165
-0.82938,0.13038,0.020071,-1.0069,0.3468,3.4032
-0.82257,0.16825,0.0076794,-0.98053,0.43249,3.3737
-0.82118,0.2063,-0.0061087,-0.96883,0.47979,3.3571
-0.82118,0.24539,-0.020246,-0.95923,0.52849,3.3393
-0.81804,0.28833,-0.040317,-0.93288,0.63268,3.2988
-0.81664,0.33563,-0.063705,-0.91874,0.68609,3.2774
-0.80442,0.38467,-0.088314,-0.89588,0.78557,3.2323
-0.79552,0.43092,-0.11345,-0.88314,0.8299,3.2125
-0.77039,0.47543,-0.13648,-0.86673,0.8697,3.1889
-0.75451,0.50929,-0.15638,-0.83566,0.93654,3.1482
-0.74403,0.53861,-0.1761,-0.83095,0.96395,3.1273
-0.74089,0.56147,-0.19408,-0.82903,0.98925,3.1079
-0.73339,0.58294,-0.21101,-0.81245,1.0338,3.0714
-0.72676,0.60301,-0.22777,-0.80739,1.0544,3.0538
-0.72344,0.62151,-0.244,-0.79901,1.0894,3.0229
-0.7175,0.63617,-0.25848,-0.7943,1.106,3.0089
-0.7086,0.64944,-0.27157,-0.78871,1.1198,2.9976
-0.70197,0.66026,-0.28362,-0.77929,1.143,2.9798
-0.70267,0.66706,-0.29304,-0.77894,1.1533,2.973
-0.69935,0.67754,-0.30247,-0.77667,1.1668,2.9695
-0.70267,0.68626,-0.31206,-0.77178,1.188,2.969
-0.69743,0.69656,-0.32132,-0.76864,1.1987,2.9726
