-0.29444,1.1811,0.53617,-0.045728,0.41801,0.0013963
-0.29444,1.1809,0.53617,-0.050789,0.45483,0.0024435
-0.29426,1.1811,0.53634,-0.058643,0.525,0.0022689
-0.29391,1.1807,0.53599,-0.061785,0.55816,0.002618
-0.29322,1.1805,0.53564,-0.06737,0.61959,0.002618
-0.29252,1.1802,0.53547,-0.071733,0.64787,0.0024435
-0.29234,1.1797,0.53564,-0.075049,0.67562,0.0024435
-0.29252,1.179,0.53582,-0.08238,0.72676,0.0029671
-0.29374,1.1779,0.53564,-0.087266,0.75084,0.002618
-0.29444,1.1772,0.53547,-0.092153,0.77405,0.0024435
-0.29531,1.1771,0.53512,-0.09896,0.81856,0.002618
-0.29548,1.1772,0.53459,-0.10158,0.84055,0.0019199
-0.29531,1.1772,0.53442,-0.10804,0.87982,0.0029671
-0.29514,1.1771,0.53442,-0.11065,0.89902,0.0024435
-0.29548,1.1771,0.53459,-0.11153,0.91752,0.0031416
-0.29461,1.1769,0.53442,-0.11572,0.95103,0.0034907
-0.29461,1.1772,0.53477,-0.11746,0.96656,0.0040143
-0.29461,1.1771,0.53494,-0.11886,0.98227,0.0043633
-0.29618,1.1765,0.53407,-0.12322,1.0114,0.0099484
-0.29409,1.1777,0.53372,-0.12636,1.0283,0.01117
-0.29985,1.179,0.53302,-0.13474,1.0718,0.02234
-0.30107,1.1849,0.52883,-0.13142,1.1032,0.029496
-0.30055,1.1987,0.52691,-0.12147,1.1387,0.037001
-0.29095,1.2188,0.52587,-0.090059,1.2149,0.056374
-0.28344,1.2387,0.5243,-0.077144,1.2477,0.065973
-0.27821,1.2538,0.5215,-0.065624,1.2751,0.074176
-0.27419,1.2641,0.51662,-0.045204,1.3137,0.087965
-0.27175,1.2683,0.5126,-0.038572,1.3252,0.088663
-0.26669,1.2689,0.50946,-0.020595,1.3411,0.093724
-0.26756,1.2652,0.50737,-0.014137,1.346,0.094248
-0.26861,1.2593,0.50597,-0.0087266,1.3495,0.096517
-0.27419,1.2514,0.5037,-0.0061087,1.3528,0.099833
-0.27943,1.243,0.50091,-0.0068068,1.3528,0.10228
-0.28309,1.2348,0.49829,-0.0069813,1.3521,0.10385
-0.28623,1.2252,0.49655,-0.0029671,1.3493,0.10821
-0.2906,1.2146,0.49375,0.00017453,1.3463,0.11222
-0.29409,1.2032,0.49026,-0.002618,1.3354,0.11519
-0.29618,1.1912,0.48747,-0.0010472,1.3306,0.11641
-0.2995,1.1795,0.48573,-0.00087266,1.3256,0.11729
-0.30334,1.168,0.4845,-0.00017453,1.3148,0.12078
-0.30508,1.1563,0.48311,0.00087266,1.309,0.12392
-0.30735,1.1441,0.48223,0.0029671,1.3039,0.12671
-0.31224,1.1324,0.48241,0.0013963,1.2931,0.13387
-0.31782,1.1207,0.48223,-0.0022689,1.287,0.13788
-0.32166,1.1083,0.48206,-0.0041888,1.2713,0.14608
-0.32603,1.0952,0.48189,-0.0041888,1.2619,0.14905
-0.32812,1.0811,0.48206,-0.0057596,1.2505,0.15149
-0.32899,1.066,0.48258,-0.0033161,1.2275,0.15568
-0.33371,1.0491,0.48171,-0.0054105,1.217,0.1576
-0.34121,1.0336,0.48066,-0.010647,1.2058,0.15865
-0.34575,1.0191,0.47944,-0.015533,1.1872,0.16109
-0.34802,1.0055,0.47805,-0.013963,1.1791,0.16336
-0.35064,0.99205,0.4763,-0.015184,1.1645,0.16546
-0.3536,0.97983,0.47438,-0.017279,1.1579,0.1672
-0.35587,0.96831,0.47281,-0.018151,1.1514,0.16842
-0.3557,0.95714,0.47176,-0.015184,1.139,0.16912
-0.35483,0.94562,0.47229,-0.012915,1.1331,0.16808
-0.3564,0.93393,0.47316,-0.011868,1.1198,0.16668
-0.35936,0.92171,0.47351,-0.010996,1.1128,0.16668
-0.36268,0.90949,0.47298,-0.012043,1.1048,0.1679
-0.37053,0.89762,0.47246,-0.014835,1.0921,0.17017
-0.37367,0.88663,0.47264,-0.015359,1.0868,0.17226
-0.37647,0.87616,0.47264,-0.015708,1.0816,0.17418
-0.37891,0.86638,0.47159,-0.018151,1.0694,0.17942
-0.37891,0.85608,0.47089,-0.018326,1.0624,0.18169
-0.37943,0.84526,0.47054,-0.017802,1.0468,0.185
-0.37926,0.83357,0.47054,-0.016406,1.0371,0.18588
-0.38153,0.82065,0.47019,-0.014312,1.0275,0.18692
-0.38135,0.80669,0.47089,-0.017104,1.005,0.18745
-0.38589,0.79203,0.47106,-0.021293,0.99327,0.1871
-0.39357,0.77667,0.47141,-0.023736,0.98192,0.18675
-0.39776,0.76096,0.47124,-0.034383,0.95853,0.18535
-0.40317,0.74578,0.47002,-0.038921,0.94806,0.18535
-0.40806,0.73094,0.46897,-0.05044,0.9266,0.18483
-0.41277,0.71541,0.46757,-0.056549,0.91647,0.185
-0.42429,0.699,0.46705,-0.068068,0.90757,0.18343
-0.42953,0.68539,0.46583,-0.07662,0.88942,0.18291
-0.43249,0.67143,0.46391,-0.078191,0.87947,0.18396
-0.43302,0.65781,0.46234,-0.082205,0.86882,0.18396
-0.43337,0.64385,0.46164,-0.08587,0.84648,0.18483
-0.43581,0.62884,0.46199,-0.089012,0.83444,0.1857
-0.44157,0.61296,0.46234,-0.099658,0.80913,0.18692
-0.44593,0.59655,0.46251,-0.10472,0.79622,0.1878
-0.45169,0.58015,0.46164,-0.10873,0.78208,0.18919
-0.45553,0.56357,0.46112,-0.11868,0.7559,0.18937
-0.46147,0.54716,0.46094,-0.12305,0.74368,0.18867
-0.4688,0.5311,0.45989,-0.12793,0.73164,0.18867
-0.47438,0.51557,0.45832,-0.1398,0.71052,0.18658
-0.48258,0.50143,0.45605,-0.14486,0.70145,0.18553
-0.48764,0.48799,0.45361,-0.15568,0.68626,0.18082
-0.49148,0.47595,0.45064,-0.15987,0.67963,0.17837
-0.4948,0.46391,0.44768,-0.16319,0.67282,0.17558
-0.49742,0.45187,0.44471,-0.17209,0.65624,0.17157
-0.50161,0.43843,0.44087,-0.17767,0.6463,0.17069
-0.50562,0.42429,0.43808,-0.18466,0.63617,0.16842
-0.50719,0.40998,0.43616,-0.18675,0.61575,0.16563
-0.50841,0.39549,0.43424,-0.18902,0.6065,0.16458
-0.51313,0.3824,0.43284,-0.19775,0.58905,0.16249
-0.51487,0.37018,0.43057,-0.20019,0.58102,0.16214
-0.51627,0.35814,0.4283,-0.20159,0.57352,0.16197
-0.51732,0.34592,0.42691,-0.20752,0.55833,0.16057
-0.51889,0.33336,0.42603,-0.20961,0.55065,0.16005
-0.52185,0.32114,0.42481,-0.21276,0.54262,0.15987
-0.525,0.30805,0.42324,-0.22253,0.52377,0.16005
-0.52918,0.29426,0.42237,-0.22777,0.51382,0.15865
-0.53198,0.2803,0.4215,-0.23195,0.49288,0.15813
-0.53512,0.26651,0.4208,-0.23667,0.48258,0.15691
-0.53529,0.25255,0.4194,-0.23963,0.47194,0.15638
-0.53617,0.23946,0.41766,-0.24382,0.45099,0.15568
-0.53756,0.22637,0.41609,-0.24679,0.44017,0.15551
-0.53686,0.21293,0.41521,-0.24958,0.42987,0.15464
-0.53739,0.19984,0.41504,-0.25272,0.41033,0.15376
-0.53948,0.18745,0.41434,-0.25674,0.40003,0.15394
-0.5414,0.17471,0.41312,-0.26424,0.37629,0.15516
-0.54227,0.16127,0.41294,-0.26634,0.36373,0.15568
-0.54315,0.14626,0.41364,-0.26756,0.34889,0.15708
-0.54454,0.13003,0.41574,-0.27105,0.31695,0.16022
-0.54681,0.11257,0.41836,-0.27384,0.30072,0.16127
-0.54751,0.095993,0.4215,-0.27541,0.28466,0.16127
-0.54681,0.080285,0.42359,-0.27349,0.25342,0.16214
-0.54786,0.065275,0.42603,-0.27611,0.23806,0.16092
-0.54751,0.050091,0.42795,-0.27995,0.21153,0.1604
-0.54873,0.036477,0.43057,-0.28274,0.19967,0.15987
-0.5503,0.02426,0.43284,-0.28554,0.18954,0.15987
-0.55117,0.014312,0.43633,-0.2906,0.17418,0.1583
-0.55187,0.0064577,0.43878,-0.29269,0.16773,0.15865
-0.55344,-0.00017453,0.43965,-0.2974,0.15952,0.15952
-0.55432,-0.007854,0.44087,-0.30526,0.14259,0.16301
-0.55606,-0.016406,0.44471,-0.30857,0.13579,0.16458
-0.55868,-0.022864,0.44907,-0.31241,0.12374,0.16965
-0.55973,-0.027402,0.45239,-0.31468,0.11903,0.17261
-0.55955,-0.030892,0.45483,-0.31782,0.11572,0.17541
-0.56112,-0.032289,0.4571,-0.32446,0.1124,0.17977
-0.56147,-0.033859,0.45972,-0.32725,0.111,0.18186
-0.56252,-0.03543,0.46304,-0.32882,0.10961,0.18413
-0.56461,-0.035605,0.46688,-0.33423,0.111,0.1878
-0.56636,-0.035081,0.47037,-0.33685,0.11397,0.18972
-0.56985,-0.032987,0.47298,-0.34208,0.1227,0.19234
-0.5702,-0.028798,0.47438,-0.34383,0.12811,0.1946
-0.57386,-0.024784,0.47578,-0.34732,0.13404,0.19583
-0.57474,-0.02042,0.47647,-0.35203,0.14451,0.19862
-0.57735,-0.016232,0.47805,-0.35378,0.1494,0.20054
-0.57858,-0.012043,0.48066,-0.3557,0.15394,0.20211
-0.57997,-0.0076794,0.48381,-0.35727,0.16389,0.20595
-0.5805,-0.0022689,0.48677,-0.3564,0.16947,0.20857
-0.58137,0.0024435,0.49009,-0.3557,0.18169,0.21084
-0.58189,0.008203,0.49445,-0.35413,0.1885,0.21223
-0.58172,0.014486,0.49829,-0.3536,0.1953,0.21328
-0.58189,0.021118,0.50091,-0.35587,0.207,0.21607
-0.58277,0.027751,0.50178,-0.35814,0.21223,0.21764
-0.58521,0.035081,0.50231,-0.3625,0.21782,0.21834
-0.58608,0.041364,0.50388,-0.36512,0.23038,0.21939
-0.58661,0.047822,0.50597,-0.36373,0.23667,0.21991
-0.58661,0.053931,0.50824,-0.36303,0.24295,0.21991
-0.58748,0.060563,0.51103,-0.3639,0.25587,0.21869
-0.58748,0.066672,0.51225,-0.36268,0.26267,0.22009
-0.58818,0.074351,0.51348,-0.36198,0.27786,0.21852
-0.5873,0.08203,0.51452,-0.36163,0.28588,0.21834
-0.58783,0.090234,0.51505,-0.3625,0.29426,0.21782
-0.58573,0.099135,0.51557,-0.36006,0.31154,0.21921
-0.58608,0.10769,0.51697,-0.35954,0.32027,0.21921
-0.58521,0.11729,0.51889,-0.35901,0.32865,0.21991
-0.58416,0.12601,0.52028,-0.35744,0.344,0.2227
-0.58259,0.13456,0.52273,-0.35605,0.35151,0.22375
-0.58137,0.14329,0.52587,-0.35151,0.36547,0.22689
-0.5798,0.15237,0.52831,-0.35029,0.37228,0.22951
-0.5784,0.16074,0.52988,-0.35081,0.37769,0.23073
-0.57683,0.1686,0.5325,-0.35029,0.38973,0.2323
-0.57526,0.17715,0.53459,-0.34697,0.39479,0.23457
-0.57317,0.18535,0.53599,-0.34575,0.40003,0.23614
-0.5716,0.19268,0.53843,-0.34697,0.41068,0.23789
-0.57107,0.20001,0.54088,-0.34767,0.41644,0.23824
-0.5688,0.20839,0.54315,-0.3461,0.429,0.23963
-0.5695,0.21642,0.54507,-0.3454,0.43668,0.24016
-0.56758,0.2255,0.54699,-0.34505,0.44454,0.23946
-0.56618,0.23527,0.54803,-0.34226,0.46129,0.23981
-0.56357,0.24574,0.54786,-0.34086,0.46967,0.23946
-0.56235,0.25569,0.54768,-0.34069,0.47805,0.23928
-0.56043,0.26581,0.54803,-0.34016,0.49393,0.23632
-0.55746,0.27559,0.54786,-0.33859,0.50073,0.23527
-0.55379,0.28449,0.54803,-0.3379,0.51208,0.23335
-0.55257,0.29252,0.54908,-0.34016,0.51679,0.23178
-0.5503,0.30002,0.55013,-0.33964,0.52203,0.23126
-0.54734,0.30857,0.5517,-0.33859,0.53372,0.23126
-0.54751,0.31643,0.55344,-0.34034,0.53983,0.23091
-0.5435,0.32603,0.55484,-0.33982,0.54681,0.23056
-0.54192,0.33615,0.55589,-0.33702,0.5613,0.23021
-0.53861,0.34558,0.55693,-0.33632,0.56863,0.23091
-0.53913,0.35483,0.55763,-0.34226,0.58102,0.22899
-0.53547,0.36495,0.55868,-0.34226,0.588,0.22829
-0.53599,0.37367,0.55885,-0.3461,0.59463,0.22881
-0.54297,0.38153,0.55781,-0.37228,0.60249,0.23038
-0.55292,0.38816,0.55501,-0.38519,0.60633,0.23126
-0.56584,0.3927,0.55187,-0.39619,0.61139,0.23405
-0.5681,0.39985,0.54908,-0.40684,0.61977,0.23422
-0.56723,0.40527,0.54768,-0.40195,0.6264,0.23457
-0.56409,0.41347,0.54943,-0.39811,0.64193,0.22811
-0.55851,0.42272,0.55117,-0.39671,0.65136,0.22497
-0.56217,0.43162,0.54995,-0.39724,0.66235,0.22201
-0.56828,0.44157,0.54542,-0.40073,0.6812,0.21782
-0.57125,0.4489,0.53913,-0.39724,0.69132,0.2166
-0.56898,0.4571,0.53198,-0.39357,0.7011,0.21433
-0.56793,0.46565,0.52342,-0.39218,0.72257,0.21276
-0.55885,0.47595,0.51435,-0.38799,0.73601,0.21276
-0.54908,0.48834,0.50597,-0.3728,0.76585,0.21415
-0.53791,0.50265,0.49916,-0.36617,0.78156,0.2145
-0.51958,0.51906,0.49532,-0.35971,0.80023,0.2152
-0.50911,0.53529,0.49166,-0.35186,0.83706,0.22148
-0.49602,0.55449,0.48573,-0.34051,0.85608,0.22777
-0.47543,0.57107,0.47159,-0.32917,0.87511,0.23248
-0.45187,0.58259,0.44419,-0.31294,0.91281,0.24435
-0.41748,0.58626,0.39898,-0.31102,0.93078,0.25098
-0.36984,0.57491,0.34156,-0.29915,0.96796,0.26197
-0.29548,0.54297,0.27838,-0.29444,0.98594,0.26285
-0.21066,0.48817,0.22044,-0.28938,1.0039,0.2632
-0.14294,0.41626,0.17261,-0.28484,1.0372,0.25883
-0.10315,0.34051,0.13771,-0.28693,1.0517,0.25569
-0.084998,0.27437,0.11554,-0.27803,1.0676,0.25272
-0.08203,0.21694,0.10804,-0.27733,1.0894,0.24749
-0.091979,0.17541,0.10559,-0.27349,1.0978,0.24958
-0.096517,0.14207,0.10716,-0.26686,1.1062,0.2508
-0.1021,0.11572,0.11118,-0.25028,1.1182,0.25796
-0.10559,0.098437,0.11659,-0.2426,1.1252,0.26215
-0.11956,0.085521,0.12095,-0.23213,1.1364,0.26878
-0.13491,0.079063,0.1213,-0.22218,1.1437,0.27018
-0.15149,0.074875,0.11537,-0.20944,1.1512,0.2714
-0.17069,0.071558,0.10629,-0.18047,1.1685,0.27419
-0.18972,0.068941,0.095295,-0.16546,1.1771,0.27716
-0.20577,0.064577,0.084125,-0.15254,1.1847,0.2796
-0.22358,0.061785,0.07278,-0.12671,1.1994,0.28623
-0.23824,0.059167,0.060214,-0.1138,1.2067,0.2892
-0.25429,0.057247,0.046426,-0.086743,1.2198,0.29444
-0.26896,0.056374,0.032289,-0.074351,1.2259,0.29671
-0.28536,0.057247,0.016581,-0.060563,1.232,0.29967
-0.29915,0.057945,0.00017453,-0.035081,1.2418,0.30648
-0.31364,0.059167,-0.017802,-0.020071,1.2469,0.3091
-0.3276,0.05969,-0.037874,-0.005236,1.2521,0.31119
-0.34243,0.05969,-0.058643,0.016581,1.2608,0.31538
-0.35657,0.059341,-0.077493,0.026005,1.2657,0.31765
-0.36896,0.058643,-0.095295,0.040666,1.2737,0.32236
-0.38031,0.056549,-0.1117,0.045902,1.2765,0.32393
-0.39095,0.053233,-0.12566,0.051313,1.279,0.32481
-0.40055,0.049218,-0.13893,0.055676,1.2811,0.3262
-0.40876,0.045204,-0.15132,0.057247,1.2821,0.32638
-0.41696,0.040317,-0.16214,0.057945,1.2826,0.3276
-0.42534,0.035954,-0.17209,0.058469,1.2849,0.32882
-0.43302,0.031067,-0.18134,0.058294,1.2868,0.32952
-0.44157,0.026878,-0.19059,0.058119,1.2888,0.33057
-0.44942,0.022515,-0.20036,0.05969,1.2912,0.33283
-0.45763,0.019548,-0.21171,0.062134,1.2921,0.33458
-0.4653,0.016581,-0.2227,0.066323,1.2959,0.33842
-0.47281,0.013614,-0.23387,0.070162,1.298,0.33999
-0.47979,0.011345,-0.24609,0.073304,1.2994,0.34191
-0.48747,0.0089012,-0.25866,0.080634,1.3034,0.34645
-0.49428,0.0061087,-0.26983,0.084125,1.3046,0.34854
-0.49986,0.0024435,-0.28065,0.086568,1.3059,0.35081
-0.50423,-0.0024435,-0.28938,0.089535,1.3064,0.35343
-0.50632,-0.0083776,-0.29758,0.086917,1.3053,0.35308
-0.50911,-0.01501,-0.30473,0.08238,1.3038,0.35378
-0.51173,-0.021293,-0.31049,0.079412,1.3027,0.35483
-0.51487,-0.027227,-0.31538,0.076969,1.3018,0.35552
-0.51766,-0.032812,-0.32149,0.074176,1.3001,0.35797
-0.52168,-0.038048,-0.32882,0.074176,1.2996,0.35901
-0.52639,-0.042935,-0.33598,0.075224,1.2999,0.36059
-0.53145,-0.047997,-0.34383,0.077667,1.3025,0.36303
-0.53494,-0.053058,-0.35168,0.079936,1.3031,0.36442
-0.53931,-0.057945,-0.35884,0.08046,1.3041,0.36861
-0.54367,-0.062657,-0.36512,0.08046,1.3046,0.37141
-0.54751,-0.06737,-0.37088,0.080634,1.305,0.37333
-0.55083,-0.071558,-0.37734,0.082205,1.3038,0.37821
-0.55432,-0.076445,-0.38362,0.080983,1.3029,0.38083
-0.55746,-0.081507,-0.38956,0.081158,1.3022,0.38223
-0.56008,-0.086045,-0.39584,0.079762,1.2999,0.38467
-0.562,-0.091106,-0.40143,0.078191,1.2989,0.38676
-0.56479,-0.096168,-0.40527,0.072082,1.2957,0.39008
-0.56653,-0.10123,-0.40858,0.068417,1.2936,0.39078
-0.56723,-0.10629,-0.41172,0.065973,1.2915,0.39183
-0.56845,-0.11083,-0.41469,0.059341,1.2868,0.39322
-0.56968,-0.11537,-0.41748,0.057421,1.2853,0.39462
-0.57299,-0.11903,-0.42115,0.056025,1.2839,0.39584
-0.57526,-0.12252,-0.42569,0.055327,1.2825,0.39933
-0.57858,-0.12566,-0.43005,0.054629,1.2818,0.40143
-0.58067,-0.12933,-0.43441,0.051662,1.2792,0.40509
-0.58329,-0.13212,-0.4386,0.049916,1.2774,0.40701
-0.58486,-0.13509,-0.44192,0.048695,1.2755,0.40928
-0.58626,-0.1384,-0.44471,0.040143,1.2711,0.41312
-0.58783,-0.14207,-0.44663,0.03543,1.2683,0.41417
-0.58818,-0.14643,-0.44872,0.031241,1.2654,0.41469
-0.588,-0.15062,-0.45134,0.022166,1.2589,0.41399
-0.58853,-0.15446,-0.45344,0.017802,1.2561,0.41382
-0.5887,-0.15882,-0.45536,0.0094248,1.2519,0.41364
-0.5894,-0.16336,-0.45675,0.005236,1.25,0.41294
-0.58853,-0.16877,-0.45675,-0.0010472,1.2476,0.41277
-0.58678,-0.17418,-0.45448,-0.017802,1.2411,0.41033
-0.58364,-0.17959,-0.44907,-0.028798,1.2359,0.40823
-0.57927,-0.18553,-0.44157,-0.040492,1.2305,0.40509
-0.57491,-0.19164,-0.43214,-0.06545,1.2205,0.39898
-0.57194,-0.19809,-0.4201,-0.079936,1.216,0.39584
-0.56863,-0.20351,-0.40911,-0.10612,1.2074,0.38799
-0.56496,-0.20909,-0.39706,-0.11833,1.2029,0.38415
-0.5613,-0.2145,-0.3824,-0.13142,1.1987,0.37996
-0.55676,-0.21956,-0.36617,-0.15848,1.1903,0.37455
-0.55414,-0.22288,-0.35133,-0.1679,1.1879,0.3721
-0.55135,-0.2255,-0.33615,-0.17959,1.184,0.36914
-0.54995,-0.22794,-0.32149,-0.19792,1.1805,0.3646
-0.54803,-0.22969,-0.30683,-0.20525,1.1793,0.36355
-0.54629,-0.23108,-0.29199,-0.22166,1.179,0.36041
-0.54402,-0.2323,-0.27663,-0.22986,1.1776,0.35657
-0.5414,-0.23353,-0.26162,-0.23562,1.176,0.35413
-0.54018,-0.23265,-0.24871,-0.244,1.1755,0.35011
-0.54,-0.23213,-0.23632,-0.24627,1.1776,0.34941
-0.5414,-0.23073,-0.22427,-0.24993,1.18,0.34907
-0.54245,-0.22934,-0.21363,-0.25307,1.1854,0.34854
-0.54297,-0.22811,-0.20316,-0.25412,1.1886,0.34872
-0.54227,-0.22672,-0.19234,-0.25953,1.1919,0.3475
-0.5421,-0.2255,-0.18029,-0.26215,1.1938,0.34715
-0.54158,-0.22445,-0.16685,-0.26616,1.1949,0.34732
-0.54035,-0.22288,-0.15394,-0.27105,1.1976,0.34715
-0.54018,-0.21956,-0.14224,-0.27245,1.1978,0.34784
-0.54123,-0.21607,-0.13125,-0.2721,1.1992,0.34872
-0.54053,-0.21223,-0.11956,-0.27471,1.2031,0.35308
-0.54123,-0.20857,-0.10647,-0.27786,1.206,0.35552
-0.54123,-0.2063,-0.091281,-0.28362,1.2085,0.35814
-0.5414,-0.2042,-0.074875,-0.29269,1.2128,0.36146
-0.54158,-0.20176,-0.05969,-0.29217,1.2151,0.36198
-0.53861,-0.19932,-0.044157,-0.29112,1.2184,0.36617
-0.53826,-0.19687,-0.029147,-0.29356,1.2193,0.36879
-0.53721,-0.19478,-0.015184,-0.29496,1.2223,0.37088
-0.53878,-0.19181,-0.0015708,-0.2981,1.2285,0.37367
-0.53983,-0.18797,0.01117,-0.29775,1.2322,0.3742
-0.53948,-0.18343,0.02234,-0.29723,1.235,0.37542
-0.53931,-0.17907,0.033685,-0.29531,1.2394,0.37769
-0.53774,-0.17541,0.045902,-0.29496,1.2415,0.37926
-0.53721,-0.17087,0.058643,-0.29932,1.2449,0.3831
-0.53669,-0.16598,0.072082,-0.29915,1.2469,0.38485
-0.53582,-0.16127,0.085347,-0.29828,1.249,0.38676
-0.53459,-0.15691,0.098088,-0.29967,1.2516,0.39113
-0.5332,-0.15376,0.11205,-0.30316,1.2535,0.39252
-0.53355,-0.14992,0.12549,-0.30386,1.2561,0.3941
-0.53337,-0.14434,0.13806,-0.30194,1.2603,0.39567
-0.53285,-0.13928,0.1501,-0.30124,1.2626,0.39567
-0.53145,-0.13491,0.16092,-0.29758,1.265,0.39619
-0.53163,-0.12933,0.16825,-0.28746,1.2687,0.39514
-0.53006,-0.12374,0.17453,-0.281,1.2708,0.39462
-0.52953,-0.11816,0.17942,-0.26721,1.275,0.39427
-0.52849,-0.11222,0.18361,-0.25901,1.2779,0.39549
-0.52814,-0.10664,0.18902,-0.25447,1.2804,0.39619
-0.52691,-0.1014,0.1946,-0.24766,1.2839,0.39968
-0.52691,-0.09512,0.20036,-0.24155,1.2853,0.40143
-0.52604,-0.08779,0.20525,-0.23318,1.2865,0.4023
-0.52552,-0.07854,0.20892,-0.21712,1.2881,0.40492
-0.52395,-0.07086,0.21223,-0.20996,1.2889,0.40596
-0.5222,-0.063355,0.2152,-0.1953,1.2917,0.40788
-0.5222,-0.056025,0.21782,-0.18937,1.2929,0.40893
-0.52412,-0.045204,0.22078,-0.18326,1.2954,0.40911
-0.53617,-0.023038,0.22445,-0.17122,1.3032,0.40457
-0.56426,0.011868,0.22899,-0.16685,1.3076,0.4009
-0.61436,0.064577,0.23806,-0.15848,1.3127,0.39235
-0.66008,0.12165,0.25499,-0.15359,1.3228,0.37717
-0.71244,0.19007,0.27751,-0.13998,1.3285,0.36896
-0.75328,0.2508,0.3084,-0.14364,1.3338,0.3454
-0.80931,0.31974,0.34208,-0.15481,1.3312,0.33266
-0.85504,0.38834,0.38537,-0.14975,1.3306,0.31625
-0.8772,0.44,0.42778,-0.15359,1.3216,0.2974
-0.91909,0.48939,0.46321,-0.15865,1.3137,0.2878
-0.95312,0.53407,0.50039,-0.16249,1.3078,0.27821
-0.96848,0.57299,0.53512,-0.16825,1.2943,0.26128
-0.96482,0.60319,0.56112,-0.16685,1.2884,0.25796
-0.96115,0.62727,0.58085,-0.1782,1.2713,0.24749
-0.95836,0.64909,0.60109,-0.18972,1.2617,0.2419
-0.95173,0.66864,0.61802,-0.20228,1.2528,0.23475
-0.94318,0.68661,0.63163,-0.2131,1.2397,0.22305
-0.91351,0.70319,0.64315,-0.20769,1.2374,0.22148
-0.8608,0.72117,0.64822,-0.19635,1.2411,0.22166
-0.8512,0.73915,0.6463,-0.20228,1.2526,0.22794
-0.84352,0.76358,0.64577,-0.21258,1.2586,0.23178
-0.83741,0.78819,0.64769,-0.22218,1.2711,0.23928
-0.83514,0.81158,0.64874,-0.22532,1.2723,0.24644
-0.82484,0.83165,0.65188,-0.22829,1.2725,0.25482
-0.81856,0.84858,0.65659,-0.21677,1.2727,0.27297
-0.80355,0.86307,0.66131,-0.20892,1.2711,0.28449
-0.78435,0.87598,0.66584,-0.19775,1.269,0.29374
-0.76445,0.88785,0.66968,-0.17104,1.2675,0.31486
-0.74403,0.89902,0.67282,-0.16022,1.2669,0.32411
-0.72117,0.91036,0.67632,-0.13003,1.2664,0.34418
-0.69604,0.92206,0.67963,-0.11467,1.2661,0.35483
-0.67335,0.9334,0.6826,-0.10053,1.2669,0.36495
-0.65136,0.94492,0.68487,-0.076096,1.2687,0.38676
-0.63163,0.95609,0.68783,-0.061087,1.2678,0.39985
-0.60877,0.96656,0.68958,-0.051138,1.2709,0.4119
-0.59132,0.97878,0.6922,-0.034208,1.2708,0.43179
-0.57613,0.991,0.69499,-0.023562,1.2716,0.44279
-0.56043,1.003,0.69848,-0.012217,1.2743,0.46024
-0.5421,1.0167,0.70092,-0.0036652,1.276,0.46845
-0.52604,1.0289,0.70354,0.0068068,1.276,0.47962
-0.50702,1.0399,0.70564,0.020246,1.2737,0.49777
-0.49131,1.0519,0.70843,0.031765,1.2743,0.50545
-0.47421,1.0629,0.7114,0.038572,1.273,0.51278
-0.4564,1.0748,0.71419,0.049393,1.2668,0.52674
-0.43686,1.0859,0.71646,0.062483,1.2655,0.53547
-0.41853,1.0973,0.7189,0.079762,1.2612,0.55187
-0.40195,1.1074,0.72239,0.088139,1.2579,0.55868
-0.38676,1.1174,0.72571,0.093375,1.2535,0.56653
-0.36949,1.1266,0.72798,0.10629,1.2422,0.58294
-0.3536,1.1346,0.73112,0.11851,1.2392,0.59062
-0.33894,1.1437,0.73409,0.12706,1.2369,0.5983
-0.32428,1.1524,0.7374,0.1405,1.2312,0.61174
-0.30997,1.1605,0.74054,0.14242,1.2254,0.61907
-0.29234,1.1675,0.74264,0.15429,1.2165,0.63635
-0.27978,1.1711,0.74473,0.15952,1.2121,0.64682
-0.27454,1.1636,0.74508,0.1501,1.2067,0.65799
-0.27995,1.1537,0.74526,0.14521,1.1811,0.68452
-0.26896,1.1467,0.7477,0.15516,1.1695,0.69499
-0.2625,1.1413,0.75032,0.16232,1.1573,0.70441
-0.25464,1.1399,0.75346,0.17785,1.1369,0.71698
-0.24295,1.1413,0.75625,0.19059,1.1298,0.71977
-0.22811,1.1462,0.75643,0.21729,1.1181,0.72518
-0.20874,1.1517,0.75608,0.23143,1.1128,0.72763
-0.18919,1.1554,0.7566,0.24539,1.1102,0.73077
-0.17331,1.1579,0.75869,0.2611,1.1027,0.73897
-0.16005,1.1606,0.76358,0.26861,1.1003,0.74368
-0.15272,1.1647,0.76794,0.27646,1.0964,0.7484
-0.13998,1.1668,0.77178,0.29252,1.0898,0.75922
-0.13003,1.1676,0.77475,0.29758,1.0858,0.76498
-0.11921,1.1673,0.77754,0.30735,1.0736,0.78086
-0.10681,1.1661,0.78295,0.31643,1.0687,0.78906
-0.096342,1.1664,0.78976,0.32638,1.0631,0.79604
-0.08779,1.1662,0.79639,0.34558,1.0531,0.80756
-0.077144,1.1659,0.80076,0.3564,1.0467,0.8121
-0.062134,1.1655,0.8025,0.366,1.0411,0.81716
-0.049393,1.1645,0.80355,0.3838,1.028,0.82345
-0.033685,1.1626,0.80564,0.39218,1.0217,0.82624
-0.020071,1.1599,0.80983,0.40684,1.0111,0.83217
-0.011519,1.1585,0.8142,0.41486,1.0081,0.83566
0.0066323,1.1561,0.81978,0.42028,1.0036,0.83985
0.017628,1.1538,0.82589,0.43651,0.99431,0.85102
0.034034,1.1502,0.83479,0.44576,0.991,0.85556
0.047997,1.1481,0.84474,0.45239,0.98803,0.85957
0.052534,1.1465,0.85504,0.466,0.9793,0.86638
0.066323,1.1451,0.86167,0.47281,0.97704,0.87109
0.08203,1.1444,0.86394,0.48503,0.97302,0.87842
0.093201,1.1437,0.86568,0.48887,0.97058,0.88191
0.10088,1.1399,0.86865,0.4948,0.96621,0.88523
0.1103,1.1373,0.87179,0.50318,0.96011,0.88942
0.11606,1.1366,0.87563,0.50702,0.95836,0.89029
0.12793,1.135,0.88,0.51086,0.95452,0.88977
0.13928,1.1332,0.88209,0.51557,0.95051,0.88733
0.14678,1.1304,0.88296,0.52081,0.94841,0.88663
0.1604,1.1278,0.88296,0.52604,0.94684,0.88523
0.16877,1.1264,0.88244,0.52761,0.94457,0.88314
0.18134,1.1268,0.88209,0.52814,0.94492,0.88174
0.19391,1.128,0.88157,0.52622,0.94702,0.87197
0.19775,1.1289,0.87895,0.5243,0.94649,0.86778
0.20961,1.127,0.87546,0.52098,0.94632,0.86202
0.21817,1.1291,0.86952,0.51644,0.94649,0.85015
0.22777,1.131,0.86481,0.51278,0.94876,0.84387
0.23527,1.1311,0.86149,0.51068,0.94946,0.83357
0.24138,1.1299,0.85573,0.51173,0.95347,0.83252
0.24941,1.1324,0.85207,0.50911,0.95365,0.82502
0.25168,1.139,0.84614,0.49742,0.96464,0.80721
0.26162,1.1467,0.83741,0.48782,0.9732,0.7957
0.26983,1.1563,0.82729,0.47962,0.98088,0.78453
0.26965,1.164,0.81786,0.46443,0.99484,0.76201
0.26756,1.1781,0.8032,0.45658,1.0044,0.75189
0.27698,1.187,0.79046,0.44087,1.0233,0.73129
0.27681,1.1976,0.7772,0.43127,1.0339,0.72187
0.27122,1.2031,0.7676,0.42185,1.0423,0.71227
0.26756,1.212,0.75939,0.40369,1.0624,0.69185
0.26023,1.2266,0.75102,0.39427,1.073,0.68068
0.25045,1.2409,0.74403,0.38746,1.0863,0.66933
0.24417,1.2566,0.73653,0.37176,1.1135,0.64787
0.23963,1.2713,0.73042,0.36652,1.1271,0.63792
0.23422,1.286,0.72641,0.34558,1.1608,0.61418
0.2241,1.3032,0.72117,0.33318,1.1758,0.60179
0.2159,1.3175,0.71419,0.32009,1.1912,0.59533
0.207,1.3291,0.70651,0.30334,1.2151,0.58469
0.19897,1.3364,0.7004,0.29356,1.2249,0.58085
0.18989,1.3448,0.69726,0.28327,1.2317,0.57544
0.17942,1.3519,0.69569,0.26896,1.2455,0.56776
0.17296,1.3603,0.69324,0.26232,1.253,0.56357
0.16633,1.368,0.69167,0.24958,1.2673,0.55187
0.1604,1.3767,0.6901,0.2419,1.2781,0.54559
0.15115,1.3856,0.68801,0.23667,1.2853,0.53966
0.148,1.3945,0.68469,0.22899,1.3059,0.52901
0.14626,1.402,0.68207,0.22166,1.3151,0.52185
0.14015,1.4097,0.67963,0.21468,1.3247,0.51609
0.13648,1.4174,0.67823,0.21014,1.347,0.50492
0.13107,1.4245,0.67684,0.20647,1.3591,0.49882
0.12479,1.4312,0.6737,0.19024,1.3778,0.48415
0.12322,1.4375,0.67073,0.18675,1.3868,0.47787
0.11851,1.4423,0.66602,0.18099,1.3978,0.47211
-0.0036652,1.4179,0.58783,0.0031416,1.5146,0.30404
-0.0017453,1.4142,0.58242,0.0022689,1.5125,0.29566
-0.0064577,1.4083,0.57718,-0.0076794,1.5073,0.2789
-0.010647,1.4013,0.57142,-0.018326,1.5029,0.26983
-0.0185,1.3945,0.56549,-0.024958,1.4992,0.26197
-0.024086,1.3875,0.55938,-0.035081,1.4928,0.24871
-0.032114,1.3795,0.55414,-0.038746,1.4893,0.24365
-0.03927,1.3718,0.54926,-0.045379,1.4851,0.23719
-0.04852,1.3643,0.54507,-0.058469,1.4774,0.22323
-0.056549,1.3572,0.5407,-0.064577,1.4727,0.21747
-0.059516,1.3498,0.53634,-0.076096,1.4612,0.20368
-0.066323,1.3425,0.53215,-0.078365,1.4551,0.1967
-0.07086,1.3347,0.52779,-0.081507,1.4479,0.18989
-0.076445,1.3258,0.52308,-0.091455,1.434,0.17593
-0.083252,1.3165,0.51819,-0.097389,1.4273,0.16895
-0.092677,1.3071,0.5126,-0.1021,1.4216,0.16354
-0.10071,1.2987,0.50754,-0.11572,1.4092,0.15237
-0.10891,1.2905,0.50318,-0.12357,1.4031,0.14469
-0.11746,1.2828,0.50004,-0.13125,1.3921,0.1323
-0.12287,1.2758,0.49742,-0.13683,1.3846,0.12723
-0.12898,1.2678,0.49428,-0.14155,1.3779,0.12357
-0.13718,1.26,0.49183,-0.15394,1.3615,0.1199
-0.14451,1.2519,0.49009,-0.16005,1.3533,0.11921
-0.15219,1.2441,0.49096,-0.16406,1.3458,0.11938
-0.15848,1.2369,0.49358,-0.16668,1.331,0.12165
-0.16336,1.2291,0.49672,-0.16808,1.3228,0.12427
-0.16842,1.2212,0.50021,-0.16301,1.3083,0.13212
-0.17226,1.2137,0.50388,-0.1583,1.3034,0.13788
-0.17558,1.2083,0.50789,-0.15533,1.2996,0.14224
-0.17872,1.2048,0.51208,-0.14992,1.2968,0.15464
-0.18082,1.2034,0.51609,-0.14643,1.297,0.16249
-0.18169,1.2031,0.51941,-0.14015,1.2992,0.17017
-0.18012,1.2041,0.52185,-0.12549,1.3062,0.18954
-0.18012,1.206,0.52465,-0.11798,1.3109,0.20124
-0.17959,1.209,0.52849,-0.1035,1.3221,0.22288
-0.17593,1.2141,0.53302,-0.088837,1.3299,0.23702
-0.17139,1.2195,0.53651,-0.073478,1.3388,0.2508
-0.1686,1.2257,0.54053,-0.047647,1.357,0.27821
-0.16493,1.2332,0.54594,-0.032812,1.368,0.29304
-0.16266,1.2411,0.551,-0.016581,1.3785,0.30613
-0.1604,1.2477,0.55397,0.024958,1.4012,0.33371
-0.16179,1.2544,0.55536,0.041364,1.4111,0.34662
-0.16389,1.2607,0.55711,0.063181,1.4275,0.36495
-0.16616,1.2648,0.5599,0.073653,1.4345,0.37333
-0.16842,1.2676,0.56235,0.081856,1.4388,0.38205
-0.17052,1.2662,0.56496,0.088663,1.4411,0.39619
-0.17767,1.26,0.56671,0.08587,1.4399,0.403
-0.18396,1.2531,0.56776,0.081332,1.4357,0.40876
-0.18937,1.2442,0.56863,0.084125,1.4256,0.42028
-0.19338,1.2336,0.56863,0.086917,1.4191,0.42656
-0.19862,1.223,0.56898,0.085696,1.4032,0.43703
-0.20351,1.2118,0.56933,0.085172,1.3952,0.44104
-0.20735,1.1987,0.5702,0.086219,1.3865,0.44611
-0.21101,1.1856,0.57125,0.085521,1.3669,0.45396
-0.21677,1.1722,0.57229,0.083601,1.3563,0.45832
-0.22131,1.1582,0.57317,0.081332,1.3451,0.46269
-0.22462,1.1439,0.57456,0.082729,1.3247,0.47054
-0.22794,1.1303,0.57526,0.085696,1.3144,0.47421
-0.23161,1.1158,0.57648,0.083078,1.2975,0.48014
-0.23579,1.1022,0.57753,0.079238,1.2882,0.48171
-0.24033,1.0887,0.5777,0.075922,1.2804,0.48398
-0.24487,1.0751,0.57718,0.069813,1.2627,0.49026
-0.24801,1.061,0.57701,0.066323,1.254,0.49306
-0.25045,1.0477,0.57788,0.064228,1.2442,0.49602
-0.25639,1.0334,0.57858,0.060214,1.2254,0.50353
-0.26197,1.0189,0.5791,0.055676,1.2147,0.50737
-0.26546,1.0051,0.57997,0.053233,1.195,0.51487
-0.26808,0.99117,0.58119,0.055327,1.1846,0.51976
-0.27035,0.97634,0.58224,0.052185,1.1737,0.52377
-0.27297,0.96203,0.58364,0.049044,1.153,0.5318
-0.27122,0.94824,0.58591,0.051313,1.1428,0.53617
-0.27419,0.9334,0.58818,0.051662,1.1334,0.54105
-0.27524,0.91909,0.59114,0.047298,1.1114,0.54943
-0.27594,0.90426,0.59481,0.046251,1.1001,0.55275
-0.27821,0.8882,0.5983,0.046077,1.0748,0.5599
-0.28187,0.87057,0.60144,0.042412,1.0608,0.56182
-0.28519,0.85364,0.60388,0.038048,1.0451,0.56461
-0.28658,0.83549,0.60633,0.026704,1.0125,0.56688
-0.28676,0.81664,0.60999,0.026704,0.99972,0.56706
-0.29147,0.79954,0.61401,0.028798,0.98751,0.56671
-0.28972,0.78348,0.61802,0.031067,0.96656,0.56549
-0.28815,0.76917,0.62116,0.029147,0.95679,0.56479
-0.28588,0.75538,0.62326,0.025482,0.93969,0.56496
-0.28379,0.74124,0.625,0.022689,0.93131,0.56426
-0.28222,0.72798,0.62657,0.019722,0.92258,0.56426
-0.2803,0.71454,0.62814,0.016406,0.90426,0.56426
-0.28013,0.69953,0.62989,0.012043,0.89396,0.56479
-0.2796,0.68417,0.63181,0.0083776,0.88401,0.56531
-0.28205,0.66829,0.63443,-0.00017453,0.86149,0.56618
-0.28484,0.65293,0.6367,-0.0033161,0.84963,0.56688
-0.29252,0.63705,0.63617,-0.015533,0.82222,0.57002
-0.29636,0.62012,0.63495,-0.021817,0.80879,0.57107
-0.30212,0.60319,0.6353,-0.026704,0.79692,0.57264
-0.30264,0.5873,0.63617,-0.032638,0.77772,0.57578
-0.30753,0.57369,0.63739,-0.038048,0.76934,0.57858
-0.3098,0.5606,0.63792,-0.045204,0.76184,0.58137
-0.31119,0.54821,0.63844,-0.053931,0.74665,0.58713
-0.3091,0.53599,0.63966,-0.054978,0.73932,0.58957
-0.30892,0.52238,0.64176,-0.058294,0.72257,0.59289
-0.30927,0.50841,0.64315,-0.062308,0.71175,0.59428
-0.3091,0.49323,0.64403,-0.064752,0.69988,0.59655
-0.3098,0.477,0.64542,-0.071209,0.67492,0.59882
-0.31189,0.46059,0.64699,-0.073478,0.66253,0.59935
-0.31311,0.44419,0.64874,-0.082205,0.63827,0.60022
-0.31678,0.42848,0.65014,-0.08779,0.6271,0.60057
-0.32219,0.41382,0.65048,-0.092852,0.6154,0.60144
-0.32428,0.39951,0.65031,-0.10245,0.59481,0.60301
-0.3262,0.38554,0.65066,-0.10507,0.58661,0.60336
-0.32917,0.3728,0.65206,-0.10838,0.57858,0.60336
-0.33266,0.36111,0.65171,-0.1138,0.562,0.60545
-0.33406,0.34924,0.65118,-0.11956,0.55309,0.60615
-0.3365,0.33685,0.65118,-0.12444,0.53547,0.60877
-0.34016,0.32428,0.65153,-0.12776,0.52622,0.60982
-0.34104,0.31172,0.6524,-0.13125,0.51732,0.61069
-0.3468,0.29932,0.65328,-0.13806,0.49882,0.61313
-0.34854,0.28676,0.65432,-0.14294,0.48922,0.61488
-0.35116,0.27384,0.65572,-0.14853,0.47874,0.6154
-0.35762,0.25988,0.65659,-0.15551,0.45815,0.61697
-0.35727,0.24679,0.65729,-0.15848,0.44803,0.61854
-0.36163,0.2337,0.65677,-0.16633,0.42673,0.61959
-0.36128,0.22096,0.65642,-0.16825,0.41574,0.62046
-0.3639,0.20735,0.65607,-0.17191,0.40492,0.62012
-0.3639,0.19478,0.65642,-0.17575,0.38485,0.61942
-0.3653,0.18204,0.65642,-0.1789,0.37385,0.61872
-0.36704,0.16912,0.65589,-0.18291,0.36216,0.61802
-0.36966,0.15516,0.6552,-0.1864,0.33737,0.6161
-0.37001,0.14067,0.6552,-0.18745,0.32201,0.61488
-0.37263,0.12392,0.6545,-0.19076,0.28519,0.61226
-0.3742,0.10524,0.65328,-0.19164,0.26477,0.61121
-0.37228,0.086568,0.65275,-0.19007,0.24679,0.60895
-0.37141,0.068766,0.65258,-0.18396,0.21014,0.60598
-0.37018,0.051662,0.65101,-0.18954,0.19286,0.60284
-0.37053,0.037001,0.65171,-0.19513,0.17925,0.599
-0.3742,0.023213,0.65328,-0.20159,0.15638,0.59202
-0.37874,0.012217,0.65397,-0.20752,0.14608,0.58992
-0.38345,0.0033161,0.65345,-0.21502,0.13753,0.58835
-0.38764,-0.0038397,0.6538,-0.22585,0.12584,0.58521
-0.39235,-0.010647,0.65467,-0.23091,0.12043,0.58469
-0.39444,-0.015708,0.6552,-0.24033,0.11153,0.58364
-0.39985,-0.020595,0.65607,-0.24487,0.10804,0.58242
-0.40265,-0.025133,0.65747,-0.24853,0.10664,0.58119
-0.40771,-0.0281,0.65956,-0.2536,0.10891,0.57596
-0.41329,-0.029845,0.66253,-0.2597,0.11222,0.57055
-0.41696,-0.028972,0.66567,-0.26285,0.11519,0.56584
-0.4201,-0.027576,0.66706,-0.27035,0.12025,0.55885
-0.42202,-0.026005,0.66794,-0.27524,0.12147,0.55484
-0.42481,-0.025656,0.67003,-0.28135,0.12462,0.54681
-0.42656,-0.023736,0.67352,-0.28239,0.12689,0.54419
-0.42551,-0.021118,0.67579,-0.28397,0.12915,0.54315
-0.42603,-0.017628,0.67771,-0.28868,0.13369,0.54192
-0.42691,-0.01309,0.68015,-0.28972,0.13823,0.54018
-0.42586,-0.0083776,0.68242,-0.28885,0.1419,0.53948
-0.42446,-0.0036652,0.68469,-0.28903,0.15062,0.53617
-0.42761,0.0012217,0.68609,-0.29199,0.15307,0.53564
-0.42883,0.0071558,0.68731,-0.29775,0.15865,0.53477
-0.4311,0.012741,0.68871,-0.29967,0.16179,0.53529
-0.43302,0.01885,0.69063,-0.30421,0.16301,0.53529
-0.43406,0.024784,0.69272,-0.30997,0.16616,0.53721
-0.43633,0.029671,0.69516,-0.31381,0.16703,0.53704
-0.43825,0.03543,0.69848,-0.31416,0.17069,0.53547
-0.44139,0.042237,0.7011,-0.31695,0.17802,0.53512
-0.44262,0.049393,0.70284,-0.3187,0.18221,0.53529
-0.44384,0.057421,0.70494,-0.32062,0.19321,0.53233
-0.44471,0.065799,0.70633,-0.32097,0.19949,0.53233
-0.44488,0.075398,0.70773,-0.32254,0.20665,0.53075
-0.44523,0.086219,0.71,-0.32393,0.22567,0.52831
-0.44768,0.097564,0.71157,-0.32446,0.23736,0.52831
-0.44942,0.11048,0.71192,-0.3276,0.24993,0.52744
-0.44907,0.12549,0.71157,-0.33004,0.27716,0.52726
-0.44995,0.1405,0.7107,-0.33144,0.28972,0.52761
-0.44855,0.15586,0.71052,-0.33301,0.31154,0.52744
-0.44925,0.1693,0.71244,-0.33283,0.32079,0.52691
-0.44925,0.18117,0.71454,-0.33406,0.32812,0.52691
-0.44872,0.19216,0.71663,-0.33598,0.34226,0.52622
-0.44977,0.20298,0.71942,-0.33545,0.34994,0.52587
-0.44803,0.21433,0.72187,-0.3358,0.35762,0.52465
-0.4482,0.2255,0.72414,-0.33632,0.37455,0.5229
-0.44715,0.23684,0.72536,-0.33702,0.38362,0.52168
-0.44715,0.24906,0.72658,-0.33528,0.40544,0.51697
-0.44471,0.2625,0.72745,-0.33475,0.41713,0.51487
-0.44366,0.27629,0.72763,-0.33528,0.429,0.51365
-0.44192,0.29147,0.72763,-0.33859,0.45431,0.51051
-0.44192,0.30665,0.72745,-0.34034,0.4667,0.50824
-0.43982,0.32219,0.7271,-0.34034,0.47805,0.50807
