-0.25255,1.175,0.6428,-0.053058,0.40666,0.0050615
-0.25447,1.1757,0.6428,-0.059167,0.44384,0.0059341
-0.25464,1.1765,0.64333,-0.066148,0.51435,0.0068068
-0.25552,1.1765,0.64333,-0.07086,0.54646,0.0066323
-0.25639,1.1762,0.64315,-0.074875,0.5777,0.0061087
-0.25656,1.1764,0.6428,-0.081507,0.63705,0.0059341
-0.25639,1.1771,0.6428,-0.084823,0.66532,0.0062832
-0.25552,1.1776,0.64315,-0.087616,0.71925,0.0061087
-0.25517,1.1781,0.64298,-0.089186,0.74403,0.0059341
-0.25482,1.1779,0.64263,-0.091979,0.76742,0.0062832
-0.25447,1.1781,0.6428,-0.096168,0.81158,0.0054105
-0.25464,1.1783,0.64263,-0.099309,0.832,0.0055851
-0.25447,1.1786,0.64228,-0.1014,0.85242,0.0055851
-0.25429,1.179,0.64211,-0.10524,0.89064,0.0054105
-0.25395,1.1797,0.64193,-0.10681,0.90897,0.005236
-0.2536,1.1802,0.64193,-0.10821,0.94422,0.0043633
-0.25272,1.1814,0.64141,-0.10891,0.96011,0.0038397
-0.25185,1.1823,0.64088,-0.1103,0.97564,0.0038397
-0.25063,1.1826,0.64088,-0.11153,1.0041,0.0031416
-0.24941,1.1826,0.64106,-0.11205,1.017,0.0029671
-0.24801,1.1828,0.64088,-0.11362,1.0292,0.002618
-0.24714,1.183,0.64106,-0.11781,1.0524,0.0027925
-0.24714,1.1835,0.64106,-0.11973,1.0636,0.002618
-0.24766,1.1835,0.64123,-0.12444,1.0844,0.0031416
-0.24871,1.1832,0.64123,-0.12846,1.0934,0.0027925
-0.25063,1.183,0.64141,-0.13387,1.1023,0.0027925
-0.25569,1.1826,0.64106,-0.14591,1.1203,0.0020944
-0.27454,1.1823,0.63897,-0.15446,1.1298,0.00069813
-0.29164,1.1825,0.63687,-0.17872,1.1479,-0.0040143
-0.30788,1.183,0.63408,-0.18815,1.1585,-0.0073304
-0.32097,1.184,0.62971,-0.19757,1.1694,-0.012043
-0.33493,1.1842,0.62448,-0.22113,1.1887,-0.02234
-0.3468,1.1856,0.61837,-0.23283,1.1985,-0.027053
-0.35936,1.187,0.61191,-0.24417,1.2083,-0.033859
-0.3735,1.1891,0.60353,-0.25831,1.2275,-0.045553
-0.37891,1.1908,0.59655,-0.26564,1.236,-0.053407
-0.38066,1.1917,0.58922,-0.2707,1.2537,-0.066497
-0.39008,1.1907,0.57997,-0.27559,1.2619,-0.073129
-0.39916,1.19,0.56985,-0.28536,1.2689,-0.081507
-0.40439,1.1896,0.55973,-0.30212,1.2821,-0.098786
-0.40788,1.1882,0.5503,-0.30369,1.2894,-0.10734
-0.40858,1.1872,0.54088,-0.30665,1.2945,-0.11641
-0.40911,1.1849,0.5318,-0.31852,1.301,-0.13387
-0.40945,1.1811,0.52395,-0.32132,1.3034,-0.14155
-0.40928,1.1769,0.51505,-0.32847,1.3038,-0.15691
-0.40945,1.1704,0.50615,-0.32987,1.3043,-0.16406
-0.41155,1.1634,0.49672,-0.33441,1.3032,-0.17157
-0.4119,1.157,0.4866,-0.34488,1.3001,-0.18832
-0.41155,1.1509,0.47752,-0.34383,1.3004,-0.1967
-0.41068,1.1448,0.46914,-0.34366,1.2999,-0.20473
-0.41329,1.1387,0.46094,-0.34697,1.2982,-0.22218
-0.41661,1.132,0.45291,-0.34941,1.2959,-0.23073
-0.42097,1.125,0.44611,-0.34941,1.2922,-0.24749
-0.43214,1.1175,0.43878,-0.35273,1.2891,-0.25534
-0.44488,1.1095,0.42987,-0.35867,1.286,-0.26337
-0.45588,1.1015,0.42254,-0.36669,1.28,-0.28013
-0.45763,1.0936,0.41556,-0.36757,1.2767,-0.28815
-0.4585,1.0852,0.40858,-0.36722,1.2734,-0.29583
-0.45867,1.0765,0.40143,-0.37158,1.2633,-0.30997
-0.45902,1.0669,0.39444,-0.3735,1.257,-0.31713
-0.4585,1.0566,0.38834,-0.37577,1.2413,-0.32952
-0.45902,1.0451,0.38205,-0.37682,1.2322,-0.3351
-0.4592,1.0327,0.37559,-0.37734,1.2228,-0.33999
-0.46007,1.02,0.36914,-0.38258,1.2017,-0.35029
-0.46147,1.0057,0.36285,-0.38467,1.1917,-0.3557
-0.46373,0.99187,0.35727,-0.38816,1.1812,-0.36146
-0.46356,0.97843,0.35203,-0.39008,1.1619,-0.37141
-0.46373,0.96569,0.34697,-0.39078,1.1526,-0.37647
-0.46164,0.9533,0.34208,-0.38956,1.1339,-0.38432
-0.46129,0.94056,0.33755,-0.38764,1.1242,-0.38834
-0.45902,0.92747,0.33249,-0.38537,1.1142,-0.39078
-0.45902,0.9142,0.32707,-0.38746,1.0938,-0.39741
-0.4585,0.90059,0.32166,-0.38834,1.0832,-0.40055
-0.45832,0.88698,0.31573,-0.38764,1.0732,-0.403
-0.45571,0.87389,0.31032,-0.38502,1.0526,-0.40788
-0.45448,0.85992,0.30578,-0.38432,1.0434,-0.4112
-0.45867,0.84439,0.30299,-0.39497,1.0252,-0.42237
-0.46216,0.83025,0.30002,-0.40038,1.0168,-0.42673
-0.4674,0.81681,0.29601,-0.40387,1.0085,-0.43249
-0.46845,0.8032,0.29147,-0.40596,0.991,-0.44157
-0.47002,0.78959,0.28728,-0.40823,0.9821,-0.44715
-0.47106,0.77632,0.28327,-0.41015,0.97302,-0.45256
-0.47054,0.76306,0.27925,-0.41068,0.95312,-0.46321
-0.47072,0.74979,0.27489,-0.41103,0.94318,-0.46827
-0.46949,0.73618,0.27,-0.41294,0.93166,-0.47316
-0.46705,0.72187,0.26564,-0.41172,0.90914,-0.48346
-0.46443,0.70756,0.2618,-0.41103,0.89797,-0.48939
-0.46234,0.69359,0.25883,-0.40945,0.87895,-0.50248
-0.46321,0.68033,0.25464,-0.41137,0.86987,-0.50841
-0.46356,0.66759,0.24976,-0.41539,0.86149,-0.51417
-0.46338,0.65659,0.24417,-0.41801,0.84928,-0.52552
-0.46548,0.64612,0.23911,-0.4208,0.84509,-0.53267
-0.466,0.63635,0.23492,-0.42621,0.83601,-0.54594
-0.46583,0.62745,0.23056,-0.42638,0.83165,-0.55117
-0.46583,0.61767,0.22619,-0.42708,0.82589,-0.55641
-0.46356,0.60668,0.22218,-0.42883,0.81036,-0.56618
-0.46112,0.59498,0.21904,-0.4283,0.80146,-0.57194
-0.45693,0.58311,0.21694,-0.42795,0.79081,-0.57823
-0.45309,0.57055,0.2145,-0.42446,0.76847,-0.59184
-0.44803,0.55763,0.21118,-0.42342,0.75643,-0.5976
-0.44122,0.54402,0.20769,-0.41923,0.74456,-0.60336
-0.43947,0.52936,0.20473,-0.41329,0.72222,-0.61715
-0.43633,0.51505,0.20141,-0.41539,0.71052,-0.62396
-0.43686,0.50126,0.19705,-0.41923,0.68941,-0.636
-0.43494,0.48817,0.19286,-0.4194,0.67876,-0.64263
-0.43476,0.477,0.18884,-0.41364,0.66898,-0.64874
-0.429,0.46496,0.18658,-0.40841,0.65275,-0.66148
-0.42621,0.45256,0.18396,-0.4105,0.64507,-0.66706
-0.42586,0.4407,0.18117,-0.41399,0.63827,-0.6716
-0.42795,0.42865,0.17855,-0.41783,0.62465,-0.67789
-0.43145,0.41574,0.17645,-0.42045,0.61837,-0.67963
-0.43319,0.40247,0.17436,-0.4304,0.60301,-0.68277
-0.43738,0.38834,0.17279,-0.43581,0.59516,-0.68504
-0.4393,0.37402,0.17122,-0.44052,0.58643,-0.68696
-0.44139,0.35989,0.1693,-0.44768,0.56898,-0.69272
-0.44349,0.34523,0.16685,-0.45047,0.5592,-0.69499
-0.44349,0.33057,0.16336,-0.45326,0.54995,-0.69761
-0.44419,0.31556,0.159,-0.45955,0.52883,-0.70284
-0.44366,0.30037,0.15446,-0.46216,0.51871,-0.70633
-0.44454,0.28484,0.15167,-0.46548,0.50039,-0.71506
-0.44454,0.26948,0.14888,-0.46897,0.49061,-0.7196
-0.44349,0.25412,0.14539,-0.47089,0.47962,-0.72257
-0.44244,0.23754,0.14277,-0.47421,0.45605,-0.72728
-0.44384,0.21921,0.14067,-0.47665,0.44366,-0.72937
-0.44349,0.20089,0.13998,-0.47874,0.42987,-0.73112
-0.44506,0.18169,0.13893,-0.48049,0.40177,-0.73164
-0.44209,0.16179,0.13875,-0.48031,0.38694,-0.73077
-0.44262,0.14207,0.13963,-0.47857,0.35622,-0.72728
-0.44087,0.12287,0.14102,-0.477,0.34051,-0.72431
-0.44087,0.1028,0.14259,-0.47456,0.32463,-0.71995
-0.43912,0.082729,0.14469,-0.47037,0.2913,-0.70948
-0.43982,0.063006,0.14696,-0.46845,0.27454,-0.70319
-0.43738,0.043982,0.1501,-0.46705,0.25744,-0.69691
-0.43843,0.023911,0.15289,-0.46391,0.22619,-0.67963
-0.43703,0.0050615,0.15673,-0.46338,0.21118,-0.6716
-0.4386,-0.012566,0.16214,-0.46129,0.18518,-0.65572
-0.4386,-0.028623,0.16808,-0.46234,0.17401,-0.64647
-0.44157,-0.042586,0.17296,-0.46478,0.16301,-0.63809
-0.44122,-0.055851,0.17907,-0.46548,0.14382,-0.62029
-0.44227,-0.067719,0.18535,-0.46338,0.13666,-0.60982
-0.44296,-0.078016,0.19059,-0.46391,0.13038,-0.599
-0.4482,-0.088139,0.19495,-0.47229,0.12252,-0.58085
-0.44925,-0.095993,0.20071,-0.4749,0.11973,-0.57386
-0.44907,-0.099833,0.20647,-0.46932,0.1199,-0.56112
-0.44785,-0.10263,0.21118,-0.47054,0.12025,-0.55414
-0.45012,-0.10489,0.2145,-0.47386,0.12008,-0.54664
-0.45029,-0.10681,0.21782,-0.4763,0.12165,-0.53058
-0.45082,-0.10804,0.22166,-0.47403,0.12305,-0.52325
-0.45012,-0.10891,0.2255,-0.47141,0.12514,-0.5133
-0.45099,-0.1103,0.22881,-0.47578,0.12654,-0.49515
-0.45291,-0.1117,0.23265,-0.47787,0.12741,-0.48607
-0.45291,-0.1124,0.23736,-0.47525,0.13055,-0.46775
-0.45448,-0.1138,0.24243,-0.477,0.1309,-0.45937
-0.45466,-0.11362,0.24749,-0.47927,0.1316,-0.45239
-0.45501,-0.11275,0.25255,-0.47839,0.13544,-0.43686
-0.45344,-0.11065,0.25709,-0.47665,0.13753,-0.42848
-0.45152,-0.10751,0.26215,-0.47508,0.14102,-0.42167
-0.44977,-0.10385,0.26773,-0.47176,0.1494,-0.40631
-0.44925,-0.10001,0.27332,-0.47176,0.15411,-0.39916
-0.4489,-0.094946,0.27908,-0.47106,0.16005,-0.3927
-0.44942,-0.089361,0.28466,-0.46932,0.17436,-0.38153
-0.4496,-0.08203,0.28972,-0.46914,0.18239,-0.37472
-0.44977,-0.073827,0.29356,-0.466,0.19809,-0.36041
-0.45082,-0.066497,0.29706,-0.4667,0.2056,-0.35395
-0.45082,-0.058643,0.30107,-0.46635,0.21241,-0.34697
-0.45169,-0.050615,0.30526,-0.46251,0.22567,-0.33004
-0.45221,-0.04311,0.30962,-0.46112,0.23143,-0.32027
-0.45326,-0.037001,0.31556,-0.46042,0.23579,-0.31049
-0.45675,-0.032463,0.32271,-0.46478,0.2447,-0.29217
-0.4578,-0.027925,0.33091,-0.46583,0.24958,-0.28397
-0.45832,-0.021468,0.33894,-0.45728,0.26651,-0.26407
-0.45902,-0.013439,0.3461,-0.4564,0.27437,-0.25447
-0.45955,-0.0045379,0.35291,-0.45658,0.28222,-0.24382
-0.45675,0.005236,0.36006,-0.4468,0.29775,-0.22183
-0.45379,0.015708,0.36704,-0.4386,0.30613,-0.21014
-0.44925,0.026005,0.37437,-0.43162,0.31364,-0.19897
-0.4468,0.036477,0.38101,-0.42394,0.32969,-0.17733
-0.44279,0.047997,0.38799,-0.41993,0.33824,-0.16808
-0.43773,0.060563,0.39549,-0.40492,0.36041,-0.1501
-0.43494,0.073304,0.403,-0.40212,0.36984,-0.14207
-0.43057,0.086568,0.41155,-0.40335,0.37769,-0.13614
-0.42726,0.099658,0.42359,-0.39392,0.40073,-0.12566
-0.42446,0.11205,0.43616,-0.38711,0.41225,-0.1206
-0.42167,0.12549,0.44698,-0.38083,0.42464,-0.11397
-0.4194,0.13875,0.45501,-0.37594,0.44541,-0.10158
-0.41574,0.15307,0.46112,-0.3728,0.45571,-0.094597
-0.41242,0.16825,0.46583,-0.36495,0.47386,-0.084125
-0.40719,0.18239,0.47054,-0.36128,0.48171,-0.080983
-0.40282,0.19495,0.47438,-0.35884,0.48817,-0.076445
-0.4009,0.20769,0.47892,-0.36565,0.49602,-0.072606
-0.39671,0.21956,0.48503,-0.36408,0.50178,-0.07086
-0.39392,0.23021,0.49253,-0.35954,0.50894,-0.067719
-0.38816,0.24295,0.50108,-0.35133,0.5222,-0.061261
-0.38327,0.25552,0.51051,-0.34435,0.53058,-0.056374
-0.3721,0.26913,0.52046,-0.3187,0.5517,-0.04311
-0.3639,0.28362,0.52901,-0.30735,0.56322,-0.036826
-0.35325,0.3002,0.53564,-0.29897,0.57352,-0.029845
-0.34505,0.31835,0.54035,-0.28362,0.59149,-0.016581
-0.3365,0.33283,0.54402,-0.27559,0.60022,-0.0092502
-0.32969,0.34732,0.55013,-0.26773,0.6079,-0.0045379
-0.32481,0.36111,0.55693,-0.25639,0.62779,0.0076794
-0.318,0.37804,0.56287,-0.2508,0.63844,0.016755
-0.31189,0.39479,0.56688,-0.23457,0.66375,0.036303
-0.30648,0.41172,0.57107,-0.22585,0.67544,0.045728
-0.30107,0.429,0.57648,-0.21694,0.68696,0.055501
-0.29199,0.44663,0.58137,-0.19234,0.70878,0.081681
-0.28501,0.46304,0.5873,-0.18186,0.71873,0.095819
-0.27995,0.477,0.59568,-0.17296,0.72867,0.10838
-0.27716,0.48974,0.6065,-0.15656,0.74892,0.13352
-0.27559,0.50196,0.61697,-0.14975,0.75974,0.14434
-0.2721,0.51609,0.62605,-0.13142,0.78557,0.1665
-0.26791,0.53145,0.63268,-0.12217,0.80006,0.17575
-0.26075,0.54891,0.63739,-0.111,0.81455,0.18535
-0.2536,0.56723,0.64054,-0.095295,0.84317,0.20211
-0.24138,0.58713,0.64385,-0.082205,0.85765,0.21258
-0.23353,0.60528,0.64752,-0.0747,0.87301,0.22026
-0.22654,0.62343,0.65293,-0.063355,0.90042,0.23736
-0.22078,0.64054,0.65851,-0.057247,0.91455,0.24679
-0.21956,0.65607,0.6634,-0.050615,0.94143,0.26843
-0.21747,0.67143,0.66881,-0.046426,0.95382,0.27733
-0.2152,0.68609,0.67457,-0.038048,0.96796,0.2878
-0.21188,0.7011,0.67963,-0.027227,0.99501,0.30491
-0.21101,0.71681,0.68382,-0.023562,1.0071,0.31381
-0.2049,0.73374,0.68609,-0.018151,1.0191,0.32236
-0.20403,0.74927,0.68783,-0.0075049,1.0467,0.33859
-0.19984,0.76533,0.69167,-0.0015708,1.0591,0.34505
-0.19024,0.78156,0.69674,0.022515,1.0816,0.35744
-0.17942,0.79814,0.70023,0.031416,1.0938,0.36512
-0.17174,0.81437,0.70302,0.034907,1.1043,0.37228
-0.1679,0.82903,0.70564,0.039968,1.1219,0.38572
-0.16842,0.84247,0.70843,0.045728,1.1322,0.3913
-0.16458,0.85626,0.71157,0.052709,1.1418,0.39549
-0.15917,0.87057,0.71454,0.069813,1.1599,0.40282
-0.15219,0.88541,0.71646,0.076794,1.1692,0.40596
-0.14783,0.90042,0.71698,0.086045,1.188,0.4119
-0.13998,0.91612,0.71803,0.096866,1.1966,0.41452
-0.12531,0.9327,0.7203,0.11188,1.2045,0.41836
-0.11257,0.94824,0.72292,0.13648,1.2189,0.42691
-0.10263,0.96255,0.72623,0.14661,1.2257,0.43267
-0.095993,0.97494,0.72955,0.15254,1.2324,0.4379
-0.092328,0.98733,0.73286,0.15097,1.2425,0.44715
-0.093724,0.99798,0.73478,0.14731,1.246,0.45134
-0.093375,1.0081,0.73635,0.15464,1.254,0.45989
-0.091281,1.0172,0.73827,0.1604,1.2561,0.46426
-0.087441,1.0263,0.73985,0.1665,1.26,0.46932
-0.084648,1.0353,0.74159,0.17296,1.2671,0.47717
-0.084823,1.0439,0.74351,0.17436,1.2696,0.47979
-0.080634,1.0542,0.74508,0.17802,1.2704,0.48293
-0.074351,1.0647,0.7463,0.1782,1.272,0.49096
-0.06929,1.0737,0.7491,0.18675,1.2739,0.49498
-0.062134,1.0825,0.75259,0.20001,1.2762,0.50213
-0.0562,1.0912,0.75555,0.20892,1.2776,0.5058
-0.05044,1.1003,0.758,0.21433,1.2797,0.50754
-0.044855,1.109,0.76009,0.2255,1.2828,0.51086
-0.037874,1.1184,0.76114,0.22829,1.2837,0.51382
-0.038746,1.1261,0.76061,0.22881,1.2844,0.51766
-0.034732,1.1306,0.76079,0.22951,1.2811,0.52569
-0.030543,1.1359,0.76201,0.22724,1.2765,0.5311
-0.029496,1.1394,0.76445,0.22986,1.2729,0.5421
-0.027402,1.1425,0.76794,0.22881,1.2697,0.54716
-0.027227,1.1463,0.76986,0.22672,1.2664,0.5517
-0.026005,1.151,0.77091,0.23003,1.2631,0.55973
-0.02426,1.1563,0.77213,0.23387,1.262,0.56392
-0.02234,1.162,0.77283,0.23806,1.2608,0.56688
-0.022689,1.1669,0.77301,0.23527,1.2556,0.57509
-0.019199,1.1702,0.7737,0.23161,1.247,0.57997
-0.0185,1.1734,0.7751,0.2447,1.2369,0.59219
-0.015184,1.1744,0.77702,0.25325,1.2331,0.59655
-0.011519,1.1797,0.77859,0.2604,1.2308,0.60074
-0.0075049,1.1835,0.78051,0.27157,1.2282,0.60511
-0.0043633,1.1893,0.78243,0.27437,1.2268,0.60703
-0.0020944,1.1943,0.78365,0.27314,1.2243,0.60929
0.0048869,1.198,0.78453,0.27489,1.2179,0.6168
0.0080285,1.2018,0.78592,0.28065,1.2147,0.61942
0.012915,1.2027,0.78889,0.29601,1.2067,0.62256
0.017802,1.2034,0.79343,0.30439,1.2027,0.62448
0.022166,1.2025,0.79639,0.31224,1.198,0.62762
0.02618,1.1997,0.79674,0.31678,1.1879,0.63862
0.03194,1.1975,0.79639,0.31643,1.1786,0.64333
0.035256,1.1957,0.80041,0.32742,1.1755,0.64979
0.043808,1.1943,0.80495,0.33807,1.1688,0.66043
0.049393,1.1961,0.81071,0.34278,1.1673,0.66567
0.058992,1.1971,0.81769,0.35186,1.1668,0.67457
0.065973,1.2001,0.82345,0.3536,1.1666,0.67701
0.071558,1.2045,0.82921,0.35901,1.1669,0.67858
0.077667,1.205,0.83357,0.36163,1.1655,0.68015
0.081856,1.2055,0.83566,0.36425,1.1641,0.67981
0.087965,1.2029,0.83863,0.37088,1.1612,0.6819
0.093201,1.2011,0.84247,0.38327,1.1594,0.68696
0.096517,1.201,0.84596,0.38485,1.1582,0.68557
0.10297,1.2038,0.84823,0.38589,1.1549,0.68277
0.11013,1.2029,0.85085,0.38781,1.1538,0.68103
0.1124,1.2062,0.84858,0.38781,1.1533,0.67649
0.12427,1.2118,0.84526,0.38851,1.1542,0.66131
0.13247,1.221,0.83846,0.38467,1.1561,0.65206
0.14294,1.2287,0.83095,0.38066,1.1591,0.63914
0.14556,1.2371,0.82362,0.37106,1.164,0.6168
0.15167,1.2451,0.81577,0.3632,1.1688,0.60476
0.1494,1.2537,0.80983,0.35256,1.1757,0.58294
0.15499,1.2608,0.80564,0.34837,1.1811,0.57352
0.16005,1.2713,0.80093,0.34575,1.1866,0.56461
0.16319,1.2798,0.79552,0.32987,1.2003,0.5435
0.16179,1.2915,0.78924,0.32323,1.2081,0.53198
0.16476,1.3013,0.78313,0.31765,1.2153,0.52133
0.16581,1.3113,0.77685,0.3091,1.2348,0.50056
0.16424,1.3224,0.77109,0.30281,1.2453,0.49026
0.16232,1.3331,0.76725,0.29409,1.2558,0.47874
0.15952,1.3439,0.76288,0.27681,1.2764,0.45989
0.16354,1.3537,0.75922,0.27367,1.2844,0.45274
0.16441,1.3628,0.7552,0.26808,1.3027,0.4386
0.16476,1.3703,0.75189,0.26093,1.3097,0.43179
0.16982,1.3753,0.75014,0.25604,1.3163,0.42342
0.16406,1.3813,0.74648,0.23789,1.3327,0.41015
0.16319,1.3865,0.74334,0.22619,1.3394,0.40212
0.15568,1.3907,0.74124,0.2159,1.3477,0.39706
0.14591,1.3947,0.73845,0.19303,1.3645,0.38589
0.14382,1.3977,0.73688,0.18291,1.3744,0.38153
0.060039,1.4111,0.6641,-0.0031416,1.5345,0.22201
0.05236,1.4064,0.66026,-0.019897,1.5364,0.20612
0.045728,1.4027,0.6552,-0.027925,1.5371,0.19792
0.039444,1.3992,0.64944,-0.043808,1.5361,0.18239
-0.0033161,1.3767,0.6175,-0.076794,1.5305,0.12898
-0.011519,1.3718,0.61279,-0.092328,1.5266,0.1117
-0.018151,1.3669,0.60737,-0.10018,1.524,0.1042
-0.024086,1.3622,0.60144,-0.11222,1.516,0.091281
-0.029322,1.3558,0.59708,-0.11676,1.5109,0.085172
-0.035954,1.3484,0.59394,-0.12235,1.505,0.079063
-0.041364,1.3406,0.59114,-0.13212,1.491,0.068068
-0.046077,1.3322,0.58853,-0.13439,1.4839,0.064403
-0.048171,1.3233,0.58608,-0.13474,1.4767,0.060214
-0.050265,1.3141,0.58329,-0.13666,1.4614,0.052534
-0.053233,1.3041,0.57997,-0.14067,1.4535,0.04852
-0.057596,1.294,0.57648,-0.14835,1.4383,0.041888
-0.060214,1.2844,0.57282,-0.15307,1.431,0.038048
-0.066323,1.275,0.56915,-0.15865,1.424,0.034907
-0.071384,1.2664,0.56496,-0.16668,1.4144,0.026704
-0.075747,1.2587,0.5606,-0.1679,1.4101,0.023562
-0.078365,1.2516,0.55519,-0.17226,1.3996,0.015882
-0.081332,1.2449,0.54978,-0.17436,1.3943,0.012043
-0.087266,1.2376,0.54524,-0.1768,1.3889,0.008203
-0.090234,1.231,0.54088,-0.17907,1.3767,0.0036652
-0.091455,1.2231,0.53669,-0.17907,1.3708,0.0017453
-0.089535,1.2144,0.5332,-0.17959,1.3643,-0.00034907
-0.077667,1.2055,0.53041,-0.16773,1.3542,-0.00069813
-0.047473,1.1968,0.52569,-0.15865,1.3484,0.00087266
0.20525,1.0711,0.36704,-0.081332,1.321,0.037525
0.23579,1.0194,0.32114,-0.075049,1.3132,0.041539
0.24906,0.96342,0.27349,-0.068941,1.3111,0.042412
0.26285,0.89797,0.22969,-0.05236,1.3086,0.041888
0.27803,0.82694,0.19146,-0.045379,1.3045,0.040317
-0.15202,-0.068242,-0.00017453,-0.078714,1.2427,0.084474
-0.16511,-0.078889,-0.0083776,-0.077318,1.2444,0.08587
-0.17907,-0.088837,-0.016406,-0.0747,1.247,0.089012
-0.19234,-0.098088,-0.02426,-0.072955,1.2481,0.090932
-0.2049,-0.10612,-0.033161,-0.069639,1.2491,0.093375
-0.21799,-0.1138,-0.04311,-0.062832,1.2519,0.098262
-0.23073,-0.1213,-0.052883,-0.059516,1.254,0.10071
-0.2433,-0.12776,-0.063705,-0.053756,1.2575,0.10507
-0.25482,-0.13369,-0.075049,-0.050265,1.2596,0.10664
-0.26686,-0.1398,-0.086568,-0.046775,1.2617,0.10873
-0.27768,-0.14573,-0.099135,-0.040841,1.2661,0.11222
-0.28972,-0.15132,-0.111,-0.039968,1.2692,0.11397
-0.30177,-0.15638,-0.12217,-0.038572,1.2723,0.11589
-0.31172,-0.16092,-0.13265,-0.034383,1.2802,0.12008
-0.32079,-0.16546,-0.14294,-0.031765,1.2835,0.12235
-0.32952,-0.17017,-0.15359,-0.0281,1.287,0.12584
-0.33702,-0.17506,-0.16546,-0.025307,1.2886,0.12776
-0.34523,-0.17959,-0.17698,-0.023038,1.2898,0.12968
-0.35186,-0.185,-0.18797,-0.020595,1.2924,0.13317
-0.35884,-0.18989,-0.19949,-0.020071,1.2929,0.13439
-0.36512,-0.19426,-0.21101,-0.01885,1.294,0.13648
-0.37123,-0.19844,-0.22166,-0.014137,1.2961,0.1412
-0.37612,-0.20298,-0.2323,-0.012043,1.297,0.14364
-0.3817,-0.20787,-0.24243,-0.010996,1.298,0.14748
-0.38554,-0.21328,-0.2522,-0.011694,1.2982,0.14923
-0.38991,-0.21869,-0.26075,-0.013439,1.2985,0.15045
-0.3941,-0.22427,-0.2693,-0.017802,1.3001,0.15272
-0.39828,-0.22934,-0.27768,-0.019897,1.3013,0.15394
-0.40247,-0.23405,-0.28588,-0.021817,1.3027,0.15499
-0.40788,-0.23806,-0.29479,-0.024435,1.3041,0.1583
-0.41172,-0.2412,-0.30456,-0.024784,1.3043,0.16022
-0.41661,-0.24365,-0.31451,-0.02426,1.3062,0.16458
-0.42062,-0.24609,-0.32428,-0.022864,1.3079,0.16755
-0.42446,-0.24853,-0.33353,-0.019722,1.3097,0.17034
-0.42621,-0.25272,-0.34261,-0.016406,1.3095,0.17471
-0.42848,-0.25813,-0.35133,-0.016755,1.3092,0.17575
-0.42935,-0.26442,-0.35762,-0.017977,1.31,0.1775
-0.43057,-0.2707,-0.36233,-0.022166,1.3107,0.17994
-0.43145,-0.27594,-0.36757,-0.02426,1.3107,0.18047
-0.43232,-0.281,-0.37263,-0.026878,1.3102,0.18169
-0.43232,-0.28554,-0.37717,-0.029322,1.31,0.18256
-0.43354,-0.29007,-0.38135,-0.031765,1.3099,0.18378
-0.43424,-0.29409,-0.38485,-0.032114,1.312,0.1871
-0.43581,-0.29793,-0.38764,-0.03194,1.3128,0.18937
-0.43773,-0.30089,-0.39148,-0.031416,1.3139,0.19129
-0.44017,-0.30404,-0.39602,-0.030369,1.3155,0.19373
-0.44576,-0.30543,-0.40108,-0.03002,1.3158,0.1953
-0.44907,-0.30857,-0.40666,-0.025656,1.3196,0.20036
-0.45256,-0.31067,-0.41172,-0.023911,1.3214,0.20438
-0.45483,-0.31294,-0.41713,-0.021817,1.3228,0.20647
-0.45623,-0.3159,-0.42324,-0.022515,1.3221,0.20804
-0.45745,-0.31887,-0.4304,-0.023038,1.3209,0.20926
-0.45763,-0.32323,-0.43616,-0.02426,1.3214,0.20944
-0.46147,-0.32673,-0.44139,-0.028972,1.3212,0.21223
-0.46234,-0.33161,-0.44663,-0.030892,1.3205,0.21258
-0.46513,-0.33388,-0.45379,-0.03159,1.3228,0.21555
-0.46653,-0.33824,-0.45693,-0.034034,1.3231,0.21694
-0.4667,-0.34226,-0.46042,-0.035954,1.3221,0.21886
-0.46705,-0.3468,-0.46269,-0.043633,1.3217,0.22009
-0.46426,-0.35186,-0.46269,-0.049742,1.3205,0.21939
-0.46199,-0.35675,-0.46199,-0.057421,1.3181,0.21852
-0.45832,-0.36181,-0.4592,-0.073653,1.3127,0.21572
-0.45221,-0.36757,-0.45361,-0.086045,1.3076,0.21328
-0.44611,-0.37263,-0.44715,-0.11118,1.298,0.20525
-0.43825,-0.37751,-0.43843,-0.12374,1.2938,0.20176
-0.43092,-0.38223,-0.42708,-0.13875,1.2875,0.19792
-0.42097,-0.38799,-0.41434,-0.17261,1.273,0.18291
-0.4126,-0.392,-0.40352,-0.19007,1.2659,0.17541
-0.40335,-0.39671,-0.39008,-0.20525,1.2605,0.1693
-0.39724,-0.39985,-0.37839,-0.23126,1.2514,0.15691
-0.39252,-0.40265,-0.36757,-0.24051,1.2493,0.15132
-0.38729,-0.40492,-0.35605,-0.25744,1.2432,0.14224
-0.3817,-0.40719,-0.34331,-0.26512,1.2408,0.13893
-0.37769,-0.40893,-0.33022,-0.27175,1.2378,0.13596
-0.37245,-0.41085,-0.31329,-0.28135,1.2362,0.13631
-0.36914,-0.41207,-0.29269,-0.2885,1.2348,0.13736
-0.36338,-0.41329,-0.27402,-0.29514,1.2324,0.13631
-0.36163,-0.41347,-0.25831,-0.30823,1.2278,0.13387
-0.36024,-0.41347,-0.24278,-0.31468,1.2271,0.13282
-0.35971,-0.41329,-0.22759,-0.3262,1.2285,0.13142
-0.36024,-0.41312,-0.21398,-0.33161,1.2299,0.13055
-0.36076,-0.4126,-0.20019,-0.33545,1.2315,0.13003
-0.36198,-0.41155,-0.18658,-0.3461,1.2331,0.12915
-0.36216,-0.40998,-0.17436,-0.34837,1.2339,0.12863
-0.36338,-0.40771,-0.16301,-0.35064,1.2343,0.12846
-0.36495,-0.40492,-0.15411,-0.34994,1.2357,0.12793
-0.36634,-0.40247,-0.14608,-0.35099,1.2362,0.12811
-0.36879,-0.39933,-0.13823,-0.35133,1.2374,0.12985
-0.37106,-0.39549,-0.13107,-0.34994,1.238,0.13107
-0.37228,-0.39165,-0.12462,-0.34854,1.2383,0.13195
-0.37402,-0.38816,-0.11886,-0.34558,1.2395,0.13247
-0.37507,-0.38519,-0.1138,-0.34331,1.2409,0.13212
-0.37717,-0.38258,-0.10891,-0.34156,1.2427,0.13247
-0.37839,-0.38031,-0.10193,-0.34208,1.2458,0.13334
-0.37891,-0.37874,-0.092502,-0.34575,1.2465,0.13456
-0.37943,-0.37629,-0.081856,-0.34872,1.2476,0.13544
-0.37943,-0.37367,-0.070162,-0.35221,1.2483,0.13788
-0.37996,-0.37036,-0.05777,-0.35325,1.2488,0.13963
-0.38118,-0.36652,-0.045029,-0.35971,1.2491,0.14486
-0.3817,-0.3625,-0.03159,-0.36285,1.25,0.14661
-0.38362,-0.35849,-0.017977,-0.36338,1.2524,0.14888
-0.38589,-0.35395,-0.0062832,-0.36565,1.2554,0.15184
-0.38676,-0.34994,0.0059341,-0.36722,1.2573,0.15324
-0.38886,-0.34662,0.017802,-0.36984,1.2591,0.15446
-0.39113,-0.34313,0.0281,-0.36861,1.264,0.15603
-0.39375,-0.33894,0.037874,-0.36669,1.2661,0.15621
-0.39619,-0.3351,0.046949,-0.36425,1.2704,0.15708
-0.39951,-0.33039,0.05428,-0.36059,1.2729,0.1576
-0.40212,-0.32603,0.060912,-0.35727,1.2746,0.1583
-0.40474,-0.32132,0.067544,-0.35291,1.279,0.1597
-0.40753,-0.31695,0.074176,-0.35151,1.2807,0.16057
-0.40963,-0.31259,0.081158,-0.34976,1.283,0.16179
-0.41225,-0.30805,0.087266,-0.34208,1.287,0.16284
-0.41399,-0.30351,0.091804,-0.33615,1.2886,0.16301
-0.41574,-0.29897,0.095993,-0.32673,1.2914,0.16371
-0.41801,-0.29461,0.10088,-0.32376,1.2924,0.16406
-0.4208,-0.28972,0.10472,-0.31905,1.294,0.16424
-0.42289,-0.28536,0.10751,-0.30927,1.2968,0.16511
-0.42516,-0.281,0.11048,-0.30456,1.2984,0.16546
-0.42708,-0.27716,0.11362,-0.30055,1.2997,0.16633
-0.42813,-0.27419,0.11851,-0.29758,1.3024,0.16738
-0.4297,-0.27088,0.12409,-0.29653,1.3032,0.16808
-0.43075,-0.26738,0.12985,-0.29374,1.306,0.16965
-0.43162,-0.26372,0.13631,-0.29199,1.3071,0.17
-0.43249,-0.2604,0.14364,-0.29147,1.3081,0.17139
-0.43389,-0.25674,0.15097,-0.29025,1.3106,0.17366
-0.43511,-0.25307,0.15795,-0.28763,1.3125,0.17453
-0.43633,-0.24976,0.16424,-0.28501,1.3139,0.17593
-0.4379,-0.24662,0.16982,-0.28047,1.3156,0.17785
-0.43895,-0.24382,0.17593,-0.27768,1.3175,0.17855
-0.43982,-0.24086,0.18239,-0.27384,1.3202,0.18082
-0.44122,-0.23702,0.18815,-0.27157,1.3219,0.18169
-0.44349,-0.233,0.19356,-0.26826,1.3233,0.18256
-0.44506,-0.22811,0.19757,-0.25901,1.3251,0.18413
-0.44715,-0.22235,0.19967,-0.25203,1.3261,0.18466
-0.44855,-0.21642,0.20106,-0.24504,1.3268,0.18535
-0.4496,-0.21084,0.20246,-0.23527,1.3275,0.18727
-0.45204,-0.20333,0.20438,-0.22969,1.3296,0.18937
-0.4585,-0.19164,0.20769,-0.2227,1.3385,0.19652
-0.46705,-0.17,0.21398,-0.22061,1.3441,0.20351
-0.48101,-0.1398,0.22323,-0.21991,1.349,0.21066
-0.48573,-0.10647,0.23143,-0.20717,1.3572,0.2248
-0.51627,-0.054454,0.24225,-0.2049,1.3587,0.22637
-0.56217,0.016406,0.26058,-0.20298,1.3607,0.22253
-0.63879,0.10542,0.29077,-0.20054,1.3666,0.20246
-0.69778,0.19897,0.34226,-0.21852,1.365,0.18448
-0.77091,0.29199,0.40457,-0.22602,1.3624,0.16389
-0.84596,0.3742,0.47316,-0.25534,1.3493,0.12357
-0.93427,0.44698,0.54105,-0.26372,1.3376,0.10873
-0.9978,0.49916,0.59324,-0.24155,1.3149,0.11327
-1.021,0.53215,0.62064,-0.23824,1.3043,0.12601
-1.0069,0.55781,0.64176,-0.23981,1.2891,0.1302
-0.96831,0.5784,0.65973,-0.21625,1.268,0.13317
-0.8978,0.60004,0.67614,-0.18012,1.265,0.13456
-0.82921,0.6182,0.68173,-0.14626,1.2657,0.13928
-0.78348,0.63582,0.6812,-0.13003,1.2683,0.14347
-0.76655,0.65764,0.68033,-0.13788,1.2723,0.14242
-0.76079,0.68399,0.68015,-0.15865,1.2847,0.13736
-0.76131,0.70913,0.67771,-0.16877,1.2926,0.13352
-0.76707,0.73478,0.67422,-0.1775,1.3015,0.12671
-0.77999,0.75922,0.66724,-0.18535,1.3277,0.11118
-0.78173,0.78121,0.65432,-0.18902,1.3491,0.10105
-0.79674,0.80721,0.63687,-0.19338,1.3764,0.086219
-0.80529,0.84177,0.61715,-0.20455,1.4483,0.053582
-0.79971,0.88174,0.59463,-0.19565,1.4919,0.038048
-0.79866,0.91892,0.56741,-0.18448,1.5748,0.0031416
-0.80093,0.95609,0.53739,-0.18762,1.6109,-0.021293
-0.80652,0.9896,0.50649,-0.19827,1.6436,-0.046949
-0.81036,1.0194,0.47613,-0.23091,1.7017,-0.10315
-0.81559,1.0491,0.44174,-0.24923,1.7281,-0.12723
-0.81873,1.0786,0.40544,-0.26372,1.7548,-0.14696
-0.81908,1.1053,0.3749,-0.2885,1.8026,-0.17872
-0.82397,1.1304,0.34907,-0.30473,1.8246,-0.18815
-0.8306,1.1502,0.32865,-0.37141,1.8532,-0.19181
-0.83147,1.1661,0.3187,-0.39794,1.8603,-0.18343
-0.82083,1.173,0.32411,-0.39654,1.8612,-0.17
-0.79796,1.1687,0.33859,-0.35168,1.8394,-0.12758
-0.7737,1.1517,0.35744,-0.34261,1.812,-0.10559
-0.75555,1.1287,0.38083,-0.33755,1.7781,-0.080809
-0.73269,1.0994,0.40841,-0.31538,1.7015,-0.020246
-0.71576,1.0645,0.43633,-0.307,1.6579,0.016057
-0.70668,1.0194,0.46757,-0.31154,1.5617,0.096691
-0.69639,0.9704,0.50161,-0.30578,1.5078,0.14539
-0.69132,0.91769,0.53564,-0.29688,1.4528,0.19775
-0.68993,0.85975,0.57002,-0.29671,1.3273,0.3084
-0.68783,0.80146,0.60563,-0.2892,1.2655,0.3639
-0.68504,0.74473,0.64368,-0.27925,1.2041,0.41277
-0.67195,0.68749,0.67928,-0.26354,1.0872,0.50283
-0.66706,0.63129,0.71419,-0.26424,1.0289,0.54192
-0.6627,0.57299,0.74281,-0.2789,0.90949,0.61523
-0.6627,0.51662,0.76707,-0.28431,0.84893,0.64874
-0.66148,0.46112,0.78697,-0.29077,0.78714,0.68033
-0.66183,0.40561,0.80564,-0.30316,0.66898,0.73129
-0.65677,0.35378,0.81961,-0.30561,0.61348,0.75922
-0.6545,0.30631,0.82764,-0.31468,0.55571,0.78418
-0.6531,0.26005,0.83409,-0.33947,0.45309,0.82798
-0.64926,0.2166,0.83933,-0.3475,0.40823,0.84858
-0.6449,0.16912,0.84456,-0.37891,0.33493,0.86638
-0.63984,0.13003,0.84666,-0.39811,0.30299,0.86743
-0.63286,0.096866,0.84701,-0.39846,0.27088,0.86149
-0.61366,0.064403,0.84317,-0.40335,0.21834,0.84387
-0.60301,0.041015,0.83427,-0.41452,0.19495,0.83235
-0.59306,0.02618,0.81978,-0.42708,0.17383,0.81873
-0.58416,0.012741,0.79762,-0.4653,0.12566,0.78226
-0.57229,-0.0013963,0.77405,-0.48311,0.10612,0.75189
-0.551,-0.01117,0.75311,-0.45763,0.085696,0.70075
-0.53233,-0.017802,0.73077,-0.45326,0.077493,0.67213
-0.51749,-0.017977,0.70546,-0.46688,0.074176,0.63495
-0.50231,-0.01309,0.67981,-0.48031,0.084474,0.55414
-0.49218,-0.0015708,0.64961,-0.48677,0.094597,0.51225
-0.48573,0.016406,0.6154,-0.50527,0.10838,0.46338
-0.466,0.039444,0.58469,-0.52465,0.15516,0.36181
-0.4592,0.067544,0.54995,-0.52342,0.18989,0.31154
-0.44715,0.10245,0.51435,-0.53006,0.26948,0.22235
-0.44087,0.14172,0.47944,-0.53948,0.31503,0.18117
-0.43773,0.1878,0.44384,-0.54908,0.36495,0.14329
-0.43633,0.23998,0.40788,-0.5784,0.4681,0.076096
-0.43284,0.2913,0.37594,-0.58224,0.52185,0.046949
-0.42953,0.34121,0.34662,-0.58172,0.57352,0.020595
-0.42394,0.38781,0.32132,-0.58085,0.67457,-0.028449
-0.42359,0.4297,0.29967,-0.58486,0.72065,-0.049742
-0.41888,0.46932,0.2817,-0.58748,0.79936,-0.084125
-0.41382,0.50335,0.26756,-0.5805,0.83305,-0.095295
-0.41155,0.52447,0.25656,-0.57631,0.85975,-0.1028
-0.41574,0.53651,0.2508,-0.5873,0.90216,-0.11484
-0.4194,0.5421,0.25098,-0.58922,0.91787,-0.11397
-0.42097,0.54035,0.25534,-0.588,0.92939,-0.10873
-0.42028,0.53494,0.26459,-0.5873,0.9348,-0.084823
-0.41801,0.52238,0.27786,-0.58242,0.93532,-0.065624
-0.41678,0.50475,0.29618,-0.57037,0.92625,-0.020246
-0.41329,0.48398,0.31905,-0.56165,0.91857,0.0068068
-0.40893,0.46042,0.34418,-0.55362,0.90862,0.035779
-0.40823,0.43441,0.36844,-0.54542,0.87563,0.10437
-0.41155,0.40771,0.39584,-0.54454,0.85748,0.1412
-0.41137,0.37786,0.42708,-0.53809,0.84073,0.17925
-0.41609,0.34697,0.45815,-0.53093,0.80303,0.25726
-0.4187,0.31643,0.49428,-0.53006,0.78016,0.29845
-0.42534,0.28536,0.52744,-0.52569,0.72902,0.38485
-0.4304,0.25255,0.55973,-0.52534,0.69848,0.42935
-0.43651,0.21799,0.59132,-0.525,0.66776,0.47351
-0.44262,0.18256,0.62518,-0.5243,0.60301,0.55624
-0.44663,0.14818,0.66008,-0.52238,0.56968,0.59463
-0.45536,0.11484,0.69255,-0.52203,0.53494,0.63146
-0.47124,0.076794,0.72606,-0.54437,0.46513,0.69324
-0.48939,0.040841,0.75869,-0.55938,0.42883,0.71698
-0.50684,0.0087266,0.78575,-0.5599,0.35692,0.77021
-0.51313,-0.021642,0.81088,-0.5599,0.3194,0.79465
-0.52412,-0.05236,0.83409,-0.56182,0.28815,0.81594
-0.52761,-0.077842,0.85521,-0.57317,0.22253,0.85416
-0.54472,-0.10245,0.87074,-0.58207,0.18797,0.87354
-0.54646,-0.12305,0.88453,-0.58765,0.15882,0.89047
-0.54384,-0.13998,0.90024,-0.57718,0.11397,0.91508
-0.54175,-0.15446,0.9156,-0.57072,0.096168,0.92537
-0.53494,-0.16144,0.92537,-0.56915,0.061087,0.94946
-0.53739,-0.16249,0.92991,-0.57509,0.041539,0.96325
-0.53617,-0.16703,0.92956,-0.588,0.021468,0.97407
-0.54227,-0.16982,0.92834,-0.59341,-0.0069813,0.99344
-0.53931,-0.17209,0.93061,-0.58887,-0.017104,0.99711
-0.53739,-0.17785,0.9341,-0.58277,-0.02426,0.99955
-0.52918,-0.17663,0.93829,-0.57858,-0.027402,0.99431
-0.5407,-0.17139,0.93305,-0.59062,-0.027925,0.98629
-0.53966,-0.16546,0.92206,-0.60807,-0.020769,0.94719
-0.54716,-0.15848,0.90617,-0.61802,-0.0095993,0.91735
-0.54437,-0.14451,0.88628,-0.63198,0.0064577,0.88331
-0.55275,-0.12601,0.86045,-0.6737,0.053407,0.79779
-0.562,-0.10175,0.82868,-0.69394,0.086219,0.74927
-0.56636,-0.069813,0.7936,-0.70791,0.12409,0.70162
-0.56863,-0.031241,0.75311,-0.71367,0.21537,0.60755
-0.56269,0.012915,0.71279,-0.70843,0.26599,0.562
-0.55484,0.058469,0.67649,-0.69359,0.366,0.47647
-0.54716,0.10158,0.64158,-0.68434,0.41591,0.43668
-0.54611,0.14608,0.60929,-0.68242,0.46618,0.39811
-0.54524,0.19111,0.5784,-0.69359,0.56444,0.32533
-0.55379,0.23719,0.54803,-0.70564,0.61156,0.2913
-0.5524,0.28484,0.51871,-0.71122,0.65869,0.26075
-0.54454,0.32969,0.4941,-0.69394,0.7484,0.21572
-0.53337,0.37263,0.47124,-0.68504,0.78662,0.19792
-0.52796,0.40876,0.45239,-0.68365,0.84945,0.16842
-0.525,0.43633,0.4379,-0.68452,0.87476,0.16022
-0.52709,0.45797,0.42778,-0.68417,0.8964,0.15499
-0.52726,0.47421,0.42272,-0.67719,0.93096,0.15376
-0.52849,0.48381,0.4222,-0.67632,0.9437,0.15691
-0.53093,0.48991,0.42586,-0.67405,0.95435,0.16144
-0.53075,0.49358,0.43319,-0.67056,0.96517,0.17994
-0.53215,0.49131,0.44227,-0.66776,0.96604,0.19286
-0.53233,0.48747,0.45239,-0.6545,0.9622,0.22532
-0.5318,0.48014,0.46443,-0.65101,0.95539,0.244
-0.53337,0.4681,0.47822,-0.64787,0.94649,0.26075
