0.28047,1.254,26.33,0.043982,0.42586,0.029322
0.27838,1.2549,26.334,0.044855,0.49829,0.035256
0.27611,1.2551,26.336,0.044157,0.5311,0.037525
0.27454,1.2537,26.34,0.046251,0.56043,0.040841
0.27402,1.2524,26.343,0.044331,0.61785,0.044331
0.27297,1.2519,26.346,0.042761,0.6449,0.046426
0.27349,1.2526,26.349,0.042412,0.67282,0.047997
0.27454,1.254,26.352,0.050615,0.72518,0.053233
0.27629,1.2554,26.354,0.056374,0.75014,0.05428
0.27838,1.2563,26.355,0.070511,0.79866,0.056723
0.28379,1.2565,26.355,0.078889,0.81996,0.057247
0.28501,1.2563,26.355,0.08238,0.84055,0.056898
0.2885,1.2551,26.355,0.086568,0.87755,0.059167
0.2899,1.2533,26.357,0.088314,0.89326,0.060912
0.29025,1.2521,26.359,0.087965,0.90879,0.061436
0.2892,1.2518,26.361,0.083078,0.94038,0.064752
0.29007,1.2518,26.364,0.083601,0.95487,0.067195
0.29042,1.2519,26.368,0.086045,0.98245,0.072955
0.29217,1.2521,26.37,0.089012,0.99554,0.075747
0.29234,1.2523,26.371,0.090583,1.0078,0.076794
0.29217,1.2528,26.371,0.092502,1.0317,0.076096
0.29339,1.2531,26.371,0.096517,1.0416,0.075224
0.29374,1.2516,26.369,0.1042,1.0561,0.073129
0.30177,1.2394,26.364,0.10943,1.0537,0.071209
0.2906,1.2156,26.359,0.11519,1.0402,0.068068
0.26773,1.1774,26.351,0.15202,0.98297,0.077493
0.2597,1.1339,26.343,0.18466,0.94143,0.093201
0.26302,1.0816,26.337,0.21363,0.89151,0.11624
0.27402,1.0221,26.335,0.27367,0.77842,0.19094
0.28746,0.96011,26.34,0.30456,0.71698,0.23876
0.30875,0.89483,26.348,0.35291,0.59446,0.33859
0.32533,0.82624,26.358,0.36722,0.53547,0.38746
0.33632,0.76323,26.366,0.38415,0.48136,0.43686
0.34592,0.69883,26.373,0.40945,0.3742,0.52133
0.3564,0.63687,26.381,0.41801,0.32655,0.55606
0.3625,0.57718,26.386,0.43267,0.2796,0.58608
0.36792,0.51452,26.387,0.4482,0.18169,0.60668
0.35867,0.45937,26.378,0.43337,0.13893,0.59725
0.35605,0.40858,26.356,0.45431,0.071733,0.562
0.36408,0.36634,26.329,0.47124,0.052011,0.53739
0.37943,0.3365,26.305,0.48241,0.041539,0.50283
0.40614,0.31433,26.281,0.51976,0.041713,0.43162
0.40893,0.29863,26.255,0.52657,0.049742,0.39252
0.40561,0.29374,26.227,0.55484,0.08779,0.31695
0.41207,0.29793,26.201,0.57631,0.12252,0.28257
0.4208,0.31503,26.178,0.60319,0.16249,0.24627
0.40614,0.32917,26.163,0.63949,0.23667,0.1604
0.34959,0.34697,26.153,0.6353,0.28135,0.1213
0.34662,0.37594,26.139,0.63425,0.33249,0.081158
0.33563,0.41085,26.13,0.62779,0.44296,0.0064577
0.31974,0.4482,26.124,0.61383,0.50475,-0.025831
0.31748,0.48607,26.124,0.57823,0.62779,-0.062308
0.30142,0.53198,26.132,0.55275,0.7004,-0.075747
0.28728,0.57282,26.149,0.52412,0.76655,-0.091979
0.28484,0.61366,26.162,0.47665,0.90705,-0.093026
0.27559,0.65537,26.186,0.43843,0.97686,-0.091804
0.27122,0.68975,26.215,0.3906,1.0435,-0.085521
0.24836,0.71611,26.25,0.3077,1.1476,-0.042586
0.2426,0.73304,26.292,0.27245,1.1868,-0.0085521
0.22881,0.74421,26.335,0.19356,1.2415,0.071558
0.2255,0.74892,26.378,0.17157,1.2575,0.12374
0.23091,0.73932,26.42,0.17296,1.264,0.1871
0.24539,0.72536,26.46,0.20211,1.2467,0.32585
0.26058,0.70424,26.5,0.20822,1.2254,0.39165
0.26616,0.67544,26.542,0.21415,1.1591,0.51714
0.2803,0.63931,26.585,0.2241,1.113,0.57927
0.28466,0.59935,26.62,0.23126,1.0624,0.63739
0.29077,0.55275,26.652,0.24365,0.94736,0.73653
0.29444,0.50335,26.677,0.25482,0.88453,0.77877
0.29828,0.45221,26.694,0.26721,0.81751,0.81559
0.29706,0.39828,26.707,0.28397,0.67893,0.86725
0.29147,0.34226,26.712,0.29025,0.60563,0.88122
0.27803,0.28623,26.712,0.29077,0.45989,0.87808
0.26302,0.23318,26.704,0.28728,0.38973,0.86132
0.24452,0.18378,26.684,0.28571,0.32393,0.83689
0.21764,0.14032,26.659,0.26581,0.19635,0.75468
0.16982,0.10699,26.63,0.23754,0.13334,0.69237
0.077318,0.085172,26.601,0.20839,0.086394,0.62116
0.010297,0.083078,26.569,0.20892,0.046077,0.48852
-0.0055851,0.094248,26.535,0.23841,0.043284,0.43337
-0.01117,0.11414,26.5,0.26773,0.066672,0.32585
-0.018151,0.13753,26.473,0.28397,0.086045,0.27419
-0.026005,0.16581,26.453,0.29828,0.11153,0.22078
-0.0281,0.19565,26.443,0.31905,0.17575,0.10524
-0.038223,0.22969,26.441,0.30788,0.22253,0.049393
-0.054978,0.27088,26.439,0.30857,0.26599,0.0005236
-0.06737,0.31486,26.438,0.30631,0.37751,-0.082554
-0.075224,0.35884,26.442,0.30072,0.44052,-0.11537
-0.074176,0.40108,26.451,0.28815,0.58189,-0.16581
-0.067719,0.44977,26.464,0.27262,0.66131,-0.18535
-0.050265,0.50039,26.484,0.24976,0.74665,-0.19164
-0.040841,0.54768,26.509,0.21677,0.91612,-0.19984
-0.041539,0.59062,26.538,0.19635,0.99309,-0.19234
-0.032987,0.6271,26.566,0.1597,1.0702,-0.1775
-0.039619,0.65066,26.605,0.075922,1.1884,-0.13247
-0.038223,0.66078,26.647,0.037001,1.2305,-0.093899
-0.030718,0.6648,26.691,-0.0036652,1.28,0.0097738
-0.017802,0.66253,26.731,-0.022515,1.287,0.067893
-0.005236,0.65223,26.775,-0.039444,1.2849,0.12723
0.0029671,0.62675,26.819,-0.020769,1.2339,0.25482
0.030543,0.59341,26.854,0.015708,1.1908,0.33022
0.054803,0.55467,26.889,0.061436,1.088,0.47839
0.078016,0.50929,26.922,0.079587,1.0289,0.54926
0.093026,0.45885,26.954,0.098437,0.96587,0.61505
0.10699,0.40527,26.983,0.13369,0.82798,0.72449
0.11397,0.34976,27.007,0.14399,0.75538,0.7669
0.11833,0.29479,27.021,0.15411,0.6812,0.79814
0.12217,0.23824,27.026,0.16877,0.53215,0.82833
0.11886,0.18256,27.021,0.17523,0.4578,0.82711
0.10681,0.13404,27.005,0.19181,0.32271,0.79081
0.10315,0.090757,26.978,0.20804,0.2611,0.75887
0.090408,0.060388,26.945,0.21468,0.20682,0.71489
0.063355,0.044855,26.909,0.21398,0.13352,0.59812
0.041713,0.04119,26.87,0.23667,0.1117,0.54105
0.023736,0.045379,26.83,0.26651,0.095295,0.4852
0.015708,0.053058,26.789,0.32009,0.083252,0.38101
0.0055851,0.07086,26.751,0.33266,0.08971,0.32201
0.01501,0.095295,26.72,0.36879,0.12636,0.20961
0.015533,0.16074,26.676,0.39724,0.18413,0.10716
0.014312,0.19827,26.661,0.38676,0.26372,0.0095993
0.0017453,0.24208,26.656,0.37402,0.31905,-0.037525
0.0027925,0.28658,26.654,0.3728,0.37629,-0.075747
0.0085521,0.33318,26.657,0.37141,0.50807,-0.14032
0.020595,0.37786,26.662,0.3653,0.58399,-0.16598
0.045553,0.42377,26.673,0.38362,0.73112,-0.20385
0.082903,0.47246,26.681,0.38188,0.80425,-0.22009
0.096691,0.52342,26.69,0.36879,0.88,-0.23457
0.1021,0.57177,26.706,0.30526,1.0212,-0.24714
0.086219,0.61209,26.731,0.26424,1.0833,-0.24155
0.082903,0.6442,26.763,0.22026,1.142,-0.22916
0.088488,0.67823,26.797,0.14015,1.2505,-0.18117
0.099484,0.70511,26.835,0.086045,1.2933,-0.14469
0.09163,0.72396,26.883,-0.0068068,1.3437,-0.052883
0.10524,0.72902,26.939,-0.037001,1.3416,0.0034907
0.12881,0.72501,26.996,-0.049218,1.3252,0.070162
0.1384,0.70948,27.043,-0.030892,1.2771,0.21782
0.18169,0.68958,27.086,-0.005236,1.2423,0.29042
0.19635,0.66514,27.127,0.0087266,1.205,0.355
0.21415,0.63216,27.169,0.039968,1.1053,0.47421
0.21974,0.59341,27.209,0.052185,1.0441,0.52639
0.22724,0.54699,27.246,0.08238,0.90809,0.6086
0.2351,0.49829,27.282,0.098262,0.83113,0.6346
0.244,0.44872,27.314,0.10908,0.75032,0.65345
0.23457,0.39305,27.328,0.11118,0.59952,0.66654
0.22235,0.33441,27.324,0.11275,0.52168,0.6545
0.17942,0.28239,27.305,0.090059,0.38118,0.57805
0.14032,0.2522,27.256,0.10071,0.32847,0.52726
0.10559,0.22811,27.193,0.1213,0.27786,0.47159
0.084125,0.21206,27.128,0.15376,0.20246,0.33964
0.065275,0.20682,27.064,0.16825,0.18291,0.2632
0.054454,0.2131,27.006,0.18954,0.17436,0.18762
0.062308,0.2255,26.957,0.23195,0.18518,0.047298
0.062657,0.24993,26.915,0.25098,0.20577,-0.019373
0.061436,0.28135,26.882,0.28885,0.27384,-0.13893
0.069813,0.31625,26.857,0.3084,0.31922,-0.18937
0.07854,0.35535,26.839,0.32009,0.37176,-0.2344
0.079238,0.4023,26.832,0.31538,0.50091,-0.318
0.070337,0.45221,26.831,0.30194,0.57282,-0.35378
0.065101,0.50946,26.837,0.2885,0.65659,-0.38153
0.083427,0.56758,26.848,0.26826,0.82275,-0.41958
0.064403,0.62204,26.866,0.22235,0.91769,-0.43249
0.064926,0.67021,26.889,0.15376,1.0732,-0.43284
0.059516,0.71279,26.923,0.091804,1.1476,-0.42987
0.032114,0.74892,26.958,0.027053,1.2074,-0.41713
0.014486,0.77161,26.999,-0.067544,1.2863,-0.35762
-0.0075049,0.78069,27.039,-0.11764,1.3074,-0.31765
-0.016755,0.77859,27.082,-0.14608,1.3134,-0.26773
-0.0087266,0.76568,27.127,-0.14521,1.2826,-0.1391
0.011345,0.74159,27.171,-0.13683,1.2523,-0.068417
0.026878,0.70895,27.215,-0.10873,1.1657,0.077667
0.040666,0.66864,27.259,-0.081856,1.1099,0.1508
0.05428,0.62326,27.3,-0.052709,1.0503,0.21764
0.071384,0.57369,27.333,0.0097738,0.92171,0.33947
0.088488,0.52674,27.357,0.042761,0.85277,0.39043
0.10001,0.47298,27.371,0.07086,0.71593,0.46147
0.10908,0.41783,27.377,0.080983,0.64176,0.4852
0.11659,0.36233,27.379,0.10228,0.56776,0.50318
0.12776,0.30561,27.374,0.15446,0.4283,0.52133
0.14504,0.2508,27.358,0.16703,0.3639,0.51871
0.15429,0.20001,27.338,0.17191,0.30072,0.50562
0.15202,0.15045,27.315,0.19164,0.18099,0.44314
0.13456,0.10821,27.287,0.19303,0.12514,0.39235
0.10088,0.075922,27.249,0.2049,0.038048,0.28955
0.090583,0.052534,27.201,0.23213,0.008203,0.23789
0.092852,0.042237,27.153,0.24487,-0.011345,0.18274
0.072955,0.046251,27.115,0.22777,-0.012043,0.055676
0.0076794,0.062134,27.082,0.23667,0.0068068,-0.0071558
-0.00069813,0.090408,27.052,0.27175,0.03159,-0.064403
-0.0071558,0.12409,27.029,0.30508,0.10559,-0.1775
-0.0034907,0.16371,27.013,0.32585,0.15237,-0.22462
0.0033161,0.20839,27.009,0.35675,0.27122,-0.29356
0.020246,0.25604,27.016,0.3564,0.34051,-0.32376
0.035605,0.30683,27.025,0.36146,0.41329,-0.34278
0.031241,0.35867,27.039,0.35936,0.57352,-0.37507
0.03351,0.40596,27.058,0.34854,0.65624,-0.38834
0.04119,0.45361,27.08,0.33755,0.73827,-0.39305
0.03351,0.49916,27.11,0.3002,0.88488,-0.38013
0.030369,0.52779,27.144,0.2714,0.9423,-0.35971
0.032638,0.54803,27.184,0.20543,1.0493,-0.28484
0.042237,0.562,27.231,0.185,1.0891,-0.23178
0.057421,0.56933,27.282,0.16773,1.1174,-0.1693
0.072082,0.56479,27.338,0.16005,1.1331,-0.020944
0.090757,0.54646,27.397,0.15499,1.1221,0.060912
0.093375,0.51819,27.453,0.14015,1.1008,0.13963
0.097913,0.47979,27.506,0.13683,1.0194,0.28938
0.10821,0.43494,27.553,0.1508,0.96342,0.35675
0.11694,0.38572,27.593,0.17471,0.83811,0.46618
0.12025,0.33353,27.621,0.18186,0.77004,0.50545
0.12601,0.28082,27.637,0.19181,0.69988,0.53407
0.12915,0.22864,27.642,0.22602,0.55083,0.56653
0.12741,0.17541,27.634,0.23806,0.47647,0.5681
0.12427,0.12444,27.615,0.24784,0.403,0.55973
0.122,0.079238,27.586,0.26826,0.26651,0.51889
0.1227,0.037176,27.551,0.28344,0.20316,0.49044
0.12723,0.00069813,27.512,0.30631,0.093375,0.41242
0.11938,-0.028274,27.475,0.30997,0.047647,0.35884
0.10228,-0.045204,27.44,0.32166,0.015708,0.2988
0.10193,-0.048346,27.401,0.39549,-0.010821,0.18623
0.12374,-0.038397,27.36,0.44087,-0.011519,0.13422
0.14591,-0.021642,27.322,0.47665,-0.0055851,0.076794
0.15376,0.0038397,27.288,0.53006,0.024086,-0.042761
0.16354,0.036303,27.258,0.55152,0.049044,-0.10036
0.16424,0.074176,27.234,0.58067,0.1199,-0.22166
0.17802,0.12147,27.221,0.60633,0.16703,-0.2789
0.2234,0.16685,27.213,0.62919,0.21258,-0.32987
0.23841,0.2131,27.204,0.61837,0.33388,-0.4208
0.24819,0.26721,27.198,0.61069,0.39951,-0.45675
0.23405,0.318,27.198,0.5798,0.53058,-0.525
0.24365,0.36477,27.208,0.55519,0.58573,-0.55851
0.20926,0.41294,27.225,0.50545,0.64839,-0.58748
0.18064,0.45693,27.237,0.42953,0.78557,-0.61296
0.17994,0.49498,27.247,0.41434,0.84038,-0.60755
0.16598,0.52639,27.261,0.37612,0.8971,-0.60022
0.17174,0.55065,27.281,0.30037,1.0078,-0.55659
0.17663,0.5709,27.308,0.2789,1.0523,-0.51138
0.18221,0.5805,27.336,0.24208,1.1107,-0.39828
0.19129,0.58085,27.371,0.22462,1.1236,-0.3358
0.18902,0.56618,27.412,0.21136,1.1256,-0.26791
0.16616,0.54123,27.455,0.17261,1.0943,-0.1227
0.15464,0.50946,27.491,0.16301,1.0669,-0.052185
0.16738,0.47351,27.529,0.17139,1.029,0.019373
0.17471,0.42481,27.563,0.20228,0.92642,0.16982
0.18518,0.37367,27.596,0.21276,0.86586,0.23492
0.18378,0.32254,27.622,0.18902,0.75102,0.33161
0.18815,0.27402,27.634,0.21921,0.68818,0.37245
0.2152,0.21869,27.633,0.25639,0.62116,0.41382
0.23789,0.1679,27.629,0.28536,0.48887,0.45466
0.23876,0.11851,27.624,0.28833,0.42272,0.45623
0.23928,0.072082,27.61,0.29897,0.35762,0.45221
0.24103,0.028798,27.591,0.3283,0.23335,0.42446
0.24504,-0.010647,27.566,0.33528,0.17471,0.39549
0.22742,-0.042935,27.536,0.33807,0.068068,0.31311
0.21328,-0.068242,27.501,0.34627,0.021118,0.26424
0.19792,-0.087965,27.462,0.35413,-0.021642,0.20752
0.17122,-0.099135,27.422,0.3639,-0.082554,0.08203
0.1508,-0.10001,27.383,0.38275,-0.10018,0.018326
0.13352,-0.093026,27.345,0.403,-0.10856,-0.047473
0.12409,-0.071733,27.31,0.42481,-0.096517,-0.20036
0.090583,-0.03002,27.275,0.41417,-0.066672,-0.27751
0.073653,0.016406,27.246,0.44087,0.007854,-0.41591
0.053058,0.065275,27.222,0.44838,0.058469,-0.48189
0.044855,0.11537,27.207,0.45239,0.11222,-0.54454
0.039095,0.16249,27.196,0.47002,0.2248,-0.64315
0.038397,0.20752,27.19,0.47264,0.28466,-0.68399
0.035081,0.25883,27.19,0.47054,0.35395,-0.72257
0.050091,0.30473,27.189,0.47979,0.49951,-0.77632
0.060563,0.35081,27.19,0.47647,0.56776,-0.79884
0.050265,0.39462,27.203,0.43755,0.70825,-0.83043
0.055152,0.43337,27.221,0.41609,0.77597,-0.83374
0.050091,0.47298,27.246,0.38415,0.84648,-0.82938
0.038572,0.50807,27.28,0.29583,0.97861,-0.79849
0.037525,0.53407,27.321,0.25098,1.0364,-0.76882
0.027925,0.55309,27.367,0.20211,1.087,-0.73199
0.016406,0.56531,27.419,0.10612,1.147,-0.65258
0.014486,0.56549,27.466,0.074176,1.1582,-0.599
0.012566,0.55728,27.513,0.051138,1.1453,-0.48189
0.034732,0.54227,27.553,0.051487,1.1299,-0.41836
0.053233,0.52465,27.599,0.052185,1.1053,-0.35517
0.051138,0.4962,27.642,0.052883,1.0367,-0.22934
0.059167,0.45972,27.681,0.063705,0.9889,-0.16057
0.058119,0.41486,27.717,0.062832,0.87389,-0.036128
0.064403,0.3625,27.745,0.071035,0.80721,0.021468
0.072606,0.30665,27.765,0.090583,0.73723,0.075922
0.083252,0.2515,27.776,0.10856,0.58486,0.15882
0.083427,0.18884,27.782,0.10926,0.50492,0.18221
0.076271,0.12811,27.777,0.11083,0.42516,0.19303
0.06929,0.071035,27.763,0.1131,0.26738,0.17994
-0.0034907,-0.087441,27.63,0.13125,-0.031765,-0.028274
-0.012392,-0.10367,27.585,0.16232,-0.099309,-0.14748
-0.016755,-0.10908,27.541,0.17174,-0.11414,-0.21066
-0.014137,-0.10716,27.501,0.19129,-0.12217,-0.27541
-0.012217,-0.094248,27.462,0.25203,-0.10559,-0.40457
0.012392,-0.070337,27.423,0.29671,-0.084648,-0.46548
0.042935,-0.037699,27.387,0.3564,-0.026704,-0.59498
0.045204,0.0033161,27.357,0.37559,0.011345,-0.65729
0.036652,0.051487,27.334,0.39532,0.059167,-0.7196
0.044157,0.10228,27.312,0.43406,0.17523,-0.82449
0.055327,0.15411,27.299,0.45431,0.23928,-0.87022
0.060912,0.19827,27.291,0.477,0.29967,-0.90617
0.075922,0.24696,27.288,0.48014,0.43686,-0.97215
0.087616,0.3002,27.289,0.47787,0.50964,-1.0006
0.080983,0.35692,27.296,0.45553,0.66549,-1.0404
0.086045,0.40823,27.309,0.43546,0.74299,-1.0514
0.082729,0.45728,27.332,0.40212,0.82257,-1.0552
0.076794,0.49794,27.361,0.32027,0.96168,-1.0353
0.065101,0.52849,27.399,0.27733,1.0196,-1.0095
0.052883,0.55065,27.446,0.23213,1.0697,-0.97389
0.050615,0.56392,27.495,0.1693,1.1345,-0.87144
0.047298,0.56828,27.546,0.14591,1.15,-0.81105
0.051313,0.562,27.6,0.12287,1.1488,-0.67632
0.058643,0.54489,27.656,0.12462,1.1315,-0.60353
0.068242,0.51854,27.706,0.13317,1.1037,-0.53023
0.075922,0.48171,27.754,0.15935,1.0193,-0.39584
