-0.37298,1.0441,-0.2714,-0.072257,0.41085,-0.039095
-0.37001,1.0482,-0.27314,-0.081507,0.44925,-0.042761
-0.36617,1.0526,-0.27402,-0.096517,0.51976,-0.050615
-0.36373,1.0554,-0.27524,-0.10332,0.55275,-0.054629
-0.36006,1.0582,-0.27611,-0.10908,0.61645,-0.066148
-0.35413,1.0613,-0.27751,-0.11153,0.6442,-0.070686
-0.35046,1.0626,-0.27855,-0.11694,0.67073,-0.075049
-0.34837,1.0638,-0.2789,-0.12828,0.71663,-0.078365
-0.34837,1.0638,-0.27908,-0.13666,0.73705,-0.079063
-0.35064,1.0627,-0.27786,-0.14416,0.75852,-0.081158
-0.35064,1.0624,-0.27803,-0.15307,0.79901,-0.086045
-0.35029,1.0626,-0.27943,-0.16109,0.81804,-0.087965
-0.35168,1.0629,-0.28082,-0.17645,0.85556,-0.095295
-0.34959,1.0647,-0.28222,-0.18134,0.87319,-0.097738
-0.34837,1.0662,-0.28327,-0.18588,0.89151,-0.10193
-0.34488,1.0688,-0.28414,-0.18605,0.92729,-0.10804
-0.34313,1.0715,-0.28466,-0.18675,0.9437,-0.11118
-0.34627,1.0732,-0.28571,-0.1871,0.95888,-0.1138
-0.34976,1.0751,-0.28693,-0.19076,0.98838,-0.12008
-0.35709,1.0765,-0.28763,-0.1946,1.0015,-0.12374
-0.35919,1.0777,-0.28833,-0.20019,1.0266,-0.12968
-0.35919,1.079,-0.28903,-0.20333,1.0379,-0.13177
-0.35675,1.0798,-0.28955,-0.2063,1.0486,-0.13422
-0.35325,1.0807,-0.29025,-0.20857,1.0702,-0.13963
-0.35133,1.0814,-0.29095,-0.20944,1.0805,-0.14172
-0.34819,1.0821,-0.29147,-0.21049,1.09,-0.14399
-0.34488,1.0832,-0.2913,-0.21136,1.1097,-0.1487
-0.34191,1.0847,-0.29147,-0.20979,1.1193,-0.14957
-0.34016,1.0858,-0.2913,-0.20979,1.1352,-0.15324
-0.33772,1.0865,-0.29077,-0.21084,1.1425,-0.15464
-0.33702,1.0872,-0.2906,-0.21188,1.1496,-0.15638
-0.33563,1.0875,-0.2906,-0.21555,1.1638,-0.16057
-0.33301,1.0886,-0.29077,-0.21642,1.1708,-0.16232
-0.33039,1.0893,-0.29112,-0.21712,1.1772,-0.16441
-0.32847,1.0901,-0.2913,-0.2227,1.1861,-0.16598
-0.32777,1.0894,-0.29042,-0.22759,1.1905,-0.16493
-0.3283,1.0887,-0.28885,-0.22742,1.2039,-0.16424
-0.3255,1.0896,-0.28815,-0.22497,1.2109,-0.16424
-0.32254,1.0917,-0.28798,-0.22358,1.2182,-0.16493
-0.31835,1.0938,-0.28763,-0.22323,1.2292,-0.1679
-0.31398,1.0962,-0.28711,-0.22096,1.2346,-0.17052
-0.30805,1.098,-0.28693,-0.2159,1.2399,-0.17279
-0.30404,1.0983,-0.28711,-0.20874,1.2453,-0.1768
-0.29985,1.0971,-0.28711,-0.2056,1.2463,-0.17785
-0.2981,1.095,-0.28676,-0.20193,1.247,-0.18134
-0.29514,1.094,-0.28536,-0.196,1.2472,-0.18082
-0.29025,1.0933,-0.28431,-0.19443,1.2446,-0.17733
-0.29479,1.0914,-0.28082,-0.19862,1.2381,-0.16808
-0.29548,1.0894,-0.27402,-0.19862,1.2355,-0.15865
-0.29723,1.087,-0.26669,-0.20019,1.2331,-0.14853
-0.30142,1.083,-0.25883,-0.20089,1.2266,-0.12409
-0.30229,1.0791,-0.25011,-0.19932,1.2237,-0.11013
-0.30805,1.0751,-0.24173,-0.19286,1.2181,-0.081507
-0.30788,1.0715,-0.23405,-0.18413,1.217,-0.067719
-0.30735,1.0674,-0.22585,-0.17698,1.2168,-0.055327
-0.29985,1.0655,-0.21974,-0.15167,1.2165,-0.030543
-0.2913,1.065,-0.21363,-0.1398,1.2188,-0.017628
-0.28431,1.0655,-0.20874,-0.13265,1.2193,-0.0048869
-0.2789,1.0662,-0.20316,-0.10943,1.2216,0.017104
-0.26669,1.0678,-0.19687,-0.091106,1.2252,0.027576
-0.25901,1.0708,-0.19164,-0.064926,1.2313,0.043982
-0.24993,1.0741,-0.18675,-0.05428,1.2312,0.050789
-0.23946,1.0798,-0.18396,-0.039968,1.2329,0.058294
-0.23283,1.0858,-0.18256,-0.016581,1.2366,0.074351
-0.22393,1.0908,-0.17994,-0.007854,1.236,0.082729
-0.21625,1.0945,-0.17593,0.0038397,1.2352,0.089361
-0.20996,1.0997,-0.17244,0.025307,1.2355,0.10175
-0.20769,1.1046,-0.16982,0.030369,1.2327,0.10769
-0.19932,1.1086,-0.16877,0.046077,1.2254,0.12339
-0.19199,1.1123,-0.16668,0.058818,1.2228,0.13125
-0.18413,1.116,-0.16284,0.068591,1.2202,0.13823
-0.18029,1.1202,-0.15917,0.08779,1.2107,0.15272
-0.15778,1.1311,-0.15324,0.122,1.1961,0.18553
-0.1508,1.1352,-0.15097,0.13142,1.1928,0.19408
-0.14364,1.1402,-0.1494,0.14382,1.1863,0.20769
-0.13736,1.1451,-0.14661,0.15202,1.1851,0.21345
-0.13317,1.1514,-0.14591,0.15411,1.183,0.21782
-0.12636,1.1575,-0.14643,0.16476,1.1771,0.22585
-0.1213,1.1627,-0.14573,0.17261,1.1739,0.22846
-0.11118,1.1668,-0.14539,0.18169,1.1713,0.23178
-0.10123,1.1706,-0.14521,0.19949,1.165,0.23894
-0.094073,1.1736,-0.14434,0.20839,1.1585,0.24103
-0.084299,1.176,-0.14294,0.2323,1.15,0.24696
-0.073827,1.1793,-0.14259,0.24068,1.146,0.24941
-0.064403,1.1821,-0.14224,0.24749,1.1404,0.2515
-0.055501,1.183,-0.14067,0.26302,1.1287,0.25621
-0.048869,1.1839,-0.13963,0.27314,1.1229,0.25848
-0.038048,1.184,-0.13858,0.28344,1.1175,0.26285
-0.026354,1.1826,-0.13683,0.29775,1.1069,0.27035
-0.019722,1.1826,-0.13509,0.30596,1.106,0.27506
-0.015533,1.1821,-0.1323,0.32236,1.0961,0.28257
-0.0050615,1.1821,-0.12898,0.33266,1.0912,0.28728
0.0033161,1.1819,-0.12601,0.34104,1.087,0.2913
0.0083776,1.1807,-0.12392,0.35221,1.0776,0.29915
0.010996,1.1776,-0.12217,0.35308,1.0692,0.30299
0.019897,1.175,-0.11956,0.35343,1.0617,0.30683
0.031241,1.1737,-0.1138,0.37472,1.0538,0.31538
0.038921,1.1744,-0.10908,0.38188,1.0516,0.3187
0.04852,1.175,-0.10437,0.392,1.0482,0.32219
0.052709,1.1765,-0.10158,0.39689,1.0432,0.32341
0.061087,1.1751,-0.10001,0.40404,1.0428,0.32673
0.066497,1.1708,-0.097738,0.40561,1.0341,0.33388
0.065624,1.1634,-0.093026,0.4126,1.0275,0.33912
0.078016,1.1573,-0.085172,0.42185,1.0229,0.34331
0.086394,1.1537,-0.078016,0.44401,1.0147,0.34732
0.093375,1.1526,-0.073304,0.45012,1.0121,0.3475
0.10123,1.1498,-0.068766,0.45501,1.0064,0.3454
0.10472,1.1476,-0.067195,0.46548,0.9978,0.34366
0.11537,1.143,-0.06545,0.47089,0.99344,0.34261
0.12392,1.1364,-0.061436,0.48101,0.98471,0.34435
0.13299,1.1292,-0.055501,0.48101,0.97808,0.34889
0.14608,1.1179,-0.044506,0.49131,0.97354,0.35587
0.14696,1.109,-0.034034,0.50562,0.96517,0.37018
0.15516,1.1023,-0.024086,0.51749,0.96133,0.37699
0.1686,1.1022,-0.017628,0.52936,0.96115,0.38275
0.18326,1.0978,-0.013614,0.53896,0.95801,0.38467
0.19286,1.0971,-0.011694,0.54332,0.95679,0.38188
0.20316,1.0948,-0.010123,0.54803,0.95295,0.3742
0.21031,1.0893,-0.0080285,0.55048,0.94632,0.36792
0.21904,1.0828,-0.0066323,0.55379,0.94649,0.36547
0.23143,1.0825,-0.0045379,0.55065,0.9444,0.35378
0.2323,1.0819,-0.0034907,0.54995,0.94213,0.34819
0.24766,1.0802,-0.0050615,0.55205,0.94248,0.344
0.25255,1.0812,-0.0080285,0.55187,0.94318,0.33179
0.2625,1.0821,-0.0094248,0.5503,0.94387,0.32428
0.26826,1.0856,-0.014312,0.54192,0.94719,0.30683
0.27384,1.09,-0.020595,0.53721,0.95016,0.29618
0.28152,1.0938,-0.026878,0.5325,0.95225,0.28449
0.28833,1.0983,-0.033161,0.51941,0.95993,0.26215
0.29234,1.1034,-0.039444,0.51435,0.96517,0.2522
0.29775,1.1111,-0.046775,0.50824,0.97023,0.24051
0.30124,1.1165,-0.054454,0.4948,0.98279,0.21363
0.30561,1.1289,-0.063355,0.48555,0.99257,0.19792
0.30927,1.1413,-0.072431,0.46565,1.0149,0.16598
0.30962,1.1544,-0.08238,0.45605,1.029,0.14748
0.30369,1.1727,-0.094248,0.44698,1.0439,0.13055
0.30526,1.1882,-0.10612,0.42412,1.0732,0.095295
0.30281,1.2039,-0.11694,0.41103,1.0891,0.075398
0.29618,1.2198,-0.12654,0.39811,1.1051,0.05969
0.2885,1.2366,-0.13683,0.37071,1.1374,0.025307
0.28239,1.2526,-0.14469,0.35762,1.1537,0.0083776
0.27402,1.269,-0.15324,0.33109,1.1851,-0.023213
0.26791,1.2839,-0.16214,0.31922,1.2013,-0.033336
0.25901,1.2968,-0.1686,0.30857,1.2134,-0.044331
0.25307,1.3066,-0.17383,0.28746,1.2348,-0.06161
0.24086,1.3142,-0.17907,0.27314,1.2428,-0.067195
0.2323,1.3202,-0.18169,0.26442,1.2456,-0.073129
0.22323,1.3242,-0.18291,0.25569,1.2552,-0.080634
0.21485,1.3294,-0.18483,0.25011,1.2589,-0.08587
0.20752,1.335,-0.1878,0.23859,1.2692,-0.096517
0.20368,1.3401,-0.18919,0.23405,1.2755,-0.1035
0.19844,1.3451,-0.19007,0.23073,1.2846,-0.10978
0.19356,1.3532,-0.19234,0.23143,1.2989,-0.12374
0.19844,1.3615,-0.19443,0.23963,1.3079,-0.12863
0.20019,1.3703,-0.19652,0.24766,1.3179,-0.13596
0.19495,1.3781,-0.19967,0.24487,1.3341,-0.15027
0.19513,1.384,-0.20228,0.23754,1.3411,-0.1583
0.1871,1.3874,-0.20525,0.22061,1.3551,-0.17157
0.18012,1.3917,-0.20752,0.21468,1.3629,-0.17663
0.17488,1.3945,-0.20769,0.20996,1.3713,-0.18291
0.16232,1.3987,-0.20892,0.19076,1.3898,-0.19513
0.15027,1.4024,-0.21101,0.17785,1.3977,-0.20193
0.14416,1.405,-0.21223,0.16773,1.4074,-0.21118
0.13404,1.4099,-0.21468,0.15394,1.4258,-0.22393
0.12305,1.4142,-0.21921,0.14137,1.4364,-0.22881
0.11606,1.417,-0.22183,0.122,1.4537,-0.24208
0.10629,1.4203,-0.22375,0.11851,1.461,-0.24993
0.10193,1.4238,-0.22672,0.11397,1.4696,-0.25552
0.098088,1.4261,-0.22881,0.098262,1.482,-0.27192
0.093899,1.4265,-0.23073,0.092328,1.4884,-0.27978
0.089012,1.4266,-0.2344,0.088837,1.4938,-0.28588
0.084648,1.4265,-0.23684,0.075573,1.5022,-0.30142
0.08046,1.4249,-0.23894,0.068766,1.5073,-0.31049
0.0747,1.4231,-0.24208,0.055152,1.5134,-0.32411
0.069464,1.4212,-0.24504,0.049916,1.5167,-0.33109
0.065101,1.4188,-0.24819,0.043459,1.52,-0.33807
0.060214,1.4162,-0.25098,0.032289,1.5252,-0.35221
0.054629,1.4134,-0.25307,0.02618,1.527,-0.35989
0.049044,1.4111,-0.25569,0.020071,1.5275,-0.36652
0.043284,1.4071,-0.25883,0.0057596,1.5287,-0.37856
0.038223,1.4032,-0.26093,0.0013963,1.5275,-0.38502
0.035605,1.3991,-0.26354,-0.0076794,1.5275,-0.39776
0.029845,1.3942,-0.26651,-0.014312,1.5263,-0.40439
0.025482,1.3891,-0.26861,-0.019024,1.5252,-0.41155
0.023736,1.384,-0.27053,-0.025307,1.5242,-0.42603
0.019024,1.3795,-0.27314,-0.030543,1.5231,-0.43319
0.016057,1.3755,-0.27594,-0.036477,1.523,-0.44087
0.012217,1.3713,-0.27838,-0.042761,1.5238,-0.45605
0.010123,1.3682,-0.28152,-0.046077,1.5235,-0.46286
0.0036652,1.3638,-0.28501,-0.056549,1.5214,-0.47839
0.0027925,1.36,-0.28798,-0.057596,1.52,-0.48607
0.00069813,1.3561,-0.29147,-0.060388,1.5184,-0.49358
0.00069813,1.3519,-0.29461,-0.065275,1.5116,-0.50894
-0.0036652,1.3456,-0.29793,-0.071558,1.5073,-0.51714
-0.0036652,1.3401,-0.30055,-0.075049,1.5019,-0.5243
-0.0064577,1.3334,-0.30316,-0.079936,1.4944,-0.53791
-0.010647,1.3263,-0.30543,-0.085696,1.4905,-0.54454
-0.016406,1.3202,-0.30735,-0.089535,1.487,-0.55676
-0.021817,1.3149,-0.31067,-0.096342,1.4846,-0.56426
-0.028623,1.3097,-0.31364,-0.10263,1.4816,-0.57125
-0.032114,1.3053,-0.31678,-0.11188,1.4771,-0.58503
-0.037176,1.3004,-0.32009,-0.11502,1.4746,-0.59167
-0.039968,1.2956,-0.32323,-0.11921,1.4706,-0.59795
-0.044331,1.29,-0.32655,-0.12758,1.4622,-0.61139
-0.048171,1.284,-0.32969,-0.13282,1.4568,-0.6175
-0.052011,1.2779,-0.33266,-0.14085,1.4462,-0.63024
-0.055152,1.2711,-0.33528,-0.14364,1.4402,-0.63635
-0.058469,1.2641,-0.33772,-0.14783,1.4345,-0.64315
-0.062832,1.2572,-0.33982,-0.15778,1.4223,-0.65607
-0.068417,1.2498,-0.34208,-0.16249,1.4163,-0.66148
-0.072431,1.2427,-0.34366,-0.16703,1.4113,-0.66776
-0.077144,1.2364,-0.34558,-0.17139,1.4036,-0.67841
-0.081681,1.2308,-0.34837,-0.17226,1.4001,-0.68295
-0.085347,1.2254,-0.35186,-0.17959,1.3931,-0.6929
-0.089535,1.2209,-0.35465,-0.1864,1.3893,-0.6997
-0.093026,1.2165,-0.35692,-0.18727,1.3877,-0.70529
-0.096517,1.2123,-0.35971,-0.19356,1.3818,-0.71506
-0.099658,1.2079,-0.36163,-0.19827,1.3772,-0.72065
-0.10315,1.2032,-0.3632,-0.19914,1.3732,-0.72518
-0.10681,1.1975,-0.36477,-0.20473,1.3635,-0.73443
-0.11013,1.1917,-0.36547,-0.21066,1.357,-0.7388
-0.11467,1.1856,-0.36704,-0.21747,1.3444,-0.74526
-0.11903,1.1779,-0.36774,-0.2131,1.3427,-0.74822
-0.12287,1.1675,-0.36826,-0.20577,1.3418,-0.7552
-0.13055,1.1589,-0.37245,-0.22462,1.3378,-0.78226
-0.14032,1.1559,-0.38188,-0.23754,1.3406,-0.79674
-0.14678,1.1579,-0.39444,-0.25185,1.3467,-0.81524
-0.15184,1.1638,-0.40684,-0.26302,1.3685,-0.85416
-0.15621,1.1701,-0.41923,-0.26965,1.3779,-0.87458
-0.15795,1.1755,-0.42953,-0.28274,1.39,-0.90932
-0.16371,1.1786,-0.43895,-0.28746,1.3943,-0.92555
-0.1679,1.1788,-0.4468,-0.28955,1.3956,-0.93934
-0.17314,1.1757,-0.45256,-0.29583,1.3938,-0.96552
-0.18274,1.1704,-0.4578,-0.29636,1.39,-0.97529
-0.18989,1.1631,-0.46269,-0.29636,1.3856,-0.98367
-0.196,1.1545,-0.46688,-0.2974,1.3717,-0.99903
-0.20368,1.1448,-0.47106,-0.30351,1.3629,-1.0062
-0.21241,1.1343,-0.4749,-0.31678,1.3418,-1.0196
-0.21991,1.1231,-0.47839,-0.32062,1.3303,-1.0242
-0.22759,1.1104,-0.48189,-0.32882,1.3169,-1.029
-0.23597,1.0959,-0.4852,-0.34104,1.2896,-1.0388
-0.2433,1.0814,-0.48817,-0.3447,1.2762,-1.0432
-0.24871,1.0667,-0.49096,-0.34802,1.2636,-1.0484
-0.25604,1.0523,-0.49393,-0.36093,1.2383,-1.0617
-0.26232,1.039,-0.49777,-0.36687,1.2275,-1.0685
-0.26913,1.0271,-0.50248,-0.37891,1.2086,-1.0828
-0.27454,1.0163,-0.50754,-0.38327,1.2004,-1.0896
-0.2796,1.0064,-0.5126,-0.38886,1.1919,-1.0966
-0.28571,0.99554,-0.51749,-0.40108,1.1746,-1.1102
-0.29077,0.98506,-0.52168,-0.40596,1.1655,-1.117
-0.29548,0.97407,-0.52552,-0.40858,1.1566,-1.1229
-0.29967,0.96133,-0.52918,-0.41626,1.136,-1.1341
-0.30508,0.94824,-0.53233,-0.42324,1.1257,-1.1404
-0.31049,0.93585,-0.53564,-0.4297,1.1079,-1.1524
-0.31556,0.92363,-0.53983,-0.43302,1.099,-1.158
-0.31905,0.91211,-0.54384,-0.43755,1.0901,-1.1648
-0.32411,0.90042,-0.54768,-0.44401,1.0749,-1.1797
-0.3283,0.88907,-0.55135,-0.4475,1.0674,-1.1872
-0.33283,0.87825,-0.55606,-0.45134,1.0599,-1.1943
-0.3365,0.86725,-0.56112,-0.4578,1.0435,-1.2088
-0.34034,0.85539,-0.56601,-0.46059,1.0357,-1.2168
-0.34243,0.84387,-0.57037,-0.46373,1.0193,-1.2319
-0.34645,0.83147,-0.57456,-0.46635,1.0112,-1.2394
-0.34941,0.81943,-0.57858,-0.47037,1.0041,-1.2483
-0.35116,0.80913,-0.58311,-0.47264,0.99362,-1.2647
-0.35413,0.80006,-0.58887,-0.4749,0.98925,-1.2727
-0.35709,0.79116,-0.59551,-0.47892,0.98471,-1.2807
-0.36111,0.78226,-0.60266,-0.48677,0.97337,-1.2975
-0.3646,0.77283,-0.60947,-0.49009,0.96691,-1.306
-0.36844,0.76096,-0.6147,-0.49532,0.95033,-1.3226
-0.37071,0.74787,-0.61924,-0.4969,0.93916,-1.3291
-0.37315,0.73304,-0.62396,-0.49864,0.92677,-1.335
-0.37612,0.71646,-0.62884,-0.5044,0.89797,-1.3437
-0.37804,0.69866,-0.63338,-0.50597,0.88279,-1.3486
-0.37961,0.68015,-0.63687,-0.50632,0.86725,-1.3521
-0.38275,0.66043,-0.63984,-0.50964,0.83741,-1.3615
-0.38589,0.64176,-0.64263,-0.51243,0.8231,-1.3659
-0.38816,0.62396,-0.64595,-0.51662,0.795,-1.3758
-0.39095,0.60563,-0.64856,-0.51819,0.78121,-1.3809
-0.39392,0.588,-0.65136,-0.52063,0.76899,-1.387
-0.39654,0.57055,-0.65415,-0.52377,0.74613,-1.3985
-0.39811,0.55449,-0.65624,-0.52534,0.73601,-1.4055
-0.4002,0.53931,-0.65851,-0.52569,0.72641,-1.4121
-0.40317,0.52465,-0.66043,-0.53128,0.7086,-1.4265
-0.40527,0.51051,-0.66165,-0.53215,0.70058,-1.4331
-0.40719,0.49672,-0.66253,-0.53267,0.69255,-1.4394
-0.40841,0.48398,-0.6648,-0.53285,0.67684,-1.4497
-0.41085,0.47054,-0.66689,-0.53529,0.66811,-1.4554
-0.41068,0.45815,-0.66864,-0.53477,0.6524,-1.4661
-0.41277,0.44488,-0.67073,-0.53599,0.64438,-1.4717
-0.41469,0.43197,-0.673,-0.53931,0.636,-1.4776
-0.41678,0.4187,-0.67527,-0.54245,0.62046,-1.4902
-0.41818,0.40649,-0.67719,-0.5435,0.61331,-1.4973
-0.42254,0.3941,-0.67981,-0.54594,0.60737,-1.5048
-0.42586,0.38205,-0.68295,-0.55519,0.59428,-1.5228
-0.429,0.37071,-0.68766,-0.55903,0.58835,-1.5321
-0.43179,0.35884,-0.69307,-0.56514,0.57544,-1.5497
-0.43494,0.34558,-0.69866,-0.56915,0.56723,-1.5584
-0.4386,0.33179,-0.70407,-0.57352,0.55781,-1.5663
-0.44279,0.31643,-0.70895,-0.57962,0.53599,-1.5792
-0.44471,0.29863,-0.71314,-0.58085,0.5236,-1.5849
-0.44541,0.28065,-0.71576,-0.58137,0.50999,-1.59
-0.44593,0.26197,-0.71681,-0.58067,0.48223,-1.5996
-0.44541,0.244,-0.71716,-0.5805,0.46932,-1.605
-0.44558,0.22689,-0.71768,-0.57893,0.44646,-1.6153
-0.4468,0.21066,-0.71925,-0.58085,0.43494,-1.6205
-0.4482,0.19478,-0.72117,-0.58451,0.42429,-1.6261
-0.44977,0.17977,-0.72326,-0.58643,0.40282,-1.6362
-0.45134,0.16406,-0.72536,-0.58748,0.39183,-1.6406
-0.45082,0.14853,-0.72693,-0.58887,0.38031,-1.645
-0.45064,0.13299,-0.7285,-0.5873,0.35744,-1.6521
-0.44977,0.11694,-0.7292,-0.58695,0.34505,-1.6546
-0.44977,0.10036,-0.72972,-0.58748,0.31922,-1.6589
-0.44803,0.083427,-0.7292,-0.58556,0.30508,-1.6591
-0.44576,0.065973,-0.72833,-0.58311,0.28972,-1.6581
-0.44331,0.046775,-0.72588,-0.57735,0.25744,-1.654
-0.44122,0.027402,-0.72239,-0.57229,0.24086,-1.6499
-0.4393,0.0080285,-0.71908,-0.5681,0.22375,-1.6443
-0.43581,-0.010297,-0.71576,-0.55885,0.19111,-1.6307
-0.43476,-0.028449,-0.71192,-0.55449,0.17558,-1.6228
-0.43267,-0.045553,-0.70738,-0.54751,0.14556,-1.6073
-0.43057,-0.06161,-0.70284,-0.54332,0.13299,-1.598
-0.42953,-0.077144,-0.69708,-0.54158,0.12025,-1.5902
-0.42795,-0.090583,-0.68993,-0.53826,0.10123,-1.5755
-0.42795,-0.10123,-0.68312,-0.53599,0.094073,-1.5682
-0.42778,-0.10961,-0.67701,-0.53582,0.087441,-1.561
-0.42778,-0.11816,-0.6723,-0.53651,0.076271,-1.5451
-0.4283,-0.12601,-0.66619,-0.53843,0.070511,-1.5368
-0.42953,-0.13299,-0.65956,-0.53651,0.062308,-1.5148
-0.43441,-0.1412,-0.65328,-0.53878,0.060214,-1.5017
-0.44,-0.14696,-0.65048,-0.5428,0.060039,-1.4863
-0.44349,-0.1501,-0.6463,-0.55222,0.057945,-1.4614
-0.44523,-0.15149,-0.64088,-0.55065,0.060039,-1.449
-0.44558,-0.15254,-0.63547,-0.54943,0.06161,-1.4373
-0.44523,-0.15359,-0.62937,-0.55083,0.060214,-1.4155
-0.44384,-0.15464,-0.62186,-0.54891,0.05969,-1.4059
-0.44331,-0.15533,-0.61383,-0.5435,0.062308,-1.39
-0.44244,-0.15516,-0.60476,-0.54367,0.064752,-1.3849
-0.44192,-0.15341,-0.59725,-0.54175,0.068941,-1.3781
-0.44454,-0.14992,-0.59149,-0.54821,0.07854,-1.3633
-0.44768,-0.14643,-0.588,-0.55117,0.084998,-1.3547
-0.45326,-0.14277,-0.58329,-0.55606,0.091979,-1.3502
-0.4571,-0.13701,-0.57927,-0.55746,0.10769,-1.3366
-0.46042,-0.13125,-0.57509,-0.5592,0.11449,-1.3296
-0.46373,-0.12479,-0.57107,-0.56357,0.12828,-1.3156
-0.4674,-0.11921,-0.56601,-0.56357,0.13422,-1.3074
-0.466,-0.11205,-0.56112,-0.56008,0.1412,-1.2996
-0.46426,-0.10524,-0.55432,-0.55013,0.15499,-1.2828
-0.46286,-0.097913,-0.54768,-0.54734,0.16266,-1.2753
-0.46321,-0.090583,-0.5421,-0.54594,0.17069,-1.2666
-0.46321,-0.080809,-0.53617,-0.54297,0.19042,-1.2518
-0.46356,-0.069813,-0.53023,-0.5407,0.20054,-1.2449
-0.46373,-0.058643,-0.52465,-0.53512,0.22148,-1.2306
-0.46199,-0.046949,-0.51854,-0.53128,0.23178,-1.2247
-0.45972,-0.035081,-0.51243,-0.52639,0.24138,-1.2175
-0.45797,-0.024784,-0.50772,-0.51941,0.2604,-1.2062
-0.45571,-0.012392,-0.50073,-0.51557,0.26878,-1.1987
-0.45693,-0.0012217,-0.49463,-0.5126,0.27733,-1.1915
-0.45326,0.0090757,-0.48852,-0.50649,0.29304,-1.1772
-0.45012,0.01885,-0.48136,-0.49986,0.30264,-1.1702
-0.4489,0.03002,-0.47421,-0.48799,0.32289,-1.1559
-0.44558,0.043459,-0.4681,-0.48398,0.33388,-1.149
-0.44192,0.05777,-0.46234,-0.4777,0.34627,-1.1421
-0.4393,0.072257,-0.45675,-0.46757,0.37001,-1.1298
-0.43406,0.087616,-0.45064,-0.46042,0.38327,-1.1236
-0.43075,0.10297,-0.44454,-0.45431,0.39689,-1.1179
-0.42516,0.11956,-0.43843,-0.43895,0.42464,-1.1065
-0.42028,0.13596,-0.43319,-0.43354,0.43878,-1.102
-0.41818,0.15237,-0.42726,-0.43145,0.45274,-1.0997
-0.41399,0.1693,-0.42132,-0.42953,0.48119,-1.0959
-0.41103,0.18727,-0.41556,-0.42464,0.4962,-1.0938
-0.40631,0.2042,-0.4105,-0.42115,0.51889,-1.0908
-0.40073,0.21939,-0.40335,-0.42342,0.52883,-1.0908
-0.39654,0.23527,-0.3934,-0.41801,0.54053,-1.0896
-0.39078,0.25063,-0.38223,-0.40247,0.56165,-1.0819
-0.3838,0.26546,-0.37141,-0.39567,0.57037,-1.077
-0.37647,0.2796,-0.36111,-0.38886,0.57875,-1.0699
-0.37001,0.29409,-0.34924,-0.36704,0.59795,-1.0561
-0.36285,0.3084,-0.33755,-0.35413,0.60964,-1.0489
-0.35535,0.32358,-0.32707,-0.33755,0.63355,-1.0366
-0.35029,0.34069,-0.3194,-0.32987,0.64472,-1.0276
-0.34226,0.35954,-0.31433,-0.32376,0.65642,-1.0193
-0.33441,0.37786,-0.3084,-0.31294,0.68103,-1.0104
-0.32673,0.39567,-0.30107,-0.2995,0.69447,-1.0046
-0.31922,0.41225,-0.29304,-0.29199,0.70703,-1.0008
-0.31049,0.43057,-0.28693,-0.27419,0.73112,-0.98873
-0.30264,0.44733,-0.28239,-0.2618,0.74421,-0.98297
-0.29147,0.46496,-0.27803,-0.2447,0.76829,-0.97512
-0.2817,0.48276,-0.27332,-0.23475,0.78034,-0.97232
-0.27018,0.50073,-0.26843,-0.22235,0.79273,-0.96936
-0.25883,0.51732,-0.26477,-0.20385,0.81594,-0.96534
-0.24853,0.53372,-0.2618,-0.19548,0.82694,-0.96342
-0.23841,0.55013,-0.25936,-0.1878,0.83828,-0.96255
-0.22881,0.56618,-0.25674,-0.17331,0.86202,-0.9629
-0.21747,0.58346,-0.25482,-0.16476,0.87546,-0.96395
-0.20874,0.60022,-0.25342,-0.15307,0.90391,-0.96709
-0.196,0.61837,-0.2515,-0.14713,0.92031,-0.97005
-0.18064,0.63757,-0.24801,-0.14224,0.93916,-0.97459
-0.16022,0.66026,-0.24312,-0.1302,0.98384,-0.98157
-0.13963,0.68609,-0.23859,-0.11659,1.0112,-0.98437
-0.11327,0.71524,-0.23265,-0.10001,1.0413,-0.98681
-0.089884,0.74578,-0.22829,-0.065101,1.1034,-0.98855
-0.065973,0.77807,-0.22462,-0.046426,1.1338,-0.98925
-0.047647,0.80774,-0.22305,-0.011694,1.1914,-0.99047
-0.032289,0.83479,-0.2227,0.0033161,1.2195,-0.99309
-0.019897,0.85957,-0.22375,0.0185,1.2465,-0.99449
-0.014661,0.88279,-0.22637,0.03002,1.2947,-0.99641
-0.015533,0.90234,-0.22951,0.032289,1.316,-0.99693
-0.016232,0.92171,-0.2337,0.036826,1.336,-0.99571
-0.016057,0.93811,-0.23684,0.044157,1.3662,-0.99501
-0.023387,0.94876,-0.23981,0.046251,1.3783,-0.99449
-0.02426,0.95836,-0.24173,0.049567,1.395,-0.99449
-0.032289,0.96499,-0.24417,0.049916,1.3992,-0.99362
-0.035779,0.96988,-0.24766,0.050964,1.402,-0.99379
-0.041713,0.97197,-0.25115,0.050265,1.4005,-0.99327
-0.049742,0.9711,-0.25482,0.046775,1.3964,-0.99484
-0.05777,0.96674,-0.25761,0.046775,1.3914,-0.99536
-0.067021,0.96063,-0.2611,0.041539,1.376,-0.99693
-0.076794,0.9526,-0.26424,0.034907,1.3685,-0.99885
-0.088488,0.94352,-0.26616,0.024958,1.3535,-1.0034
-0.099135,0.93515,-0.26808,0.02234,1.3458,-1.0048
-0.10751,0.92555,-0.26948,0.018675,1.3366,-1.0067
-0.11903,0.91438,-0.27053,0.0094248,1.3162,-1.0118
-0.13003,0.90234,-0.27245,0.0041888,1.3048,-1.0144
-0.14015,0.88942,-0.27454,-0.00017453,1.2924,-1.0174
-0.15115,0.87476,-0.27681,-0.01309,1.2641,-1.0229
-0.16162,0.85888,-0.27873,-0.019199,1.2486,-1.0266
-0.17349,0.84125,-0.28047,-0.032638,1.2147,-1.0338
-0.1864,0.8224,-0.28222,-0.041539,1.1969,-1.0372
-0.19914,0.8032,-0.28397,-0.050789,1.1783,-1.0414
-0.21276,0.78365,-0.28588,-0.066672,1.1421,-1.0491
-0.22532,0.76341,-0.28798,-0.075224,1.1231,-1.0524
-0.23928,0.74264,-0.28972,-0.083427,1.106,-1.0577
-0.25237,0.72309,-0.29199,-0.10105,1.0736,-1.066
-0.26494,0.70459,-0.29479,-0.10873,1.0591,-1.0695
-0.27873,0.68731,-0.29828,-0.12828,1.0313,-1.0772
-0.29077,0.6709,-0.30212,-0.13579,1.0187,-1.0816
-0.30194,0.65432,-0.30508,-0.14259,1.0055,-1.0856
-0.31311,0.63809,-0.30805,-0.15586,0.97896,-1.0943
-0.32323,0.62099,-0.31067,-0.16336,0.96412,-1.0989
-0.33266,0.60301,-0.31224,-0.16895,0.94998,-1.1029
-0.34243,0.58556,-0.31416,-0.18326,0.91892,-1.1107
-0.35343,0.56741,-0.31556,-0.19042,0.90356,-1.1142
-0.36704,0.54856,-0.3173,-0.20839,0.87144,-1.1212
-0.37577,0.52988,-0.31922,-0.21415,0.85539,-1.1238
-0.38676,0.51068,-0.32062,-0.22131,0.83933,-1.127
-0.39497,0.49236,-0.32219,-0.23178,0.80913,-1.1336
-0.40492,0.47473,-0.32393,-0.23859,0.7943,-1.1374
-0.41382,0.45763,-0.32655,-0.244,0.78051,-1.14
-0.42394,0.44087,-0.32882,-0.25744,0.75398,-1.1474
-0.43284,0.42429,-0.33091,-0.26267,0.74089,-1.1509
-0.44035,0.40806,-0.33301,-0.27088,0.71489,-1.1572
-0.44785,0.39235,-0.33441,-0.27471,0.70372,-1.161
-0.45571,0.37682,-0.33598,-0.2789,0.6922,-1.1647
-0.46426,0.36198,-0.33772,-0.29025,0.67405,-1.1744
-0.47298,0.34784,-0.33982,-0.29531,0.66567,-1.1791
-0.47997,0.33493,-0.34278,-0.29932,0.65747,-1.1837
-0.48695,0.32166,-0.34488,-0.30857,0.64228,-1.1931
-0.49375,0.30945,-0.34645,-0.31224,0.63513,-1.1982
-0.49969,0.2974,-0.34872,-0.3187,0.61924,-1.2064
-0.50684,0.28554,-0.35186,-0.32271,0.61226,-1.2113
-0.51295,0.27402,-0.35517,-0.3269,0.60563,-1.2161
-0.51906,0.26215,-0.35849,-0.33423,0.59202,-1.2256
-0.525,0.25098,-0.36285,-0.33755,0.58503,-1.2303
-0.52918,0.23963,-0.36669,-0.34016,0.5784,-1.2338
-0.53355,0.22759,-0.36949,-0.34784,0.56444,-1.2446
-0.53826,0.21555,-0.37141,-0.35011,0.55816,-1.2507
-0.54192,0.2042,-0.37333,-0.35291,0.54664,-1.2626
-0.54629,0.19286,-0.37437,-0.3557,0.5421,-1.2699
-0.55362,0.18274,-0.37647,-0.35797,0.53686,-1.2765
-0.55589,0.17296,-0.37926,-0.36338,0.52377,-1.2888
-0.5599,0.16266,-0.38362,-0.36373,0.51417,-1.2935
-0.5592,0.1501,-0.38781,-0.36355,0.5037,-1.2977
-0.562,0.13631,-0.38973,-0.36966,0.47997,-1.3079
-0.56426,0.12095,-0.3906,-0.37193,0.46775,-1.3128
-0.57002,0.10507,-0.3913,-0.37961,0.44174,-1.3223
-0.57439,0.089884,-0.392,-0.38485,0.42795,-1.3265
-0.57945,0.074176,-0.39305,-0.38851,0.41486,-1.331
-0.58434,0.058992,-0.39392,-0.39776,0.38973,-1.3399
-0.58992,0.044855,-0.39462,-0.40282,0.37664,-1.3436
-0.59603,0.03002,-0.39636,-0.41033,0.36268,-1.3472
-0.60231,0.015184,-0.39776,-0.42115,0.33475,-1.3519
-0.60825,-0.00034907,-0.39706,-0.42586,0.31992,-1.3533
-0.61209,-0.016581,-0.39602,-0.43302,0.28693,-1.3521
-0.61802,-0.033336,-0.3934,-0.43703,0.27018,-1.3504
-0.62238,-0.049393,-0.39026,-0.43895,0.25307,-1.349
-0.62657,-0.065973,-0.38729,-0.44733,0.2166,-1.3427
-0.63286,-0.08238,-0.3845,-0.45326,0.19687,-1.3392
-0.63862,-0.099484,-0.38031,-0.4564,0.17663,-1.3345
-0.6449,-0.11711,-0.37385,-0.46705,0.13736,-1.3245
-0.64734,-0.13317,-0.36442,-0.47106,0.12025,-1.3182
-0.65485,-0.14661,-0.35605,-0.47508,0.10437,-1.3106
-0.662,-0.15691,-0.34976,-0.48974,0.077144,-1.2971
-0.66741,-0.16877,-0.34243,-0.49358,0.067544,-1.2914
-0.67282,-0.1775,-0.33458,-0.50719,0.049044,-1.2819
-0.67963,-0.18483,-0.32742,-0.514,0.040492,-1.276
-0.68557,-0.19234,-0.31974,-0.51819,0.033685,-1.2708
-0.68836,-0.19775,-0.31102,-0.52308,0.024958,-1.2603
-0.6915,-0.20054,-0.30247,-0.52482,0.023213,-1.2561
-0.69604,-0.20193,-0.29461,-0.53302,0.021642,-1.246
-0.69918,-0.20141,-0.28763,-0.53407,0.023038,-1.2409
-0.70319,-0.20019,-0.28117,-0.53617,0.025307,-1.2364
-0.70494,-0.1974,-0.27419,-0.53826,0.034034,-1.2285
-0.71017,-0.19356,-0.26704,-0.53913,0.039444,-1.2254
-0.71017,-0.18745,-0.26005,-0.54018,0.044855,-1.2207
-0.71471,-0.18186,-0.25325,-0.54,0.057421,-1.212
-0.71454,-0.17628,-0.24522,-0.53966,0.064403,-1.2093
-0.71646,-0.16947,-0.23702,-0.53686,0.071908,-1.206
-0.71925,-0.16249,-0.22986,-0.53983,0.084125,-1.1999
-0.72152,-0.15533,-0.22253,-0.54175,0.088663,-1.1969
-0.72187,-0.14905,-0.21363,-0.53774,0.10088,-1.1935
-0.72169,-0.14137,-0.2049,-0.53459,0.10647,-1.1908
-0.72431,-0.13404,-0.19862,-0.53704,0.11065,-1.1893
-0.72623,-0.12671,-0.19338,-0.54053,0.12444,-1.1896
-0.72466,-0.11764,-0.1885,-0.53494,0.13282,-1.1879
-0.72763,-0.10856,-0.18431,-0.53372,0.14259,-1.1887
-0.72379,-0.097564,-0.18064,-0.53145,0.16476,-1.1922
-0.72309,-0.084823,-0.17733,-0.52779,0.17715,-1.1943
-0.71803,-0.071035,-0.17366,-0.51924,0.20246,-1.1992
-0.71384,-0.05777,-0.16912,-0.51557,0.21415,-1.2024
-0.70878,-0.04468,-0.16458,-0.50981,0.22585,-1.2034
-0.70581,-0.032114,-0.1597,-0.50475,0.24592,-1.2081
-0.70075,-0.019548,-0.15499,-0.50213,0.25639,-1.2104
-0.69866,-0.0064577,-0.15167,-0.50039,0.26651,-1.2127
-0.69516,0.0068068,-0.14853,-0.50039,0.28641,-1.2181
-0.69028,0.020595,-0.14486,-0.49794,0.29758,-1.2196
-0.68609,0.034732,-0.14137,-0.49131,0.31957,-1.223
-0.68347,0.049742,-0.13858,-0.49393,0.32934,-1.225
-0.6812,0.064926,-0.13718,-0.49585,0.33982,-1.2257
-0.68399,0.079063,-0.13736,-0.50824,0.35797,-1.2264
-0.68731,0.092677,-0.13701,-0.51051,0.36914,-1.2277
-0.68522,0.10751,-0.13666,-0.50841,0.38135,-1.2285
-0.68138,0.12392,-0.13736,-0.503,0.40666,-1.231
-0.67562,0.1405,-0.13928,-0.50004,0.4187,-1.2327
-0.66916,0.15673,-0.13945,-0.49602,0.4297,-1.2346
-0.66043,0.17191,-0.13875,-0.48381,0.45291,-1.238
-0.65118,0.18675,-0.13771,-0.47944,0.46321,-1.2388
-0.64315,0.20159,-0.13579,-0.46932,0.48171,-1.2418
-0.63321,0.21485,-0.13404,-0.4653,0.49026,-1.2435
-0.62483,0.22864,-0.13177,-0.46164,0.49864,-1.246
-0.61645,0.24138,-0.12985,-0.45518,0.51505,-1.2483
-0.60929,0.25395,-0.12776,-0.45536,0.52395,-1.2518
-0.60022,0.26704,-0.12566,-0.45152,0.53512,-1.2538
-0.59516,0.2817,-0.12514,-0.44593,0.55833,-1.257
-0.58661,0.29723,-0.12549,-0.44401,0.57055,-1.2591
-0.58137,0.31346,-0.12654,-0.43686,0.59498,-1.2624
-0.5716,0.32952,-0.12689,-0.43179,0.60807,-1.2654
-0.56287,0.34523,-0.12706,-0.42708,0.61994,-1.2675
-0.55292,0.36093,-0.12758,-0.41731,0.64176,-1.273
-0.5435,0.37542,-0.12846,-0.41347,0.65118,-1.2762
-0.53442,0.38938,-0.12863,-0.40806,0.66183,-1.28
-0.52639,0.40247,-0.12846,-0.39427,0.6833,-1.2851
-0.52098,0.41521,-0.12933,-0.38607,0.69464,-1.2868
-0.5133,0.42848,-0.13038,-0.37228,0.71855,-1.2898
-0.50772,0.44192,-0.13038,-0.36582,0.73199,-1.2915
-0.49724,0.45728,-0.1309,-0.35901,0.74613,-1.2938
-0.49271,0.47333,-0.13212,-0.34627,0.77632,-1.299
-0.47874,0.48974,-0.13352,-0.33964,0.79116,-1.3017
-0.46722,0.50457,-0.13456,-0.33406,0.80495,-1.3046
-0.46304,0.51976,-0.13683,-0.32201,0.832,-1.3125
-0.45885,0.53372,-0.13823,-0.31922,0.84561,-1.3156
-0.45605,0.54751,-0.13998,-0.31538,0.87022,-1.3231
-0.45187,0.5599,-0.14155,-0.31189,0.88314,-1.3251
-0.43546,0.57456,-0.14207,-0.30892,0.89675,-1.3289
-0.43686,0.58835,-0.14382,-0.30508,0.92468,-1.3308
-0.42935,0.60493,-0.14434,-0.30124,0.93794,-1.3312
-0.42237,0.62134,-0.14329,-0.29548,0.95173,-1.3326
-0.41783,0.63739,-0.14172,-0.28711,0.97861,-1.3354
-0.41068,0.65415,-0.14015,-0.28344,0.9917,-1.3362
-0.40684,0.67073,-0.13875,-0.28222,1.0165,-1.3399
-0.40649,0.68522,-0.13718,-0.29496,1.0275,-1.3488
-0.41364,0.69726,-0.13614,-0.32481,1.0414,-1.3657
-0.44331,0.71297,-0.14102,-0.40998,1.0791,-1.4109
-0.46199,0.73234,-0.15481,-0.41748,1.1195,-1.4378
-0.48293,0.75695,-0.17855,-0.40055,1.1709,-1.4724
-0.50562,0.79046,-0.22044,-0.39095,1.2786,-1.5607
-0.52395,0.83671,-0.27594,-0.40823,1.3326,-1.616
-0.54105,0.88837,-0.33772,-0.4482,1.4408,-1.7307
-0.54734,0.93916,-0.39636,-0.4674,1.4909,-1.7893
-0.54402,0.98925,-0.44977,-0.48014,1.5385,-1.8464
-0.54402,1.0306,-0.49585,-0.4955,1.6188,-1.9471
-0.551,1.062,-0.53093,-0.51662,1.6506,-1.9937
-0.55798,1.0877,-0.56077,-0.54402,1.6766,-2.0328
-0.57369,1.1072,-0.58189,-0.59411,1.7193,-2.0822
-0.58608,1.1184,-0.59411,-0.62762,1.7315,-2.0916
-0.59394,1.1205,-0.59219,-0.68033,1.738,-2.0846
-0.59743,1.113,-0.57875,-0.68434,1.7312,-2.0607
-0.60057,1.0948,-0.55641,-0.69534,1.7218,-2.0262
-0.60092,1.0716,-0.52325,-0.7093,1.6703,-1.9274
-0.60703,1.0345,-0.48171,-0.70633,1.6315,-1.8633
-0.61052,0.98524,-0.43197,-0.69935,1.5846,-1.7928
-0.61628,0.92537,-0.37577,-0.67474,1.4671,-1.6415
-0.6435,0.85923,-0.32114,-0.66881,1.3926,-1.5697
-0.65275,0.78802,-0.27053,-0.66514,1.3095,-1.4923
-0.67003,0.71419,-0.21852,-0.65572,1.1385,-1.3511
-0.69185,0.63478,-0.1686,-0.6538,1.0505,-1.2868
-0.71035,0.55589,-0.12462,-0.66794,0.87109,-1.1809
-0.73566,0.47805,-0.087441,-0.67771,0.78069,-1.1399
-0.75259,0.40509,-0.05969,-0.68487,0.6929,-1.1069
-0.75695,0.34453,-0.046426,-0.70127,0.52604,-1.0587
-0.76986,0.28693,-0.041888,-0.72867,0.44314,-1.0463
-0.77056,0.23038,-0.045902,-0.75328,0.36774,-1.0514
-0.76794,0.17593,-0.057072,-0.76114,0.22707,-1.0788
-0.76079,0.12741,-0.068766,-0.75416,0.16738,-1.0992
-0.76219,0.087092,-0.089012,-0.78749,0.065275,-1.1924
-0.7566,0.055851,-0.11938,-0.80076,0.03194,-1.2561
-0.75276,0.036303,-0.16424,-0.81001,0.0071558,-1.3193
-0.7491,0.033685,-0.21921,-0.83915,0.0031416,-1.4734
-0.74316,0.047822,-0.27873,-0.8587,0.021468,-1.55
-0.74002,0.079412,-0.34243,-0.87808,0.053756,-1.6254
-0.73374,0.12113,-0.40108,-0.89378,0.14992,-1.7572
-0.72885,0.16808,-0.45239,-0.90251,0.20612,-1.8165
-0.71942,0.22009,-0.49724,-0.91612,0.3262,-1.9124
-0.71698,0.27384,-0.53878,-0.9238,0.38694,-1.9487
-0.71454,0.32603,-0.57404,-0.93445,0.44907,-1.9789
-0.71838,0.38153,-0.60214,-0.95539,0.5791,-2.0213
-0.7196,0.43843,-0.62343,-0.96883,0.64699,-2.0326
-0.71942,0.49131,-0.63355,-0.97791,0.7114,-2.034
-0.71541,0.53617,-0.63408,-1.0069,0.82188,-2.0139
-0.70948,0.56252,-0.61942,-1.0133,0.8608,-1.9909
-0.70145,0.56758,-0.58957,-0.97285,0.91298,-1.9185
-0.69028,0.55641,-0.54873,-0.95155,0.92153,-1.8775
-0.67963,0.53425,-0.50335,-0.93096,0.91996,-1.8307
-0.67684,0.50457,-0.4592,-0.90356,0.8882,-1.7219
-0.67841,0.46967,-0.4112,-0.89902,0.86254,-1.6671
-0.68434,0.43179,-0.36303,-0.89082,0.83305,-1.6125
-0.68923,0.39235,-0.31364,-0.87493,0.76637,-1.504
-0.7018,0.35238,-0.26581,-0.87424,0.72571,-1.4514
-0.72047,0.31049,-0.22078,-0.87773,0.63582,-1.3467
-0.74386,0.26512,-0.17785,-0.88506,0.57631,-1.2926
-0.76603,0.21188,-0.14678,-0.895,0.51819,-1.2394
-0.79552,0.15656,-0.11973,-0.91211,0.3845,-1.153
-0.81315,0.10786,-0.094597,-0.90513,0.3173,-1.114
-0.82572,0.057421,-0.072431,-0.89989,0.25307,-1.0793
-0.821,0.0097738,-0.053233,-0.89919,0.13195,-1.0292
-0.82118,-0.030718,-0.038746,-0.89815,0.078191,-1.0147
-0.81699,-0.068591,-0.028972,-0.88261,-0.021817,-0.99763
-0.80687,-0.10455,-0.022689,-0.88034,-0.068941,-0.99903
-0.79517,-0.13142,-0.022515,-0.8704,-0.10664,-0.9978
-0.79238,-0.14853,-0.029322,-0.85364,-0.15813,-1.0297
-0.78819,-0.1679,-0.045553,-0.86865,-0.18378,-1.0545
-0.79116,-0.17506,-0.068068,-0.88226,-0.19338,-1.0964
-0.79029,-0.17837,-0.10088,-0.88069,-0.20543,-1.1954
-0.77074,-0.17471,-0.13666,-0.88,-0.20019,-1.2657
-0.76061,-0.16877,-0.18186,-0.87546,-0.19164,-1.3352
-0.75643,-0.15167,-0.23457,-0.91263,-0.159,-1.4785
-0.75712,-0.12462,-0.28693,-0.93148,-0.12409,-1.5539
-0.75555,-0.088314,-0.34034,-0.94841,-0.026878,-1.6773
-0.75608,-0.04119,-0.39113,-0.95347,0.029845,-1.7322
-0.75712,0.011868,-0.4386,-0.96464,0.090932,-1.7862
-0.75887,0.06929,-0.48206,-1.0018,0.21869,-1.8748
-0.75712,0.12776,-0.51697,-1.0125,0.28746,-1.911
-0.75398,0.18727,-0.54402,-1.0198,0.35413,-1.9357
-0.75084,0.2426,-0.55868,-1.0313,0.48538,-1.9787
-0.74246,0.29112,-0.56653,-1.0315,0.54332,-1.9848
-0.73775,0.33475,-0.56741,-1.0359,0.6367,-1.9644
-0.73827,0.36896,-0.56112,-1.0411,0.67492,-1.9406
-0.73635,0.38781,-0.54629,-1.0399,0.70372,-1.9049
-0.73932,0.3934,-0.51924,-1.0352,0.74142,-1.8157
-0.73688,0.38799,-0.48503,-1.0282,0.74735,-1.7555
-0.74037,0.36879,-0.44454,-1.0186,0.74491,-1.6914
-0.73897,0.33964,-0.39636,-0.9903,0.71576,-1.5581
-0.74403,0.30247,-0.34453,-0.97721,0.69132,-1.4923
-0.7395,0.25988,-0.29199,-0.94702,0.61837,-1.3598
-0.74578,0.22009,-0.23911,-0.93654,0.57125,-1.2947
-0.75241,0.17628,-0.1864,-0.92677,0.52255,-1.2317
-0.75311,0.12863,-0.13788,-0.90617,0.41469,-1.1184
-0.75992,0.084474,-0.093899,-0.90356,0.35535,-1.0662
-0.7751,0.044855,-0.058992,-0.90513,0.29164,-1.0215
-0.79133,0.0055851,-0.032289,-0.92031,0.16877,-0.94702
-0.79343,-0.032463,-0.0099484,-0.9259,0.1131,-0.92014
-0.79709,-0.068242,0.0057596,-0.92188,0.007854,-0.8779
-0.79482,-0.096342,0.014312,-0.93515,-0.038572,-0.86516
-0.80495,-0.12601,0.016232,-0.95819,-0.091804,-0.85102
-0.81245,-0.1494,0.016755,-0.96203,-0.16249,-0.86691
-0.80041,-0.16842,0.01309,-0.9533,-0.18884,-0.87808
-0.8142,-0.18448,0.00034907,-0.97128,-0.21345,-0.90303
-0.81542,-0.19373,-0.01885,-0.99362,-0.22794,-0.96552
-0.80861,-0.18989,-0.045204,-0.99065,-0.21974,-1.0036
-0.80529,-0.18151,-0.081856,-1.0315,-0.18919,-1.0989
-0.81018,-0.16476,-0.11868,-1.0519,-0.16144,-1.1521
-0.81228,-0.13963,-0.159,-1.0481,-0.11868,-1.2188
-0.79517,-0.10943,-0.20473,-1.028,-0.023213,-1.335
-0.79255,-0.072955,-0.25098,-1.021,0.030892,-1.3956
-0.78784,-0.031241,-0.2981,-1.0095,0.092852,-1.4572
-0.77685,0.017104,-0.34086,-0.98245,0.22567,-1.5869
-0.76707,0.071384,-0.38624,-0.97721,0.29287,-1.6495
-0.76655,0.13125,-0.4304,-0.98716,0.35901,-1.7104
-0.76358,0.19094,-0.46792,-1.0001,0.49306,-1.8141
-0.75782,0.2508,-0.50056,-0.99466,0.5613,-1.8534
-0.75084,0.3077,-0.52691,-0.99274,0.68382,-1.9138
-0.75206,0.35814,-0.54489,-1.0044,0.74229,-1.941
