-0.16581,1.2132,2.5386,0.021293,0.45326,-0.0069813
-0.16511,1.2134,2.5389,0.02426,0.4948,-0.0076794
-0.1665,1.2127,2.5389,0.021468,0.57334,-0.0094248
-0.16808,1.2127,2.5388,0.019548,0.60982,-0.0097738
-0.17,1.2121,2.5384,0.0069813,0.67701,-0.010472
-0.17436,1.2111,2.5384,0.0015708,0.70843,-0.0099484
-0.17715,1.2104,2.5381,-0.0038397,0.73915,-0.0094248
-0.18012,1.2099,2.5379,-0.013614,0.79849,-0.0085521
-0.18256,1.2104,2.5382,-0.018675,0.82746,-0.0085521
-0.18396,1.2114,2.5377,-0.021468,0.85608,-0.0076794
-0.1857,1.2134,2.5377,-0.024784,0.90984,-0.007854
-0.18553,1.2142,2.5368,-0.027402,0.93497,-0.0075049
-0.1885,1.2158,2.5367,-0.029671,0.98,-0.0073304
-0.19391,1.2161,2.5347,-0.027053,0.99938,-0.0041888
-0.22707,1.2116,2.5328,-0.033161,1.0214,-0.0012217
-0.29496,1.2057,2.5342,-0.053058,1.066,0.0090757
-0.37228,1.1982,2.5351,-0.06545,1.0886,0.016057
-0.41644,1.1917,2.5365,-0.087092,1.1242,0.027751
-0.45413,1.1868,2.5349,-0.10612,1.1404,0.032812
-0.48834,1.184,2.5335,-0.12462,1.1516,0.037176
-0.52081,1.1811,2.5304,-0.15184,1.1711,0.048171
-0.54315,1.1751,2.529,-0.16074,1.1767,0.054629
-0.55344,1.1743,2.5258,-0.15848,1.1828,0.061785
-0.54489,1.1734,2.5236,-0.14713,1.1935,0.0747
-0.53459,1.1748,2.5243,-0.13963,1.1989,0.077493
-0.51574,1.1793,2.5269,-0.09547,1.2001,0.08395
-0.48555,1.1856,2.5293,-0.081856,1.2006,0.087965
-0.46565,1.1905,2.5295,-0.067719,1.1996,0.093375
-0.44785,1.194,2.5283,-0.039968,1.198,0.10629
-0.42953,1.1973,2.5274,-0.024958,1.1973,0.11292
-0.40963,1.202,2.5257,-0.0027925,1.1969,0.11798
-0.36547,1.2118,2.5257,0.054454,1.2017,0.12462
-0.34139,1.2231,2.5251,0.071558,1.2079,0.12636
-0.32027,1.2343,2.5243,0.092502,1.2125,0.13334
-0.30351,1.2406,2.5258,0.10455,1.2149,0.13753
-0.28641,1.2498,2.5265,0.11205,1.2175,0.14207
-0.27925,1.2575,2.5271,0.10647,1.2264,0.15341
-0.28519,1.2598,2.5262,0.088837,1.2284,0.16232
-0.29758,1.2591,2.5248,0.07662,1.2273,0.17157
-0.28955,1.2607,2.525,0.080634,1.2256,0.18658
-0.2693,1.2664,2.5285,0.089012,1.2249,0.19286
-0.25988,1.2706,2.5314,0.10036,1.2214,0.20298
-0.24382,1.273,2.5349,0.10996,1.2172,0.20752
-0.23091,1.2748,2.5367,0.12217,1.2118,0.21241
-0.21276,1.2769,2.5372,0.1487,1.2001,0.22131
-0.20124,1.2772,2.5368,0.15935,1.1935,0.22358
-0.1864,1.279,2.5367,0.18884,1.1826,0.22881
-0.17052,1.2807,2.5358,0.20159,1.1777,0.23178
-0.159,1.2819,2.5349,0.21223,1.1736,0.23265
-0.14556,1.2846,2.5356,0.233,1.1683,0.23562
-0.1316,1.2868,2.537,0.23963,1.1659,0.23702
-0.11606,1.2877,2.541,0.24679,1.1615,0.23736
-0.099484,1.2874,2.5454,0.26058,1.1516,0.24155
-0.08203,1.2882,2.5475,0.27297,1.1493,0.24749
-0.06929,1.2905,2.5478,0.29077,1.1472,0.25796
-0.059341,1.2903,2.5499,0.29304,1.1469,0.26075
-0.049742,1.2881,2.5567,0.28885,1.1418,0.26005
-0.05044,1.284,2.563,0.29322,1.1332,0.26145
-0.037525,1.2825,2.5688,0.30124,1.1278,0.2625
-0.03159,1.2772,2.5723,0.31067,1.1226,0.26564
-0.022166,1.2713,2.5724,0.3276,1.1113,0.27367
-0.013788,1.265,2.5737,0.32899,1.1065,0.27489
-0.0080285,1.257,2.5789,0.34523,1.0814,0.27908
0.01117,1.2453,2.5813,0.36268,1.0722,0.2878
0.019199,1.2373,2.5822,0.3735,1.0633,0.29706
0.03159,1.2275,2.5857,0.39706,1.0474,0.31556
0.044331,1.217,2.5908,0.40369,1.0399,0.32306
0.069115,1.2093,2.5986,0.4119,1.0345,0.32952
0.074875,1.2055,2.6058,0.42394,1.0283,0.33964
0.084998,1.2003,2.6108,0.42935,1.0254,0.34331
0.090583,1.1969,2.614,0.44017,1.0205,0.34802
0.096691,1.1917,2.6154,0.44471,1.0175,0.34994
0.1035,1.1865,2.6161,0.44785,1.0142,0.35133
0.10664,1.1793,2.6164,0.44401,1.0048,0.35378
0.1124,1.173,2.6197,0.44663,0.99903,0.35308
0.11554,1.1661,2.6192,0.44838,0.99344,0.3543
0.122,1.1585,2.6187,0.45815,0.98105,0.35622
0.13195,1.1523,2.6196,0.46216,0.97494,0.35744
0.14643,1.1442,2.6215,0.47106,0.96587,0.36146
0.15743,1.1394,2.6251,0.47839,0.96168,0.36582
0.16319,1.1324,2.6271,0.4873,0.95784,0.37018
0.17349,1.1264,2.6299,0.50283,0.95033,0.37856
0.18047,1.1188,2.6323,0.50754,0.94649,0.38327
0.18605,1.1128,2.6354,0.51435,0.94283,0.38729
0.19583,1.1085,2.6379,0.52517,0.93462,0.39479
0.17767,1.1027,2.6374,0.52569,0.92869,0.39811
0.17383,1.0894,2.6386,0.54105,0.91351,0.40247
0.17767,1.0835,2.6388,0.54926,0.90792,0.40509
0.18221,1.0749,2.6391,0.5592,0.90268,0.40823
0.17575,1.0715,2.6375,0.5798,0.89274,0.4112
0.18082,1.065,2.6356,0.58661,0.88872,0.41085
0.18256,1.0605,2.6354,0.59306,0.88558,0.41103
0.19181,1.0552,2.6356,0.60598,0.88122,0.41434
0.19879,1.0498,2.6382,0.61087,0.87965,0.41591
0.20455,1.0442,2.6414,0.60895,0.87982,0.4215
0.18605,1.0378,2.6416,0.61174,0.87511,0.43214
0.17209,1.024,2.6339,0.61261,0.86917,0.44523
0.17453,1.0135,2.6311,0.625,0.85137,0.46269
0.18692,1.0039,2.6367,0.63705,0.84614,0.46775
0.1967,0.99972,2.6409,0.64542,0.84352,0.47106
0.20246,0.99519,2.6443,0.6552,0.83985,0.47386
0.21066,0.98978,2.6473,0.66113,0.83566,0.4749
0.21555,0.9821,2.6503,0.67143,0.82449,0.48869
0.21101,0.97075,2.6463,0.68015,0.81071,0.49794
0.22323,0.95592,2.6461,0.68993,0.79971,0.50475
0.23213,0.94475,2.6501,0.71052,0.78487,0.51801
0.24958,0.93654,2.6557,0.71611,0.77929,0.5222
0.25482,0.93148,2.6623,0.71873,0.77336,0.51889
0.25552,0.93061,2.6651,0.71942,0.77353,0.514
0.25569,0.93288,2.6622,0.7182,0.7765,0.50492
0.25587,0.93916,2.6573,0.70616,0.79186,0.48573
0.25011,0.94579,2.6541,0.69708,0.80198,0.47368
0.244,0.95487,2.6517,0.68906,0.8114,0.46129
0.24278,0.96831,2.6492,0.6709,0.83531,0.43197
0.2433,0.98018,2.647,0.65921,0.8484,0.41661
0.24417,0.99554,2.6443,0.63879,0.8765,0.38816
0.23911,1.0104,2.6409,0.63006,0.88942,0.37507
0.24068,1.0222,2.637,0.61924,0.90129,0.3632
0.24871,1.0343,2.637,0.60266,0.92398,0.34139
0.27227,1.0486,2.637,0.59359,0.93881,0.33388
0.26197,1.062,2.6356,0.58259,0.94963,0.32481
0.2693,1.0736,2.6332,0.56828,0.96552,0.30788
0.2789,1.0877,2.6262,0.56217,0.97442,0.29915
0.27803,1.0987,2.6215,0.54699,0.98716,0.27751
0.27873,1.1088,2.618,0.5414,0.99292,0.26704
0.28082,1.1195,2.6136,0.53809,0.99885,0.25482
0.28431,1.1341,2.6091,0.55397,1.021,0.22567
0.29322,1.1507,2.6051,0.55205,1.0367,0.2145
0.29461,1.1627,2.6025,0.54542,1.0439,0.20141
0.29147,1.1751,2.6002,0.55013,1.066,0.18151
0.30439,1.1887,2.599,0.54158,1.0786,0.17191
0.29077,1.2006,2.5972,0.52203,1.0976,0.15621
0.29496,1.2093,2.5953,0.51243,1.1044,0.14696
0.29252,1.2205,2.5925,0.50021,1.1128,0.13893
0.2892,1.2299,2.5888,0.48031,1.1217,0.12374
0.29025,1.2359,2.585,0.47787,1.1242,0.11414
0.30439,1.2449,2.5808,0.47979,1.1291,0.10699
0.30264,1.2577,2.5766,0.45553,1.1439,0.094248
0.2906,1.2638,2.5751,0.43651,1.1467,0.087965
0.28257,1.2685,2.574,0.4105,1.1603,0.078714
0.2721,1.2783,2.5716,0.39462,1.1695,0.073478
0.2632,1.2872,2.57,0.3817,1.1777,0.067719
0.24976,1.2929,2.5683,0.35238,1.1917,0.057596
0.24068,1.3004,2.5662,0.34296,1.1997,0.052011
0.22986,1.3092,2.5635,0.32341,1.2142,0.041888
0.22462,1.3162,2.5613,0.31643,1.2212,0.036652
0.21886,1.3235,2.5592,0.30962,1.2298,0.030892
0.21049,1.3308,2.5566,0.29182,1.2451,0.02042
0.20211,1.3381,2.5546,0.28431,1.2519,0.015708
0.19792,1.345,2.5527,0.27733,1.2589,0.011694
0.19111,1.3507,2.5504,0.25255,1.2718,0.005236
0.18221,1.3559,2.5494,0.24696,1.276,0.0019199
0.1775,1.3631,2.5477,0.23667,1.2921,-0.0066323
0.17331,1.3683,2.5464,0.22951,1.2977,-0.010297
0.17209,1.3746,2.5449,0.22881,1.3038,-0.013614
0.16965,1.3813,2.5421,0.22375,1.3092,-0.019199
0.17349,1.3874,2.5365,0.21677,1.3137,-0.022166
0.17139,1.39,2.5346,0.20577,1.3144,-0.030194
0.16493,1.3898,2.5319,0.18937,1.3162,-0.039444
0.16266,1.3916,2.5302,0.18326,1.3207,-0.045553
0.16197,1.3947,2.53,0.17157,1.3329,-0.061087
0.16214,1.4003,2.5279,0.15603,1.3418,-0.06737
0.15324,1.4032,2.5265,0.13806,1.3483,-0.075573
0.14678,1.4078,2.5251,0.12392,1.3662,-0.084299
0.14155,1.4123,2.5241,0.11694,1.3769,-0.088139
0.13526,1.4174,2.5229,0.11083,1.386,-0.090583
0.12671,1.4202,2.5222,0.093724,1.4045,-0.098262
0.11676,1.4228,2.5211,0.082554,1.4149,-0.1035
0.10228,1.4216,2.5192,0.048171,1.4259,-0.11327
0.092502,1.4214,2.5178,0.036477,1.4313,-0.11921
0.079063,1.4186,2.5175,0.029671,1.4355,-0.12427
0.069988,1.4186,2.5154,0.015882,1.4493,-0.13282
0.061261,1.4209,2.5136,0.012915,1.4558,-0.13579
0.053058,1.4228,2.5117,0.011519,1.4638,-0.13893
0.048695,1.4245,2.5096,0.0041888,1.4786,-0.14835
0.038048,1.4261,2.5082,-0.0033161,1.4886,-0.15429
0.020246,1.4247,2.5096,-0.059516,1.5064,-0.17785
-0.023038,1.4137,2.5159,-0.09704,1.5043,-0.18762
-0.03543,1.4142,2.5182,-0.10542,1.5088,-0.19286
-0.047473,1.4158,2.5164,-0.11275,1.5219,-0.19967
-0.051836,1.4188,2.5145,-0.1213,1.5263,-0.20577
-0.067893,1.4186,2.5129,-0.12776,1.5357,-0.21607
-0.064228,1.4221,2.5108,-0.12723,1.5423,-0.22148
-0.071209,1.4235,2.5084,-0.12706,1.5485,-0.22637
-0.073827,1.428,2.5068,-0.13282,1.5614,-0.23928
-0.080983,1.4301,2.5079,-0.13683,1.5659,-0.24714
-0.082554,1.4331,2.5082,-0.13893,1.5696,-0.25447
-0.080809,1.4355,2.5079,-0.13352,1.5788,-0.26808
-0.076445,1.4375,2.5077,-0.13491,1.5834,-0.27611
-0.077144,1.4394,2.5073,-0.15359,1.5881,-0.29182
-0.071209,1.4375,2.5098,-0.1686,1.5849,-0.2988
-0.068242,1.4362,2.5112,-0.18169,1.5834,-0.30456
-0.071035,1.4306,2.5131,-0.19443,1.5804,-0.31084
-0.067544,1.4289,2.5138,-0.19251,1.5804,-0.31346
-0.06353,1.4258,2.5152,-0.19181,1.5788,-0.31503
-0.06929,1.4226,2.5175,-0.19094,1.5748,-0.31905
-0.058818,1.4183,2.5197,-0.18221,1.5729,-0.32062
-0.049742,1.4134,2.5217,-0.16109,1.5647,-0.3187
-0.045553,1.4076,2.522,-0.16179,1.5589,-0.31835
-0.044506,1.4003,2.5234,-0.16005,1.5558,-0.3187
-0.028623,1.3924,2.529,-0.14504,1.545,-0.32777
-0.021293,1.3858,2.5339,-0.14259,1.5392,-0.33179
-0.013788,1.3797,2.5358,-0.14608,1.5319,-0.3358
-0.0071558,1.3711,2.5368,-0.13893,1.5186,-0.34278
-0.0059341,1.3647,2.5367,-0.1398,1.5104,-0.34697
-0.0024435,1.3547,2.5372,-0.14591,1.4935,-0.35465
-0.0057596,1.3443,2.537,-0.14835,1.4867,-0.35936
-0.002618,1.3333,2.5386,-0.15027,1.4825,-0.36285
0.0031416,1.3254,2.5422,-0.14713,1.4778,-0.36949
0.010821,1.3196,2.5456,-0.14783,1.4734,-0.3721
0.015882,1.3118,2.5492,-0.14975,1.4692,-0.3742
0.019024,1.3022,2.5529,-0.15097,1.458,-0.37804
0.027227,1.2919,2.5569,-0.14783,1.4512,-0.37821
0.031416,1.28,2.5604,-0.14608,1.4364,-0.37804
0.037525,1.2687,2.5651,-0.14416,1.428,-0.37786
0.045379,1.2561,2.5696,-0.14172,1.4188,-0.37856
0.051487,1.2435,2.5735,-0.15621,1.3872,-0.3831
0.055501,1.227,2.5775,-0.15429,1.3737,-0.38362
0.061959,1.2107,2.5801,-0.1494,1.3612,-0.38327
0.071733,1.1945,2.584,-0.14067,1.3374,-0.38258
0.080809,1.1788,2.5875,-0.13404,1.3271,-0.38258
0.091281,1.1641,2.5909,-0.12549,1.3104,-0.38415
0.098437,1.1517,2.5941,-0.12252,1.3036,-0.38624
0.10507,1.1402,2.5981,-0.1227,1.297,-0.38956
0.1124,1.1301,2.6019,-0.12252,1.2856,-0.39549
0.11956,1.1195,2.6063,-0.12252,1.2797,-0.39846
0.12689,1.1093,2.6108,-0.12078,1.2737,-0.40108
0.13142,1.0983,2.6161,-0.12479,1.2607,-0.40649
0.13945,1.0863,2.6222,-0.12741,1.2533,-0.40841
0.14608,1.0739,2.6281,-0.12985,1.2352,-0.40998
0.15202,1.0596,2.6337,-0.13334,1.2238,-0.41085
0.15411,1.0416,2.6384,-0.13701,1.2106,-0.41155
0.16074,1.0231,2.6433,-0.1398,1.1816,-0.41225
0.16598,1.0041,2.648,-0.1384,1.1678,-0.41137
0.17453,0.98576,2.6529,-0.1398,1.1544,-0.40998
0.18186,0.96831,2.6594,-0.14207,1.1317,-0.40876
0.18274,0.9512,2.6651,-0.14469,1.1256,-0.40858
0.18326,0.9355,2.6712,-0.16354,1.1097,-0.4105
0.18972,0.92258,2.6779,-0.16232,1.1015,-0.4105
0.20735,0.90984,2.6855,-0.15272,1.088,-0.40806
0.23405,0.89378,2.6918,-0.14172,1.0582,-0.40317
0.22951,0.8704,2.6967,-0.14748,1.0425,-0.40265
0.24051,0.8498,2.7021,-0.15045,1.0249,-0.40143
0.2515,0.82833,2.7081,-0.14399,0.99257,-0.39724
0.26145,0.80617,2.714,-0.14364,0.97459,-0.39514
0.26808,0.78138,2.7196,-0.14573,0.93358,-0.392
0.27943,0.75538,2.725,-0.14032,0.91141,-0.3906
0.28222,0.72606,2.7292,-0.13771,0.8875,-0.38956
0.28798,0.69621,2.7328,-0.13055,0.83689,-0.38694
0.29391,0.66724,2.7355,-0.12444,0.81193,-0.38537
0.30089,0.63792,2.7388,-0.12147,0.78784,-0.3838
0.30718,0.60947,2.7431,-0.10996,0.73461,-0.3838
0.32707,0.5805,2.7463,-0.10036,0.7086,-0.38467
0.32533,0.5503,2.7473,-0.092502,0.66148,-0.38694
0.32603,0.52238,2.7485,-0.089012,0.63879,-0.38781
0.33161,0.4962,2.7499,-0.081856,0.61837,-0.38868
0.33702,0.47211,2.7515,-0.072955,0.58102,-0.38799
0.33859,0.44838,2.7533,-0.072431,0.56252,-0.38781
0.34348,0.42691,2.7548,-0.064228,0.52866,-0.38589
0.34592,0.40509,2.7571,-0.062134,0.51156,-0.38537
0.34994,0.3838,2.7588,-0.058469,0.49585,-0.38432
0.35116,0.36198,2.7606,-0.058469,0.46321,-0.38362
0.35622,0.34174,2.7632,-0.054454,0.44768,-0.38327
0.35762,0.32044,2.7653,-0.054105,0.4311,-0.38223
0.35901,0.29845,2.7663,-0.051313,0.39654,-0.38205
0.3625,0.27698,2.7667,-0.048869,0.37961,-0.38223
0.35325,0.25133,2.7656,-0.080634,0.35029,-0.38554
0.3159,0.22445,2.7606,-0.1035,0.33388,-0.38868
0.27855,0.20054,2.7548,-0.1035,0.31678,-0.38956
0.30561,0.18658,2.7526,-0.078016,0.28274,-0.39043
0.32568,0.1693,2.7538,-0.068591,0.26704,-0.3934
0.34662,0.15289,2.7559,-0.058119,0.25185,-0.39567
0.36373,0.13736,2.7578,-0.03735,0.22689,-0.39863
0.38048,0.12235,2.7609,-0.029147,0.2152,-0.40038
0.39602,0.10908,2.7637,-0.010647,0.19076,-0.40143
0.4098,0.096168,2.7651,-0.0022689,0.17942,-0.40038
0.41958,0.081681,2.7648,0.0024435,0.1665,-0.4023
0.42935,0.067021,2.7636,0.02042,0.13945,-0.40631
0.44017,0.051313,2.762,0.026529,0.12322,-0.40876
0.44838,0.034034,2.7597,0.032638,0.10716,-0.41155
0.45571,0.017279,2.7567,0.046251,0.073653,-0.41818
0.46077,0.00069813,2.7529,0.052709,0.055676,-0.4215
0.46757,-0.014835,2.7482,0.075224,0.025133,-0.42638
0.47333,-0.028274,2.7437,0.08203,0.011519,-0.42935
0.47944,-0.041539,2.7393,0.084299,-0.0024435,-0.43267
0.48485,-0.052709,2.7349,0.094771,-0.025307,-0.43773
0.48991,-0.062832,2.7313,0.10367,-0.035779,-0.43825
0.49567,-0.071035,2.7264,0.11659,-0.045728,-0.4393
0.49393,-0.078714,2.7187,0.13648,-0.067893,-0.43773
0.51662,-0.086045,2.7131,0.13788,-0.077144,-0.44017
0.50388,-0.095295,2.7082,0.13387,-0.086045,-0.44506
0.50632,-0.099309,2.7044,0.12758,-0.086917,-0.44611
0.50457,-0.1014,2.7019,0.12566,-0.08587,-0.4475
0.50039,-0.10297,2.6997,0.11065,-0.080809,-0.44977
0.49847,-0.10297,2.6986,0.10559,-0.077144,-0.4496
0.49201,-0.1028,2.6972,0.099135,-0.072955,-0.44995
0.48869,-0.10263,2.6958,0.086917,-0.064403,-0.44977
0.48346,-0.10175,2.6943,0.082205,-0.060214,-0.44925
0.47787,-0.1014,2.6922,0.067893,-0.054629,-0.44942
0.47211,-0.1014,2.6896,0.061785,-0.051836,-0.44977
0.46496,-0.10088,2.6862,0.056898,-0.048695,-0.45012
0.46024,-0.09896,2.6836,0.045902,-0.041713,-0.45117
0.45571,-0.096517,2.6807,0.039968,-0.037699,-0.45152
0.45029,-0.093724,2.6777,0.029322,-0.029322,-0.45099
0.44663,-0.090234,2.6756,0.023038,-0.02618,-0.45134
0.44262,-0.086045,2.6723,0.024086,-0.022166,-0.44872
0.43563,-0.079412,2.6655,0.025307,-0.012915,-0.43773
0.42062,-0.077842,2.658,-0.0005236,-0.012043,-0.4393
0.41853,-0.075922,2.655,-0.0087266,-0.010647,-0.44122
0.42481,-0.069639,2.6526,0.019373,0.0010472,-0.43529
0.4283,-0.06161,2.648,0.015533,0.0048869,-0.43319
0.42551,-0.055676,2.6457,0.0076794,0.017802,-0.43022
0.41975,-0.050091,2.6442,0.0062832,0.02618,-0.42778
0.40876,-0.043459,2.6403,-0.005236,0.032638,-0.42429
0.40212,-0.034208,2.6368,-0.01885,0.051662,-0.41801
0.39654,-0.024435,2.6321,-0.023562,0.061261,-0.41574
0.38834,-0.013788,2.6271,-0.028449,0.07086,-0.41347
0.38153,-0.0041888,2.6222,-0.042761,0.088837,-0.41225
0.37245,0.0050615,2.6187,-0.049044,0.098088,-0.4126
0.36634,0.014486,2.615,-0.063006,0.11676,-0.4105
0.36041,0.024435,2.6112,-0.072606,0.12601,-0.41068
0.35413,0.034558,2.6086,-0.077318,0.13579,-0.41015
0.35273,0.045553,2.606,-0.071558,0.15952,-0.40404
0.34819,0.055501,2.6039,-0.078365,0.17122,-0.40195
0.34156,0.063006,2.6044,-0.092153,0.18239,-0.40003
0.34558,0.073478,2.6073,-0.11275,0.2056,-0.39322
0.32707,0.082729,2.6094,-0.11484,0.21642,-0.38624
0.32009,0.096342,2.6093,-0.12933,0.24243,-0.37141
0.30892,0.10804,2.6117,-0.12706,0.25709,-0.36582
0.30473,0.12339,2.6128,-0.1199,0.27402,-0.35849
0.29514,0.13893,2.6129,-0.12619,0.30386,-0.34959
0.2885,0.15499,2.6129,-0.12444,0.31974,-0.3461
0.28205,0.17174,2.6122,-0.12339,0.3351,-0.34366
0.27995,0.1885,2.611,-0.12601,0.35779,-0.33475
0.27088,0.20403,2.6087,-0.1295,0.36861,-0.33074
0.26913,0.22026,2.6107,-0.12078,0.39759,-0.32323
0.27,0.23684,2.614,-0.12427,0.41015,-0.32044
0.26529,0.25272,2.6156,-0.12811,0.42202,-0.31765
0.26058,0.26791,2.6154,-0.12339,0.44733,-0.30857
0.25412,0.28274,2.614,-0.12514,0.45972,-0.30439
0.24976,0.29793,2.6128,-0.12566,0.47211,-0.30072
0.24295,0.31398,2.611,-0.11746,0.49986,-0.29095
0.2412,0.32969,2.61,-0.11397,0.51313,-0.28833
0.23911,0.3461,2.6091,-0.096168,0.53791,-0.27908
0.23754,0.36216,2.6086,-0.086743,0.54768,-0.27349
0.244,0.37891,2.6082,-0.071733,0.55571,-0.26791
0.2433,0.3934,2.6072,-0.063006,0.57055,-0.25901
0.23544,0.40439,2.6087,-0.061436,0.5784,-0.25552
0.23248,0.41644,2.6089,-0.053058,0.58957,-0.25045
0.22742,0.42935,2.6084,-0.052185,0.61331,-0.23946
0.21869,0.44454,2.6075,-0.051138,0.62727,-0.2337
0.207,0.46007,2.6068,-0.054629,0.65502,-0.22078
0.20246,0.47647,2.6068,-0.055327,0.67038,-0.21485
0.19984,0.49428,2.6086,-0.057072,0.68557,-0.20822
0.2049,0.51435,2.6129,-0.030369,0.7196,-0.19984
0.20368,0.53407,2.6159,-0.020071,0.73409,-0.19426
0.20263,0.5524,2.6176,-0.012392,0.75817,-0.18466
0.19984,0.5688,2.619,-0.0064577,0.76952,-0.18012
0.19443,0.58399,2.6222,0.00069813,0.77981,-0.17471
0.19583,0.59725,2.625,0.0092502,0.79884,-0.16336
0.18902,0.60999,2.6269,0.013439,0.80861,-0.15743
0.19111,0.62326,2.6283,0.017802,0.81908,-0.15219
0.19391,0.63914,2.63,0.042412,0.84264,-0.14504
0.21782,0.66008,2.6321,0.062134,0.85259,-0.14364
0.2351,0.67981,2.6358,0.08971,0.87127,-0.14504
0.28519,0.70319,2.6419,0.096517,0.88261,-0.1487
0.3084,0.72379,2.6468,0.10332,0.89675,-0.1501
0.34558,0.74456,2.6515,0.10926,0.9259,-0.15324
0.42778,0.77074,2.6576,0.11449,0.93846,-0.15376
0.52744,0.8039,2.6674,0.11921,0.94963,-0.15464
0.62605,0.8395,2.6838,0.122,0.96988,-0.15778
0.72361,0.88331,2.7074,0.1323,0.98227,-0.15935
0.79884,0.91682,2.7332,0.16738,1.0037,-0.14748
0.81961,0.94195,2.7545,0.18274,1.014,-0.14329
0.79814,0.96237,2.7735,0.19059,1.0236,-0.13247
0.73531,0.97302,2.7869,0.18588,1.0341,-0.111
0.67282,0.98227,2.7955,0.18274,1.0425,-0.10455
0.62465,0.9896,2.8021,0.18082,1.0523,-0.099833
0.57631,0.99693,2.8044,0.16738,1.0804,-0.090583
0.54227,1.0036,2.8044,0.1604,1.0999,-0.084299
0.49899,1.0147,2.8009,0.1412,1.1479,-0.064926
0.46269,1.029,2.7934,0.1323,1.1748,-0.053582
0.42953,1.0449,2.7841,0.12601,1.2045,-0.042412
0.39741,1.0631,2.7735,0.11746,1.2634,-0.019199
0.36233,1.0765,2.7602,0.1124,1.2928,-0.0066323
0.33057,1.0934,2.7473,0.111,1.3408,0.017628
0.28798,1.1032,2.7332,0.10961,1.3598,0.028798
0.25761,1.1104,2.7217,0.10943,1.3764,0.039794
0.22218,1.1165,2.7115,0.11467,1.4006,0.062308
0.19984,1.1205,2.7028,0.1213,1.4111,0.074526
0.023911,1.1139,2.6552,0.17959,1.4228,0.18727
0.0015708,1.1055,2.6505,0.18466,1.4167,0.19705
-0.014486,1.0989,2.6464,0.19059,1.4097,0.20665
-0.034383,1.0893,2.6421,0.20717,1.395,0.22829
-0.049044,1.0809,2.6388,0.21345,1.3868,0.23824
-0.067195,1.0711,2.6365,0.22794,1.3685,0.25813
-0.080809,1.0601,2.6351,0.23422,1.3594,0.26721
-0.093899,1.0486,2.6337,0.24016,1.3495,0.27576
-0.10804,1.0364,2.6307,0.25674,1.3285,0.29252
-0.12147,1.0224,2.6278,0.26215,1.3165,0.2995
-0.13107,1.0083,2.6257,0.26808,1.3036,0.30508
-0.13736,0.99257,2.6236,0.281,1.2732,0.31294
-0.14521,0.97494,2.6215,0.28676,1.2565,0.31486
-0.14661,0.95627,2.6192,0.29688,1.2237,0.31643
-0.15499,0.93707,2.6175,0.3002,1.2076,0.31678
-0.15917,0.91839,2.6152,0.30369,1.1919,0.31713
-0.16598,0.90042,2.6126,0.31015,1.1615,0.31905
-0.17104,0.88261,2.6101,0.31364,1.1465,0.32027
-0.17436,0.86499,2.6082,0.3166,1.1322,0.32236
-0.17802,0.84858,2.6068,0.32271,1.105,0.32568
-0.1789,0.832,2.6053,0.32812,1.0924,0.32812
-0.18309,0.81647,2.604,0.33493,1.0681,0.33423
-0.18169,0.80233,2.6032,0.34016,1.0575,0.33824
-0.18326,0.78906,2.6021,0.34592,1.047,0.34261
-0.18204,0.77685,2.6014,0.3543,1.0266,0.35011
-0.18658,0.76393,2.6005,0.35814,1.0161,0.35343
-0.18134,0.75136,2.5993,0.35622,1.0041,0.36093
-0.19007,0.73985,2.5972,0.35203,0.98437,0.37176
-0.18972,0.72658,2.5967,0.35797,0.97616,0.37856
-0.18815,0.71524,2.5962,0.35116,0.96045,0.38537
-0.19775,0.70284,2.5944,0.34732,0.95225,0.38886
-0.19495,0.69028,2.5925,0.35203,0.9444,0.392
-0.19094,0.67684,2.5897,0.35884,0.92642,0.39846
-0.18884,0.6634,2.588,0.36355,0.91316,0.39794
-0.1761,0.64996,2.5861,0.38537,0.89256,0.39218
-0.16668,0.63443,2.5815,0.38624,0.88122,0.39514
-0.17628,0.61924,2.5792,0.38135,0.87005,0.39619
-0.17279,0.60633,2.5796,0.39305,0.85312,0.40527
-0.1679,0.59376,2.5801,0.39636,0.84299,0.40945
-0.17157,0.58085,2.5801,0.4009,0.832,0.4112
-0.17087,0.56618,2.5817,0.40596,0.8039,0.40998
-0.16982,0.54873,2.5819,0.40492,0.78854,0.4098
-0.17314,0.53006,2.581,0.40055,0.76061,0.41399
-0.17558,0.51295,2.5808,0.40055,0.74735,0.41678
-0.17,0.49742,2.5815,0.40003,0.73618,0.4208
-0.16982,0.48346,2.5822,0.40143,0.71419,0.42935
-0.16424,0.47002,2.5831,0.39602,0.69953,0.43494
-0.16406,0.45239,2.585,0.39113,0.68679,0.44087
-0.16109,0.43895,2.589,0.3927,0.66619,0.45483
-0.16022,0.42726,2.5913,0.39095,0.65834,0.45885
-0.15307,0.41818,2.5937,0.39898,0.64961,0.47054
-0.14765,0.41085,2.5946,0.40038,0.64542,0.4756
-0.1419,0.40212,2.5955,0.40003,0.64193,0.48136
-0.148,0.39357,2.5948,0.40352,0.63094,0.49183
-0.14224,0.38205,2.5943,0.40422,0.62448,0.49812
-0.13648,0.37001,2.5944,0.40247,0.61872,0.50248
-0.13352,0.36093,2.5943,0.40719,0.60929,0.50981
-0.12078,0.35483,2.5951,0.4119,0.60319,0.51138
-0.09512,0.3461,2.5951,0.41678,0.58661,0.51906
-0.094946,0.33441,2.5953,0.41626,0.5784,0.5236
-0.086917,0.32236,2.5976,0.41766,0.5702,0.52831
-0.086743,0.30997,2.5976,0.41033,0.55379,0.53721
-0.085696,0.29723,2.5976,0.41137,0.54524,0.54297
-0.083252,0.28431,2.5988,0.41033,0.53512,0.54681
-0.082729,0.26896,2.5986,0.40876,0.51033,0.55432
-0.08203,0.2522,2.5977,0.40719,0.49445,0.55589
-0.077667,0.22986,2.5983,0.40038,0.44558,0.55048
-0.082903,0.20019,2.5984,0.39881,0.41504,0.54559
-0.08203,0.16633,2.599,0.39881,0.38135,0.53878
-0.083078,0.1316,2.599,0.38956,0.31294,0.51836
-0.081856,0.09896,2.5981,0.38729,0.28117,0.50649
-0.080809,0.069988,2.5972,0.38485,0.25115,0.49498
-0.075922,0.043284,2.5948,0.38432,0.19443,0.4749
-0.078365,0.017104,2.589,0.38205,0.17034,0.46513
-0.073304,-0.0034907,2.5901,0.37088,0.12985,0.44488
-0.071908,-0.021118,2.5915,0.36826,0.11502,0.43633
-0.070686,-0.035081,2.5913,0.36704,0.10612,0.42673
-0.060737,-0.043982,2.5916,0.37088,0.090932,0.40614
-0.051138,-0.05428,2.592,0.37053,0.081507,0.39357
-0.048171,-0.06545,2.5929,0.35657,0.07086,0.38118
-0.057596,-0.076096,2.5918,0.33702,0.049044,0.35221
-0.049916,-0.084474,2.593,0.33842,0.039794,0.33598
-0.048869,-0.09355,2.5927,0.32393,0.025307,0.31329
-0.048171,-0.097215,2.5892,0.31608,0.025307,0.30316
-0.055327,-0.099135,2.5887,0.31241,0.028972,0.29339
-0.056025,-0.09704,2.5883,0.30107,0.046775,0.27611
-0.059516,-0.091106,2.5864,0.29723,0.05777,0.26704
-0.05969,-0.083776,2.5833,0.29793,0.070511,0.2604
-0.059341,-0.075573,2.5799,0.29688,0.096342,0.24836
-0.05969,-0.066497,2.5794,0.29566,0.11013,0.24295
-0.058643,-0.057072,2.5792,0.28623,0.13736,0.23405
-0.06929,-0.047997,2.5779,0.27506,0.14923,0.22881
-0.074176,-0.037525,2.5763,0.26634,0.16249,0.2234
-0.080285,-0.026704,2.5745,0.2536,0.1878,0.21153
-0.080634,-0.015359,2.573,0.25063,0.19967,0.2042
-0.075049,-0.0045379,2.5716,0.25133,0.21153,0.19583
-0.069464,0.0050615,2.5716,0.24138,0.23003,0.17401
-0.07086,0.012217,2.5703,0.23353,0.23824,0.16284
-0.073653,0.019722,2.5667,0.22515,0.2447,0.15533
-0.08046,0.026354,2.5623,0.20543,0.25656,0.13963
-0.085172,0.032987,2.562,0.19757,0.26302,0.1309
-0.08779,0.04119,2.5618,0.19146,0.27716,0.11624
-0.086219,0.049742,2.5625,0.1878,0.28449,0.10978
-0.083427,0.059865,2.5634,0.18727,0.29409,0.1042
-0.086045,0.069988,2.5653,0.18047,0.31503,0.096691
-0.088837,0.081681,2.5676,0.17628,0.32585,0.091455
-0.1206,0.18867,2.5723,0.14661,0.46792,0.044331
-0.12235,0.20473,2.5716,0.14137,0.49567,0.035954
-0.12095,0.22026,2.5719,0.14015,0.50824,0.031765
-0.11973,0.23562,2.5723,0.13806,0.51993,0.024784
-0.12182,0.24906,2.5726,0.13038,0.54123,0.013439
-0.12497,0.2611,2.5719,0.12462,0.55292,0.010297
-0.14085,0.27402,2.571,0.11432,0.56514,0.0068068
-0.14835,0.28868,2.5702,0.10455,0.59219,0.00069813
-0.1487,0.30561,2.5707,0.10786,0.60668,-0.0020944
-0.148,0.32306,2.571,0.10891,0.63582,-0.0085521
-0.14504,0.34016,2.5714,0.11048,0.64856,-0.012566
-0.14172,0.3564,2.5719,0.11065,0.66096,-0.016406
-0.13648,0.37228,2.5721,0.11153,0.68295,-0.02618
-0.13614,0.38607,2.5719,0.10926,0.69342,-0.031765
-0.1323,0.39968,2.5728,0.10699,0.70319,-0.037525
-0.13247,0.4119,2.5717,0.10018,0.72169,-0.048171
-0.13299,0.42446,2.571,0.093724,0.73164,-0.055501
-0.13439,0.43668,2.5698,0.08238,0.75259,-0.06737
-0.13648,0.44977,2.5693,0.079587,0.76236,-0.07278
-0.13753,0.46304,2.5681,0.075747,0.77318,-0.07662
-0.14364,0.47665,2.5679,0.065799,0.79796,-0.083776
-0.14242,0.49114,2.5672,0.066846,0.81105,-0.087266
-0.14556,0.5051,2.5663,0.064926,0.82257,-0.091455
-0.14748,0.51871,2.5648,0.055676,0.84404,-0.10001
-0.15411,0.5325,2.5632,0.053058,0.85451,-0.10559
-0.15533,0.54629,2.5621,0.04852,0.87755,-0.11624
-0.16266,0.55973,2.5599,0.043459,0.88907,-0.1213
-0.16389,0.57386,2.5583,0.039619,0.90059,-0.12619
-0.17174,0.58818,2.5564,0.034034,0.92433,-0.13491
-0.1693,0.60179,2.5545,0.034558,0.93532,-0.13806
-0.17628,0.6147,2.5517,0.03543,0.94649,-0.1398
-0.18466,0.62779,2.5511,0.03194,0.97058,-0.1419
-0.19687,0.64158,2.5496,0.028449,0.98454,-0.14102
-0.21066,0.65589,2.548,0.019199,1.0137,-0.13998
-0.22794,0.66951,2.5457,0.012043,1.0294,-0.14137
-0.24155,0.68539,2.5433,0.0036652,1.0437,-0.14172
-0.25464,0.7018,2.5412,-0.0048869,1.0713,-0.14539
-0.25447,0.71873,2.5388,-0.0059341,1.084,-0.148
-0.25412,0.73531,2.536,-0.010472,1.105,-0.15411
-0.24731,0.75032,2.5319,-0.0099484,1.1142,-0.15708
-0.25063,0.76445,2.5278,-0.0097738,1.1235,-0.15935
-0.25063,0.77754,2.5232,-0.012741,1.1453,-0.16371
-0.25342,0.78941,2.5204,-0.022166,1.1579,-0.16598
-0.2447,0.80512,2.5222,-0.035954,1.1702,-0.17139
-0.24539,0.821,2.5237,-0.065275,1.202,-0.17959
-0.26128,0.83846,2.5211,-0.087092,1.2233,-0.18518
-0.28868,0.85416,2.5121,-0.14434,1.2757,-0.19809
-0.3283,0.87214,2.5009,-0.17488,1.3073,-0.20385
-0.3749,0.89483,2.4885,-0.20351,1.3422,-0.21328
-0.40963,0.92241,2.4731,-0.23981,1.4212,-0.23195
-0.43389,0.954,2.46,-0.2522,1.4629,-0.24382
-0.44593,0.99222,2.4482,-0.25517,1.5043,-0.25674
-0.45344,1.028,2.4349,-0.2625,1.5823,-0.27995
-0.45867,1.0605,2.4257,-0.27,1.6139,-0.28903
-0.45815,1.09,2.4171,-0.25918,1.6645,-0.30142
-0.4578,1.1158,2.412,-0.24976,1.6863,-0.30526
-0.45396,1.1346,2.4073,-0.25028,1.7017,-0.30578
-0.45064,1.1496,2.4044,-0.24749,1.7195,-0.30526
-0.44296,1.1596,2.4045,-0.23754,1.7237,-0.30107
-0.4386,1.1647,2.4052,-0.23422,1.7263,-0.29601
-0.42603,1.1678,2.4094,-0.22986,1.7191,-0.28239
-0.41155,1.1675,2.4155,-0.21817,1.7116,-0.27192
-0.39218,1.1613,2.4229,-0.20351,1.6856,-0.2447
-0.37717,1.1514,2.4326,-0.19199,1.6684,-0.22637
-0.35814,1.138,2.4452,-0.18169,1.6462,-0.2063
-0.32638,1.1228,2.459,-0.15045,1.5987,-0.15429
-0.30421,1.1055,2.4763,-0.14137,1.5771,-0.12392
-0.29985,1.0859,2.4972,-0.1412,1.5523,-0.09355
-0.27995,1.064,2.5182,-0.12217,1.4928,-0.021991
-0.31573,1.0276,2.5389,-0.12147,1.4575,0.013439
-0.33231,0.98908,2.5695,-0.09512,1.3823,0.08046
-0.31049,0.95103,2.5997,-0.082729,1.3413,0.11292
-0.28693,0.91333,2.6311,-0.069115,1.299,0.14626
-0.2817,0.87144,2.6588,-0.030718,1.2123,0.21537
-0.25779,0.82868,2.6911,-0.019722,1.1681,0.24871
-0.23091,0.784,2.7241,-0.0066323,1.0802,0.31538
-0.21328,0.73688,2.7574,-0.0069813,1.0348,0.34872
-0.20054,0.68941,2.7861,-0.0076794,0.99013,0.38223
-0.1878,0.64246,2.8152,-0.0095993,0.90129,0.44576
-0.17715,0.59847,2.8402,-0.010297,0.85765,0.48101
-0.18204,0.55484,2.8585,-0.013265,0.81577,0.51854
-0.17925,0.51295,2.8847,-0.034907,0.73793,0.57753
-0.1679,0.47281,2.9089,-0.032812,0.70075,0.60895
-0.16179,0.43267,2.9313,-0.040143,0.62134,0.66497
-0.15062,0.39287,2.9527,-0.033161,0.57997,0.6915
-0.13963,0.35081,2.9744,-0.028798,0.54,0.71785
-0.13718,0.31154,2.996,-0.034558,0.46373,0.7648
-0.13334,0.27506,3.0156,-0.03194,0.42813,0.78505
-0.12846,0.24051,3.0344,-0.032114,0.3934,0.8025
-0.1391,0.20089,3.0512,-0.038397,0.31521,0.83235
-0.12584,0.16301,3.0625,-0.040492,0.27524,0.84596
-0.11868,0.12584,3.0747,-0.030892,0.19844,0.87354
-0.11118,0.089535,3.0887,-0.026005,0.1604,0.88366
-0.096691,0.05777,3.1032,-0.02234,0.11868,0.89169
-0.049567,0.031416,3.1173,-0.020944,0.040841,0.91176
-0.084299,0.00034907,3.135,-0.022515,0.011345,0.91909
-0.066148,-0.022515,3.1507,-0.017802,-0.014661,0.92782
-0.065799,-0.04468,3.1662,-0.008203,-0.058119,0.94457
-0.078889,-0.064752,3.18,-0.016755,-0.079238,0.9533
-0.088837,-0.082903,3.1931,-0.017279,-0.12008,0.95644
-0.080111,-0.10507,3.2105,-0.025482,-0.13788,0.95435
-0.08046,-0.1213,3.225,-0.023562,-0.15202,0.94911
-0.11676,-0.13701,3.2299,-0.024784,-0.18256,0.93881
-0.12601,-0.14992,3.2336,-0.024958,-0.19268,0.9266
-0.13561,-0.16284,3.2374,-0.018326,-0.20193,0.92014
-0.15254,-0.17349,3.2426,-0.029147,-0.21852,0.89919
-0.1679,-0.18291,3.2463,-0.03735,-0.22253,0.89099
-0.16633,-0.18588,3.2531,-0.04311,-0.21415,0.8786
-0.17471,-0.18291,3.2561,-0.050789,-0.20647,0.87109
-0.18727,-0.17767,3.2604,-0.051836,-0.19583,0.86621
-0.19722,-0.17,3.2627,-0.047822,-0.17174,0.84666
-0.19234,-0.16127,3.2631,-0.047647,-0.15882,0.83339
-0.19792,-0.15359,3.262,-0.048346,-0.14451,0.81856
-0.21188,-0.14364,3.2571,-0.062308,-0.1138,0.784
-0.21607,-0.1316,3.2505,-0.066148,-0.094771,0.76568
-0.22689,-0.11851,3.2413,-0.080634,-0.051836,0.71942
-0.24714,-0.10332,3.2264,-0.091455,-0.024435,0.69534
-0.27908,-0.086394,3.2062,-0.1227,0.0034907,0.66113
-0.29653,-0.065101,3.1803,-0.18082,0.077667,0.57596
-0.30316,-0.038223,3.1468,-0.20211,0.11729,0.52849
-0.31538,-0.010472,3.1098,-0.23108,0.1597,0.47368
-0.32812,0.019024,3.0671,-0.29548,0.24312,0.36896
-0.34034,0.050964,3.0261,-0.32498,0.28746,0.31887
-0.34854,0.084998,2.9878,-0.36966,0.38031,0.23335
-0.36093,0.1206,2.9524,-0.38589,0.42743,0.19687
-0.36617,0.15865,2.9194,-0.39444,0.47438,0.16546
-0.37141,0.196,2.8906,-0.39636,0.56636,0.11537
-0.37263,0.23248,2.8651,-0.3941,0.61418,0.092502
-0.36826,0.27105,2.8412,-0.39183,0.66165,0.073653
-0.37996,0.30753,2.8184,-0.39706,0.75573,0.036477
-0.38607,0.3461,2.7941,-0.39794,0.80023,0.021642
-0.39619,0.38205,2.7704,-0.40439,0.87825,-0.0069813
-0.40177,0.41521,2.7487,-0.40579,0.91228,-0.018326
-0.40631,0.44436,2.7297,-0.40788,0.94387,-0.028798
-0.41364,0.46897,2.7119,-0.41155,0.98873,-0.039619
-0.4215,0.48852,2.6971,-0.42464,1.0076,-0.042412
-0.42795,0.50405,2.6861,-0.42446,1.0219,-0.041539
-0.43005,0.5147,2.6758,-0.40858,1.039,-0.027925
-0.43529,0.51906,2.6702,-0.4105,1.043,-0.023038
-0.43982,0.51976,2.6676,-0.40998,1.0453,-0.0005236
-0.44663,0.52081,2.6665,-0.41364,1.0458,0.014486
-0.45344,0.5215,2.6686,-0.4126,1.0463,0.035779
-0.46094,0.52011,2.6754,-0.41172,1.0383,0.086917
-0.466,0.5154,2.6871,-0.40963,1.0292,0.11624
-0.47002,0.50667,2.7039,-0.41172,1.0001,0.18867
-0.47333,0.4941,2.7241,-0.40771,0.98088,0.23056
-0.47264,0.47909,2.7503,-0.4002,0.96011,0.27437
-0.46897,0.46216,2.7807,-0.38031,0.91089,0.36634
-0.46618,0.44209,2.8126,-0.36739,0.88087,0.41469
-0.43651,0.42534,2.8451,-0.34243,0.8512,0.46269
-0.4482,0.403,2.876,-0.31067,0.78959,0.55205
-0.43843,0.37891,2.9082,-0.31276,0.75555,0.5962
-0.45152,0.35343,2.9379,-0.31102,0.68382,0.68609
-0.4468,0.32742,2.9721,-0.30875,0.64944,0.73182
-0.46147,0.29915,3.006,-0.31172,0.61296,0.77667
-0.47682,0.27018,3.0416,-0.32742,0.53494,0.86202
-0.48974,0.23963,3.073,-0.32673,0.49271,0.89954
-0.50004,0.20787,3.1002,-0.33126,0.44855,0.9355
-0.50684,0.17244,3.1241,-0.31451,0.35046,0.99484
-0.52395,0.13509,3.139,-0.30229,0.29845,1.0142
-0.51208,0.09704,3.1596,-0.29269,0.20316,1.0418
-0.5133,0.059865,3.1819,-0.28082,0.16197,1.0566
-0.50964,0.029496,3.2011,-0.27908,0.1227,1.0727
-0.50789,0.0034907,3.2187,-0.27105,0.05428,1.1051
-0.50196,-0.020769,3.2365,-0.26669,0.023562,1.1205
-0.49794,-0.045029,3.2538,-0.27175,-0.00017453,1.1359
-0.49899,-0.063181,3.2662,-0.30281,-0.053756,1.1558
-0.5051,-0.083252,3.2769,-0.29234,-0.079587,1.1636
-0.49724,-0.10105,3.2858,-0.28519,-0.11781,1.1666
-0.50649,-0.11676,3.2919,-0.27611,-0.1302,1.1626
-0.4934,-0.12776,3.2934,-0.25866,-0.14224,1.1507
-0.42673,-0.13439,3.2929,-0.2042,-0.16057,1.1085
-0.40928,-0.14608,3.2903,-0.19827,-0.1665,1.0921
-0.41661,-0.15656,3.287,-0.21956,-0.17157,1.0702
-0.41713,-0.16109,3.2783,-0.24365,-0.16144,1.0163
-0.42987,-0.16144,3.2636,-0.26564,-0.15115,0.97896
-0.44122,-0.16249,3.2437,-0.34854,-0.12113,0.89675
-0.44942,-0.16336,3.2186,-0.41294,-0.094946,0.84369
-0.49358,-0.15394,3.1854,-0.47386,-0.060388,0.78994
-0.53582,-0.13509,3.1414,-0.57893,0.045204,0.673
-0.56165,-0.10332,3.0908,-0.61732,0.1103,0.61645
-0.57701,-0.061959,3.0435,-0.6545,0.1768,0.56584
-0.59236,-0.013265,2.9946,-0.69761,0.32463,0.47613
-0.60423,0.038223,2.9477,-0.68818,0.40003,0.44
