-0.14364,1.2879,2.5246,-0.027227,0.4386,-0.0010472
-0.14818,1.2847,2.5271,-0.035779,0.47386,0.002618
-0.15516,1.28,2.5281,-0.064752,0.54053,0.01117
-0.16581,1.2788,2.53,-0.065799,0.57247,0.013788
-0.16074,1.2771,2.5306,-0.067195,0.63652,0.016581
-0.17034,1.2729,2.5297,-0.076096,0.66829,0.01693
-0.17104,1.2722,2.5299,-0.083601,0.69796,0.015708
-0.17017,1.2722,2.5278,-0.079587,0.75817,0.010996
-0.16633,1.2727,2.5255,-0.076794,0.78697,0.0094248
-0.16336,1.2727,2.5236,-0.075398,0.81402,0.0083776
-0.16162,1.2725,2.5241,-0.077842,0.86307,0.0054105
-0.15272,1.2725,2.5264,-0.083427,0.88314,0.0027925
-0.15586,1.2696,2.5269,-0.090059,0.92468,0.00017453
-0.16127,1.2668,2.5246,-0.091804,0.94579,0.00017453
-0.16022,1.2654,2.5225,-0.095644,0.96639,-0.0012217
-0.16406,1.2652,2.5218,-0.10263,1.0044,0.00034907
-0.16528,1.2655,2.5225,-0.10751,1.0221,0.0019199
-0.16685,1.2662,2.5239,-0.1131,1.0393,0.0020944
-0.16005,1.2673,2.525,-0.1124,1.0702,0.0010472
-0.16127,1.2671,2.5246,-0.1131,1.0851,0.0015708
-0.15987,1.2664,2.5246,-0.1138,1.1126,0.002618
-0.16092,1.2668,2.5253,-0.11222,1.1257,0.0040143
-0.15917,1.2671,2.5262,-0.10908,1.1367,0.007854
-0.159,1.2683,2.5288,-0.10071,1.1561,0.021991
-0.15795,1.2701,2.5318,-0.088837,1.1702,0.034208
-0.16005,1.2765,2.5374,-0.076271,1.1858,0.047647
-0.16633,1.2865,2.5443,-0.051313,1.221,0.089186
-0.19652,1.2922,2.5522,-0.047822,1.2416,0.11659
-0.20054,1.3006,2.56,-0.049393,1.2743,0.1693
-0.20089,1.3153,2.5693,-0.03543,1.2922,0.19548
-0.19338,1.3292,2.5765,-0.019373,1.3095,0.21974
-0.18884,1.3406,2.5803,0.010647,1.3448,0.26738
-0.18204,1.35,2.5831,0.028972,1.3601,0.29095
-0.17453,1.3591,2.585,0.063006,1.3872,0.33842
-0.16877,1.3664,2.5873,0.078365,1.3961,0.36181
-0.16511,1.3722,2.5885,0.096517,1.4024,0.38659
-0.16738,1.3725,2.5918,0.12427,1.4053,0.43127
-0.16214,1.3683,2.5967,0.14312,1.4034,0.45344
-0.15743,1.3631,2.6019,0.16022,1.4008,0.47595
-0.15394,1.3573,2.6086,0.19408,1.3924,0.51941
-0.15307,1.3502,2.6145,0.21118,1.3891,0.54105
-0.15429,1.3422,2.6208,0.23911,1.3806,0.58137
-0.14312,1.3348,2.6264,0.25587,1.3701,0.59987
-0.13474,1.3228,2.6283,0.2707,1.3635,0.62064
-0.1419,1.3127,2.6325,0.31206,1.354,0.6545
-0.12427,1.3027,2.6363,0.32969,1.3523,0.67108
-0.12357,1.2919,2.6379,0.34383,1.3493,0.68591
-0.10437,1.2783,2.6391,0.37874,1.335,0.71105
-0.089012,1.2634,2.6407,0.39497,1.3244,0.72012
-0.069988,1.2408,2.643,0.41277,1.2997,0.73583
-0.069988,1.2189,2.641,0.4222,1.2886,0.74526
-0.057072,1.1975,2.6381,0.43319,1.2767,0.75416
-0.052883,1.175,2.6365,0.4489,1.2502,0.77196
-0.047124,1.1516,2.6353,0.45518,1.2339,0.78016
-0.037874,1.1259,2.6341,0.45937,1.2153,0.78697
-0.035605,1.0966,2.6325,0.46304,1.1722,0.79465
-0.032114,1.0648,2.6304,0.46147,1.1455,0.79639
-0.029496,1.0299,2.6281,0.45658,1.0865,0.7957
-0.033859,0.99047,2.6253,0.45169,1.0552,0.79482
-0.030194,0.9526,2.6234,0.44925,1.0242,0.7929
-0.033336,0.91525,2.6211,0.44279,0.96482,0.79116
-0.030543,0.87947,2.619,0.44052,0.93637,0.79116
-0.033161,0.84404,2.6182,0.4407,0.90932,0.79116
-0.034907,0.81245,2.6176,0.43441,0.86446,0.79796
-0.034383,0.78487,2.618,0.43546,0.84596,0.80407
-0.033161,0.76061,2.6185,0.43179,0.81455,0.81629
-0.032987,0.73827,2.6194,0.43127,0.80006,0.8231
-0.031765,0.71681,2.6196,0.43022,0.7854,0.8299
-0.029322,0.69377,2.6203,0.42813,0.75363,0.84107
-0.02426,0.67073,2.6213,0.42795,0.73566,0.84561
-0.019897,0.64507,2.6215,0.42603,0.71716,0.84963
-0.016057,0.61837,2.6217,0.42307,0.67701,0.85678
-0.015359,0.59044,2.6217,0.41975,0.65572,0.85975
-0.011694,0.56252,2.6225,0.41294,0.61261,0.86376
-0.01309,0.53494,2.6225,0.40823,0.59114,0.86568
-0.013963,0.50754,2.6227,0.40352,0.57002,0.86743
-0.01309,0.48031,2.6227,0.39305,0.52866,0.86917
-0.011694,0.45326,2.6225,0.38711,0.50807,0.86917
-0.012566,0.42621,2.6217,0.38048,0.48834,0.869
-0.012217,0.40038,2.6211,0.36757,0.45047,0.86795
-0.012915,0.37577,2.6203,0.36198,0.43249,0.86795
-0.013788,0.35203,2.6192,0.35238,0.39881,0.86638
-0.014137,0.32899,2.6183,0.34854,0.38223,0.86638
-0.012915,0.30613,2.6182,0.344,0.366,0.86603
-0.013439,0.28362,2.6183,0.33632,0.33475,0.86691
-0.013439,0.2618,2.6178,0.33336,0.32027,0.86743
-0.012741,0.24208,2.6185,0.33126,0.30665,0.8683
-0.013439,0.22393,2.6189,0.32376,0.281,0.87179
-0.013963,0.207,2.6203,0.32393,0.27053,0.87371
-0.011694,0.19164,2.6199,0.3194,0.25098,0.8765
-0.014312,0.17628,2.619,0.31765,0.2419,0.8772
-0.011519,0.16144,2.6183,0.3159,0.23265,0.87685
-0.011868,0.14556,2.6156,0.31556,0.2138,0.87703
-0.0090757,0.1302,2.6135,0.31067,0.20385,0.87528
-0.0090757,0.11502,2.6122,0.30945,0.1953,0.87546
-0.0024435,0.1021,2.6121,0.30264,0.18047,0.87424
-0.00069813,0.08971,2.611,0.29932,0.17366,0.87389
0.028972,-0.0045379,2.6075,0.27367,0.076271,0.85835
0.036826,-0.017802,2.607,0.26581,0.064577,0.84945
0.038223,-0.032987,2.6054,0.26389,0.039619,0.83776
0.040317,-0.047997,2.6028,0.26005,0.025656,0.83113
0.044506,-0.063181,2.6011,0.25988,0.014661,0.82851
0.032463,-0.077667,2.5993,0.24086,-0.0095993,0.81804
0.038921,-0.091804,2.5979,0.24225,-0.019722,0.8121
0.040666,-0.10245,2.5969,0.2419,-0.027576,0.8046
0.042935,-0.111,2.5943,0.23894,-0.03735,0.79116
0.044506,-0.11606,2.5909,0.24016,-0.037874,0.78627
0.046949,-0.11764,2.5892,0.23946,-0.03351,0.77685
0.052011,-0.11781,2.5871,0.24033,-0.030194,0.77318
0.055676,-0.11798,2.585,0.23894,-0.026704,0.76794
0.058643,-0.11816,2.5827,0.22881,-0.022689,0.75765
0.043982,-0.1227,2.5801,0.21886,-0.023736,0.74944
0.053756,-0.12462,2.5794,0.22323,-0.024958,0.74334
0.057596,-0.12741,2.5765,0.2241,-0.026878,0.7292
0.062832,-0.1295,2.5738,0.22654,-0.027402,0.7196
0.073478,-0.13038,2.5723,0.23963,-0.03735,0.68749
0.073478,-0.1384,2.5686,0.23841,-0.04311,0.6737
0.090234,-0.14137,2.5677,0.23684,-0.047473,0.66445
0.08587,-0.14382,2.5656,0.23213,-0.046251,0.64979
0.081681,-0.14242,2.5632,0.2323,-0.042062,0.64123
0.08046,-0.1398,2.559,0.23195,-0.036652,0.63338
0.078016,-0.13596,2.5538,0.22445,-0.026529,0.61366
0.074176,-0.1323,2.5475,0.22759,-0.019722,0.60633
0.064403,-0.12846,2.54,0.22986,-0.00087266,0.59324
0.059167,-0.12165,2.5354,0.22044,0.0095993,0.58573
0.051487,-0.11188,2.5316,0.21171,0.019024,0.57875
0.058294,-0.10297,2.5276,0.20333,0.032987,0.56444
0.059167,-0.095644,2.5232,0.19705,0.038572,0.55659
0.062483,-0.088663,2.5185,0.19164,0.043459,0.54891
0.062483,-0.082554,2.5119,0.18658,0.052011,0.53494
0.041539,0.17942,2.3939,-0.0055851,0.36652,0.24853
0.041015,0.19844,2.3897,-0.0094248,0.38327,0.24155
0.034383,0.21869,2.3862,-0.015708,0.41888,0.22619
0.029845,0.23719,2.3806,-0.024086,0.43197,0.22427
0.0047124,0.25447,2.3736,-0.029147,0.4681,0.21276
0.0024435,0.27279,2.3679,-0.025831,0.49201,0.20647
-0.0071558,0.29426,2.3618,-0.032463,0.50911,0.20455
-0.0090757,0.3166,2.3562,-0.037176,0.54786,0.19094
-0.0038397,0.34069,2.3492,-0.042237,0.56741,0.18902
-0.0031416,0.36198,2.3454,-0.055327,0.58503,0.18274
-0.01117,0.38397,2.3408,-0.063006,0.62745,0.17645
-0.015359,0.40858,2.3377,-0.063355,0.64839,0.17331
-0.012217,0.43494,2.3358,-0.060214,0.69359,0.16424
-0.00087266,0.46234,2.3337,-0.05236,0.71384,0.16005
0.0076794,0.48607,2.3312,-0.052011,0.73129,0.15691
0.0017453,0.50737,2.3283,-0.051313,0.76568,0.15359
-0.0020944,0.52709,2.3251,-0.049393,0.78383,0.15237
-0.010647,0.54926,2.3225,-0.050615,0.80407,0.15202
-0.017628,0.57264,2.3202,-0.048171,0.84491,0.15184
-0.018675,0.5969,2.3192,-0.048695,0.86481,0.15132
-0.020769,0.62046,2.3192,-0.049742,0.89884,0.1508
-0.019024,0.64333,2.3187,-0.04852,0.91595,0.14975
-0.016755,0.66637,2.3178,-0.048695,0.93201,0.1487
-0.015882,0.68801,2.3166,-0.053233,0.9615,0.14661
-0.022689,0.70825,2.3161,-0.053756,0.97564,0.14573
-0.023038,0.72798,2.3155,-0.053407,0.9903,0.14486
-0.02618,0.74805,2.3152,-0.053233,1.0187,0.14329
-0.026354,0.76707,2.3152,-0.053756,1.0324,0.14172
-0.027576,0.78592,2.3148,-0.053407,1.0578,0.1419
-0.025831,0.80372,2.3136,-0.053233,1.0704,0.14085
-0.030194,0.821,2.3131,-0.054629,1.0825,0.14067
-0.031416,0.83758,2.3122,-0.058294,1.1036,0.13998
-0.031067,0.85312,2.3108,-0.060039,1.1137,0.13945
-0.033161,0.86673,2.3089,-0.061785,1.1238,0.13945
-0.034558,0.88034,2.307,-0.065799,1.143,0.13736
-0.030369,0.89431,2.3047,-0.069813,1.1524,0.13666
-0.028798,0.9074,2.3037,-0.081856,1.1697,0.13387
-0.034383,0.92014,2.3026,-0.086568,1.1769,0.13282
-0.038572,0.93131,2.2998,-0.08971,1.1847,0.13247
-0.03735,0.94335,2.2974,-0.093899,1.1997,0.12776
-0.043808,0.9526,2.2935,-0.099484,1.2085,0.1227
-0.031416,0.96709,2.2904,-0.10367,1.2233,0.11537
-0.044157,0.97634,2.2874,-0.1103,1.2306,0.11519
-0.0466,0.98855,2.2881,-0.11118,1.2381,0.11572
-0.049567,1.0011,2.2881,-0.10978,1.2537,0.11956
-0.051487,1.0121,2.2883,-0.10629,1.2596,0.12305
-0.053582,1.0194,2.2853,-0.1035,1.2664,0.12584
-0.054454,1.0259,2.2747,-0.096342,1.283,0.13631
-0.050265,1.0233,2.2497,-0.096168,1.2984,0.14486
-0.036826,1.0231,2.2108,-0.09163,1.3292,0.15725
0.010647,1.0257,2.16,-0.079936,1.3436,0.1604
0.060388,1.0208,2.0958,-0.064054,1.3544,0.16074
0.11065,0.99903,2.0204,-0.034383,1.3683,0.16162
0.15115,0.95923,1.9389,-0.03159,1.3697,0.15935
0.18186,0.90059,1.8623,-0.029496,1.3696,0.15446
0.18658,0.8238,1.7975,-0.034034,1.3781,0.13806
0.16668,0.75102,1.7466,-0.055501,1.3858,0.11798
-0.023911,0.50423,1.656,-0.11589,1.4055,0.030543
-0.057072,0.47281,1.652,-0.12008,1.3991,0.032289
-0.09163,0.44384,1.6458,-0.12095,1.3963,0.034383
-0.12689,0.41731,1.6378,-0.11537,1.3931,0.039444
-0.16493,0.39619,1.6287,-0.1117,1.3912,0.041888
-0.19862,0.38223,1.6172,-0.10472,1.3896,0.043284
-0.23265,0.37559,1.602,-0.08395,1.3828,0.047298
-0.26581,0.3721,1.587,-0.071035,1.3799,0.049218
-0.30805,0.37315,1.5734,-0.059865,1.376,0.049218
-0.33196,0.36984,1.5596,-0.03543,1.3685,0.051836
-0.35814,0.36565,1.543,-0.032987,1.3633,0.051836
-0.38083,0.36041,1.5237,-0.03194,1.35,0.053931
-0.403,0.35413,1.5048,-0.027925,1.3451,0.055152
-0.42516,0.34627,1.4872,-0.024958,1.3406,0.057072
-0.44349,0.3379,1.4715,-0.023387,1.3308,0.061959
-0.46286,0.32777,1.4573,-0.021293,1.3263,0.064752
-0.47839,0.31538,1.4441,-0.020595,1.3209,0.06737
-0.4962,0.30247,1.4336,-0.02426,1.3097,0.072082
-0.51016,0.28885,1.423,-0.025133,1.3048,0.073304
-0.5236,0.27506,1.4125,-0.030892,1.2968,0.074002
-0.53686,0.26093,1.4024,-0.033161,1.2942,0.073827
-0.54995,0.24696,1.3914,-0.035954,1.2912,0.074875
-0.56531,0.23544,1.3813,-0.050091,1.284,0.079936
-0.58119,0.2255,1.371,-0.054629,1.2816,0.083427
-0.60039,0.2166,1.3598,-0.061436,1.2786,0.094248
-0.61889,0.20647,1.3528,-0.066148,1.2811,0.10297
-0.63635,0.19967,1.3458,-0.065799,1.2826,0.10769
-0.65101,0.19618,1.3374,-0.062483,1.2793,0.11414
-0.66131,0.19164,1.3265,-0.058992,1.2785,0.11641
-0.67614,0.185,1.3195,-0.05777,1.2783,0.12287
-0.68975,0.17523,1.3137,-0.053233,1.2818,0.13177
-0.70337,0.16528,1.3066,-0.050789,1.2809,0.13265
-0.71052,0.15499,1.2973,-0.049218,1.2772,0.13317
-0.71908,0.14486,1.2882,-0.049044,1.2753,0.13317
-0.72361,0.13404,1.2802,-0.04852,1.2725,0.13299
-0.72937,0.12287,1.2739,-0.048346,1.2675,0.13334
-0.73391,0.11083,1.2682,-0.048869,1.2659,0.13317
-0.73688,0.098611,1.2627,-0.049218,1.2647,0.13247
-0.7388,0.086917,1.2573,-0.056025,1.2617,0.1309
-0.7456,0.075224,1.2542,-0.061261,1.2608,0.13317
-0.76079,0.066148,1.25,-0.064926,1.2603,0.13666
-0.77685,0.057945,1.2427,-0.063879,1.2593,0.13875
-0.78505,0.048869,1.2366,-0.061436,1.2586,0.14224
-0.79273,0.040317,1.2313,-0.055851,1.2568,0.14975
-0.79657,0.032289,1.2268,-0.051836,1.2545,0.15289
-0.80093,0.025831,1.2233,-0.050615,1.2498,0.15621
-0.80582,0.018326,1.2188,-0.042761,1.239,0.16266
-0.80913,0.0092502,1.2141,-0.040143,1.2339,0.16511
-0.81437,0.0017453,1.2079,-0.036303,1.2271,0.16825
-0.81821,-0.0073304,1.2013,-0.036303,1.2245,0.17017
-0.82327,-0.017104,1.1956,-0.03735,1.2233,0.17191
-0.82746,-0.027053,1.19,-0.04119,1.2198,0.17733
-0.8306,-0.036128,1.1846,-0.045728,1.2174,0.17994
-0.82327,-0.046077,1.1809,-0.050615,1.2147,0.18082
-0.8018,-0.049393,1.1758,-0.053233,1.2097,0.17715
-0.79762,-0.052185,1.1687,-0.051313,1.2078,0.17942
-0.79866,-0.058818,1.1633,-0.05044,1.2132,0.19042
-0.8018,-0.065275,1.158,-0.050265,1.217,0.19303
-0.79849,-0.073129,1.1496,-0.048869,1.2177,0.19408
-0.7936,-0.082554,1.1437,-0.048695,1.2216,0.19652
-0.79465,-0.088488,1.1388,-0.047473,1.2219,0.19844
-0.79709,-0.094771,1.136,-0.044506,1.2212,0.2063
-0.80372,-0.1021,1.1376,-0.049916,1.22,0.2255
-0.80756,-0.10821,1.1367,-0.047473,1.22,0.23126
-0.80721,-0.11519,1.1329,-0.043633,1.2193,0.2419
-0.81001,-0.1213,1.1306,-0.04311,1.2174,0.24749
-0.8121,-0.12566,1.1287,-0.042586,1.2158,0.25307
-0.81245,-0.1295,1.1289,-0.045728,1.2106,0.26215
-0.81158,-0.13439,1.1306,-0.050615,1.2076,0.26546
-0.81402,-0.14102,1.1324,-0.054629,1.2036,0.26826
-0.81193,-0.14888,1.1339,-0.063355,1.1999,0.27018
-0.81193,-0.15778,1.1362,-0.069464,1.1985,0.27
-0.81105,-0.16877,1.1407,-0.089361,1.1942,0.27402
-0.81036,-0.18082,1.1465,-0.099833,1.1922,0.27454
-0.81245,-0.19303,1.153,-0.10734,1.1924,0.27437
-0.81053,-0.20647,1.1606,-0.12863,1.1914,0.2721
-0.80896,-0.22078,1.1676,-0.13963,1.191,0.26738
-0.80844,-0.23562,1.1762,-0.14835,1.1915,0.26424
-0.80529,-0.24976,1.1858,-0.17261,1.1896,0.25499
-0.80564,-0.26197,1.1982,-0.18396,1.1877,0.25203
-0.80128,-0.27559,1.2123,-0.20595,1.1853,0.24487
-0.8039,-0.28658,1.2263,-0.21729,1.1821,0.23998
-0.8025,-0.29618,1.2371,-0.22515,1.1812,0.23353
-0.80268,-0.30665,1.2493,-0.23963,1.18,0.22654
-0.80477,-0.3159,1.2619,-0.24749,1.1797,0.22393
-0.80704,-0.32515,1.2732,-0.25307,1.1804,0.22061
-0.80861,-0.33388,1.2846,-0.26267,1.1833,0.21398
-0.81001,-0.34086,1.2952,-0.26808,1.1847,0.21014
-0.81228,-0.34889,1.3064,-0.27611,1.1853,0.20438
-0.82572,-0.35552,1.317,-0.28641,1.179,0.20141
-0.82362,-0.35954,1.3216,-0.29391,1.1748,0.19199
-0.82065,-0.36477,1.3287,-0.30037,1.1688,0.18221
-0.81838,-0.36879,1.3392,-0.30823,1.1647,0.17715
-0.81873,-0.3742,1.3493,-0.30962,1.1613,0.17314
-0.81856,-0.38013,1.3619,-0.32166,1.1561,0.16947
-0.81926,-0.38485,1.3748,-0.32777,1.1551,0.16703
-0.82065,-0.38851,1.3861,-0.33528,1.1551,0.16441
-0.82414,-0.39113,1.3973,-0.33563,1.1572,0.16441
-0.82764,-0.39287,1.4074,-0.33493,1.1591,0.16458
-0.83287,-0.39322,1.4158,-0.3283,1.1638,0.16581
-0.83671,-0.39462,1.4247,-0.32533,1.1661,0.16755
-0.83968,-0.39427,1.4324,-0.32201,1.168,0.16808
-0.84439,-0.3934,1.4397,-0.31294,1.1716,0.17
-0.85172,-0.39287,1.4483,-0.31032,1.1729,0.17122
-0.85451,-0.39252,1.456,-0.30613,1.1757,0.17244
-0.85835,-0.39095,1.4629,-0.30439,1.1765,0.17244
-0.86289,-0.38973,1.4699,-0.30264,1.1776,0.17296
-0.86638,-0.38886,1.4772,-0.30212,1.1805,0.17453
-0.87144,-0.38799,1.4856,-0.30194,1.1819,0.17645
-0.87476,-0.38729,1.4933,-0.30212,1.1825,0.17802
-0.88034,-0.38537,1.5017,-0.30002,1.1846,0.18047
-0.88314,-0.38275,1.5099,-0.2981,1.1856,0.18204
-0.88698,-0.37961,1.5177,-0.2878,1.188,0.18343
-0.89012,-0.37821,1.527,-0.2817,1.19,0.18483
-0.89274,-0.37717,1.5382,-0.28013,1.191,0.18378
-0.89308,-0.3749,1.5485,-0.27786,1.1908,0.17959
-0.89675,-0.37245,1.5586,-0.27384,1.1919,0.17855
-0.89937,-0.36861,1.5661,-0.27419,1.1903,0.17715
-0.9046,-0.36303,1.5706,-0.27018,1.1898,0.17453
-0.90827,-0.35657,1.5746,-0.26965,1.1893,0.17436
-0.91298,-0.34907,1.5795,-0.26965,1.1879,0.1775
-0.91595,-0.34191,1.5846,-0.26843,1.1865,0.17959
-0.91874,-0.33475,1.5898,-0.26634,1.1849,0.18117
-0.92084,-0.32865,1.5958,-0.2632,1.1833,0.18343
-0.92171,-0.32271,1.6008,-0.26197,1.1823,0.18378
-0.92328,-0.3166,1.605,-0.26005,1.1811,0.18396
-0.92642,-0.31015,1.6083,-0.25517,1.1791,0.18309
-0.92712,-0.30351,1.6109,-0.25307,1.1779,0.18256
-0.92799,-0.29758,1.6141,-0.24958,1.1757,0.18291
-0.92782,-0.29234,1.6188,-0.24993,1.1755,0.18309
-0.92939,-0.28815,1.6251,-0.24923,1.1753,0.18378
-0.93131,-0.28449,1.6335,-0.25237,1.1743,0.18588
-0.93358,-0.28065,1.6417,-0.25395,1.1741,0.18675
-0.93707,-0.27698,1.6511,-0.25499,1.1751,0.1878
-0.94195,-0.2714,1.6628,-0.2611,1.1751,0.18989
-0.94422,-0.26442,1.6774,-0.2632,1.1753,0.19111
-0.94876,-0.25604,1.6924,-0.26337,1.1744,0.19478
-0.94824,-0.24784,1.7061,-0.26459,1.1736,0.19583
-0.9533,-0.23894,1.7165,-0.26354,1.1732,0.19687
-0.95679,-0.23021,1.7244,-0.25936,1.1758,0.19914
-0.96342,-0.22061,1.7322,-0.25866,1.1777,0.20001
-0.96883,-0.20944,1.7376,-0.25761,1.1781,0.19984
-0.97302,-0.19722,1.7431,-0.25045,1.1814,0.20228
-0.98297,-0.18396,1.7492,-0.24749,1.1828,0.20368
-0.98332,-0.17104,1.7541,-0.2419,1.1844,0.20665
-1.0023,-0.15516,1.761,-0.24016,1.1846,0.20839
-1.028,-0.1384,1.7767,-0.24033,1.1886,0.21153
-1.0493,-0.12462,1.8015,-0.25831,1.1976,0.22166
-1.0901,-0.10681,1.8333,-0.26965,1.2004,0.22602
-1.143,-0.089535,1.8722,-0.27698,1.2036,0.23161
-1.2198,-0.065101,1.9148,-0.28746,1.206,0.23702
-1.2826,-0.039444,1.9631,-0.29304,1.2076,0.23894
-1.3322,-0.017977,2.0173,-0.30857,1.2069,0.24382
-1.3896,0.0034907,2.0738,-0.31608,1.2038,0.24888
-1.4341,0.021468,2.1262,-0.32358,1.1983,0.25412
-1.4572,0.034208,2.1752,-0.34226,1.1811,0.26704
-1.4764,0.045902,2.2178,-0.35605,1.1701,0.27262
-1.4762,0.062134,2.2553,-0.36442,1.1552,0.27541
-1.4671,0.081158,2.2888,-0.36477,1.1184,0.28414
-1.4476,0.10367,2.3119,-0.35744,1.1025,0.29391
-1.4235,0.12566,2.322,-0.36512,1.0605,0.32428
-1.3917,0.148,2.3236,-0.35692,1.0386,0.34086
-1.3516,0.17017,2.3236,-0.33388,1.0208,0.35221
-1.3184,0.19111,2.3253,-0.30142,0.9903,0.36826
-1.2771,0.21904,2.3274,-0.28047,0.97756,0.37734
-1.2374,0.24853,2.3281,-0.24784,0.96726,0.38746
-1.1929,0.28117,2.3246,-0.20019,0.95749,0.40911
-1.143,0.31957,2.3279,-0.17785,0.95435,0.41277
-1.1116,0.35465,2.3356,-0.13439,0.96028,0.41417
-1.0718,0.39584,2.3462,-0.11432,0.96482,0.41591
-1.0256,0.43494,2.3534,-0.097738,0.96883,0.41801
-0.9889,0.46914,2.3585,-0.06929,0.97512,0.42778
-0.95278,0.50213,2.3593,-0.054629,0.97634,0.43406
-0.91735,0.53302,2.3588,-0.040666,0.97651,0.44035
-0.88349,0.56147,2.3578,-0.012043,0.97634,0.45553
-0.84945,0.5887,2.3569,0.0022689,0.97599,0.46199
-0.81158,0.61593,2.3599,0.031416,0.97285,0.47316
-0.77144,0.64228,2.3651,0.04852,0.97285,0.47892
-0.73374,0.66759,2.3705,0.063355,0.97424,0.48573
-0.70145,0.69098,2.3733,0.091804,0.97442,0.50161
-0.67108,0.71367,2.3749,0.10455,0.97512,0.50946
-0.64176,0.73496,2.3763,0.12793,0.97512,0.52325
-0.61261,0.75555,2.378,0.14085,0.97477,0.52971
-0.58329,0.77545,2.3801,0.15149,0.97529,0.53477
-0.56287,0.79343,2.3845,0.15952,0.97843,0.53634
-0.54472,0.81001,2.389,0.17174,0.97843,0.53878
-0.51557,0.82694,2.3937,0.18221,0.98035,0.5414
-0.49323,0.84177,2.3974,0.19809,0.98,0.55013
-0.46845,0.85573,2.3998,0.20874,0.97913,0.55554
-0.44733,0.8676,2.4012,0.22532,0.97634,0.56671
-0.42638,0.87738,2.4038,0.23038,0.97337,0.56758
-0.40806,0.88663,2.4098,0.23911,0.96988,0.56776
-0.38746,0.89466,2.4159,0.25325,0.96185,0.5695
-0.36442,0.90303,2.4216,0.2618,0.95888,0.57212
-0.34435,0.91036,2.4253,0.26581,0.95574,0.57421
-0.32673,0.9156,2.4278,0.27524,0.94492,0.58085
-0.30404,0.92101,2.4267,0.28449,0.93829,0.58556
-0.28431,0.92712,2.4253,0.32603,0.92607,0.59394
-0.25168,0.93305,2.4243,0.33964,0.92084,0.60039
-0.23492,0.93532,2.4215,0.35081,0.91368,0.60807
-0.21328,0.93864,2.4211,0.36949,0.90443,0.62134
-0.19844,0.943,2.4227,0.37385,0.90391,0.62832
-0.17925,0.94649,2.426,0.37525,0.90268,0.63163
-0.16284,0.95278,2.4326,0.38345,0.8985,0.63059
-0.14469,0.95941,2.4347,0.39148,0.89431,0.63094
-0.13073,0.96744,2.4323,0.39951,0.88925,0.63146
-0.11781,0.97494,2.4295,0.40335,0.88715,0.63076
-0.10524,0.97965,2.4285,0.40928,0.88541,0.62971
-0.096517,0.98349,2.4288,0.40771,0.88837,0.62553
-0.08203,0.99222,2.4326,0.40684,0.89169,0.61977
-0.059167,1.005,2.4421,0.403,0.89431,0.61348
-0.049218,1.0128,2.4471,0.40125,0.90199,0.61017
-0.035256,1.017,2.4508,0.40108,0.90286,0.61069
-0.026878,1.0167,2.4539,0.40212,0.90338,0.6168
-0.024784,1.0153,2.4536,0.40247,0.90164,0.61924
-0.01501,1.0161,2.4517,0.39933,0.90111,0.62012
-0.0038397,1.0208,2.452,0.39479,0.89867,0.62273
0.0075049,1.0208,2.4529,0.39636,0.89588,0.62518
0.019722,1.0191,2.4553,0.40073,0.89448,0.62867
0.030194,1.0156,2.4579,0.41225,0.88767,0.63757
0.037176,1.0149,2.4593,0.4187,0.8861,0.6428
0.045204,1.014,2.4559,0.41975,0.88087,0.65048
0.046949,1.0123,2.4559,0.42202,0.87755,0.6531
0.058119,1.01,2.4571,0.42569,0.87406,0.65659
0.06545,1.0062,2.4586,0.43633,0.8697,0.66637
0.075922,1.0027,2.4607,0.44035,0.86743,0.67178
0.08395,0.99938,2.4646,0.44506,0.86446,0.67823
0.08971,0.99815,2.467,0.44855,0.86411,0.69045
0.089884,0.9992,2.4668,0.44279,0.86516,0.69447
0.085696,0.9978,2.4688,0.44558,0.86237,0.70023
0.094597,0.99588,2.4696,0.44872,0.8608,0.70267
0.098786,0.99344,2.4716,0.45448,0.8594,0.70546
0.10559,0.99257,2.4733,0.46269,0.85765,0.71262
0.111,0.98855,2.473,0.46478,0.85643,0.71506
0.11676,0.98681,2.4749,0.47298,0.85364,0.71611
0.12235,0.98646,2.4749,0.47351,0.85155,0.71349
0.12689,0.98995,2.4752,0.47194,0.85224,0.71017
0.12828,0.99571,2.4733,0.46164,0.85661,0.6997
0.13107,1.0015,2.4712,0.45605,0.85957,0.6915
0.13422,1.0104,2.47,0.44855,0.86429,0.68277
0.14032,1.0203,2.4662,0.43686,0.8779,0.66619
0.14364,1.0304,2.4602,0.42638,0.88733,0.65537
0.14643,1.0399,2.4562,0.41888,0.89727,0.6449
0.14643,1.0514,2.4546,0.40282,0.9163,0.62622
0.14835,1.0619,2.4545,0.39706,0.92537,0.6182
0.14643,1.0734,2.4531,0.38327,0.94195,0.60127
0.14312,1.0819,2.4517,0.37176,0.94859,0.59132
0.13823,1.0905,2.4494,0.36111,0.95522,0.58207
0.13683,1.1015,2.4459,0.34575,0.96831,0.56392
0.13631,1.1125,2.4421,0.3372,0.97407,0.55414
0.13579,1.1224,2.4387,0.33004,0.97878,0.54454
0.13875,1.1332,2.4358,0.32062,0.98855,0.52779
0.14539,1.143,2.4314,0.31346,0.99414,0.51941
0.14155,1.1519,2.4276,0.29932,1.0048,0.50475
0.14155,1.1596,2.4239,0.29374,1.0097,0.49759
0.13928,1.1688,2.4202,0.28746,1.0163,0.49044
0.13893,1.1793,2.4171,0.27297,1.0304,0.47735
0.13544,1.1889,2.4145,0.26512,1.0376,0.47141
0.14137,1.1969,2.4117,0.23859,1.0442,0.46321
0.14626,1.2031,2.411,0.23597,1.0488,0.45885
0.1412,1.2107,2.4108,0.2255,1.0542,0.45483
0.13963,1.2189,2.4105,0.21415,1.0687,0.4482
0.13998,1.2294,2.4103,0.20944,1.0776,0.44419
0.14102,1.2418,2.41,0.20298,1.0872,0.4407
0.13648,1.254,2.4101,0.19129,1.1069,0.4297
0.13561,1.2669,2.4093,0.18535,1.1189,0.42429
0.13107,1.2783,2.4089,0.17471,1.1355,0.41103
0.12985,1.2881,2.4084,0.17628,1.1425,0.40596
0.12881,1.2959,2.4073,0.1686,1.1488,0.4009
0.12915,1.3038,2.4061,0.16022,1.1608,0.39357
0.13003,1.3121,2.4058,0.15499,1.1699,0.38868
0.12723,1.3217,2.4035,0.14975,1.1788,0.38851
0.12549,1.334,2.4014,0.14015,1.1983,0.38519
0.12584,1.3422,2.4012,0.13631,1.2067,0.38397
0.12182,1.3512,2.4004,0.12584,1.223,0.38048
0.12374,1.3605,2.4004,0.12357,1.2336,0.37804
0.11537,1.3706,2.401,0.11257,1.2427,0.37437
0.11257,1.3799,2.4005,0.092852,1.2572,0.36634
0.10856,1.3909,2.399,0.080285,1.2638,0.36163
0.10402,1.3984,2.3974,0.071384,1.2704,0.35692
0.10071,1.4055,2.3955,0.057072,1.2828,0.34941
0.094073,1.4116,2.3937,0.046077,1.2886,0.3454
0.09163,1.4188,2.3934,0.039968,1.2999,0.34156
0.096691,1.4254,2.392,0.040492,1.3079,0.33929
0.1014,1.4303,2.3942,0.03194,1.3158,0.33493
0.10245,1.4354,2.396,0.032463,1.328,0.33231
0.10001,1.4411,2.3958,0.028449,1.3367,0.32882
0.093899,1.4467,2.3953,0.019722,1.3429,0.32498
0.087441,1.4511,2.3946,0.007854,1.354,0.3159
0.081856,1.4549,2.3921,-0.0029671,1.3617,0.31276
0.072257,1.4573,2.3901,-0.023736,1.3718,0.30194
0.068591,1.4607,2.3885,-0.026005,1.3792,0.29514
0.068941,1.4645,2.3864,-0.0281,1.3867,0.28536
0.072257,1.4676,2.3845,-0.051138,1.4022,0.26599
0.066323,1.4683,2.3817,-0.06353,1.4076,0.25883
0.063355,1.4715,2.3773,-0.066323,1.4134,0.2536
0.05969,1.4736,2.3747,-0.083427,1.4256,0.244
0.064577,1.4748,2.3738,-0.082554,1.4282,0.24208
0.080111,1.4757,2.3721,-0.072431,1.434,0.2412
0.10105,1.4753,2.3681,-0.074526,1.4347,0.24173
0.15603,1.4767,2.3647,-0.071558,1.4333,0.2412
0.2241,1.4792,2.3642,-0.067719,1.435,0.23684
0.27349,1.483,2.3618,-0.07086,1.4375,0.2351
0.24923,1.4767,2.3616,-0.073304,1.4397,0.23475
0.26494,1.4743,2.3606,-0.074002,1.4408,0.23475
0.27175,1.4703,2.359,-0.075224,1.4399,0.2344
0.2878,1.4666,2.3569,-0.074875,1.4348,0.23562
0.3536,1.4652,2.359,-0.070686,1.4277,0.23405
0.44122,1.4601,2.3576,-0.062832,1.4223,0.23579
0.49131,1.4568,2.3637,-0.057596,1.4111,0.23702
0.50073,1.4385,2.3661,-0.05236,1.4078,0.23702
0.48747,1.431,2.3707,-0.04311,1.4005,0.23841
0.46653,1.423,2.3759,-0.038223,1.3977,0.23824
0.43947,1.419,2.3808,-0.037001,1.3957,0.23824
0.41068,1.4162,2.3878,-0.043808,1.3964,0.2433
0.37106,1.4155,2.3949,-0.042062,1.3987,0.25203
0.34819,1.421,2.4024,-0.043808,1.4057,0.26005
0.32254,1.4315,2.4098,-0.039619,1.4195,0.28798
0.30473,1.4387,2.415,-0.037525,1.4286,0.30578
0.29112,1.4484,2.4202,-0.017977,1.4448,0.34191
0.27105,1.454,2.4237,-0.0073304,1.4544,0.35867
0.2611,1.4577,2.4262,0.0022689,1.4601,0.37525
0.23998,1.4615,2.4293,0.010297,1.4704,0.40509
0.22358,1.4626,2.4312,0.015533,1.4739,0.41801
0.21188,1.4622,2.4319,0.021468,1.4755,0.42953
0.19443,1.4582,2.4325,0.030369,1.4727,0.4468
0.18134,1.4504,2.4326,0.034558,1.4696,0.45518
0.16738,1.442,2.4332,0.049218,1.4633,0.47386
0.15307,1.4341,2.4335,0.055152,1.4607,0.48433
0.1391,1.4268,2.4346,0.061261,1.457,0.49393
0.12706,1.4191,2.4356,0.079587,1.4509,0.5126
0.11956,1.4116,2.4365,0.091106,1.4483,0.51871
0.10612,1.4052,2.4363,0.10489,1.4455,0.52639
0.099135,1.3957,2.4358,0.11938,1.4371,0.54053
0.089884,1.386,2.4346,0.12689,1.4333,0.54856
0.085172,1.3769,2.4347,0.14312,1.4238,0.56566
0.077842,1.3676,2.4349,0.15149,1.4191,0.57544
0.074176,1.3586,2.4358,0.16022,1.4137,0.58626
0.069464,1.35,2.4375,0.17715,1.4024,0.60877
0.063879,1.3401,2.4398,0.185,1.3959,0.61942
0.061261,1.3303,2.4431,0.19303,1.3891,0.63024
0.052709,1.3203,2.4449,0.20665,1.3748,0.65048
0.052011,1.3086,2.4463,0.21118,1.3647,0.65904
0.046775,1.2964,2.4475,0.22323,1.3437,0.67317
0.042761,1.2819,2.4489,0.22602,1.3305,0.67841
0.036128,1.2655,2.4494,0.23108,1.3184,0.68469
0.036477,1.2495,2.4503,0.244,1.295,0.69639
0.031765,1.2343,2.4511,0.2508,1.2847,0.70267
0.03194,1.22,2.4517,0.25761,1.2746,0.70825
0.029322,1.2072,2.4527,0.2625,1.2601,0.7189
0.01885,1.1969,2.4546,0.27419,1.2526,0.72257
0.018326,1.1851,2.4567,0.28536,1.2364,0.73234
0.019199,1.1722,2.4571,0.29112,1.228,0.74054
0.016232,1.1579,2.4543,0.29583,1.2235,0.74979
0.020769,1.1458,2.455,0.30491,1.206,0.76445
0.019373,1.1355,2.455,0.30927,1.1989,0.77248
0.018326,1.1231,2.4562,0.31154,1.1884,0.77964
0.023213,1.1086,2.4571,0.32428,1.168,0.79412
0.023911,1.0938,2.4576,0.32306,1.1563,0.80023
0.021468,1.0788,2.4581,0.33109,1.1327,0.81228
0.023038,1.0627,2.4581,0.33615,1.1219,0.81821
0.02426,1.0468,2.4578,0.3379,1.1107,0.82345
0.027402,1.0315,2.4583,0.3468,1.0879,0.83287
0.030543,1.0165,2.4585,0.35046,1.0767,0.83811
0.028449,1.0009,2.4592,0.35221,1.0648,0.84352
0.031765,0.98437,2.4604,0.35675,1.0406,0.85626
0.032289,0.96813,2.4627,0.36041,1.0271,0.86359
0.033685,0.95173,2.4649,0.35989,0.99815,0.88279
0.026878,0.9355,2.4686,0.35797,0.98471,0.89117
0.028798,0.91944,2.4716,0.35989,0.9718,0.90042
0.027227,0.9046,2.4747,0.36442,0.94928,0.91769
0.034208,0.88994,2.4782,0.36966,0.93951,0.92607
0.040841,0.87616,2.4813,0.37385,0.93009,0.9341
0.046949,0.86394,2.4838,0.38293,0.91176,0.95051
0.050091,0.85137,2.4871,0.38642,0.90007,0.95888
0.053407,0.83566,2.4911,0.38118,0.8704,0.97407
0.055851,0.81838,2.496,0.38432,0.85521,0.98349
0.057247,0.80111,2.4993,0.38624,0.84038,0.99013
0.063879,0.78418,2.5028,0.39567,0.81786,1.0039
0.069464,0.76952,2.5063,0.4016,0.80844,1.01
0.076969,0.75695,2.5098,0.41417,0.80128,1.0179
0.084299,0.747,2.5122,0.42412,0.79255,1.0332
0.087965,0.7374,2.5154,0.43075,0.78802,1.042
0.096168,0.72763,2.5176,0.43825,0.77702,1.0589
0.10123,0.71681,2.5199,0.44209,0.77091,1.0681
0.10629,0.70441,2.5223,0.44454,0.76323,1.0769
0.10734,0.69202,2.5257,0.45012,0.74735,1.0941
0.1103,0.67841,2.5281,0.44942,0.73827,1.102
0.10926,0.66445,2.5304,0.45099,0.72937,1.1104
0.11397,0.64979,2.5323,0.45204,0.70825,1.1266
0.11729,0.63408,2.5342,0.45169,0.69534,1.1352
0.11118,0.61331,2.5351,0.42586,0.66148,1.1568
0.10734,0.59376,2.5395,0.42673,0.64734,1.1685
0.10228,0.57578,2.5438,0.42761,0.63198,1.1774
0.10838,0.55781,2.5477,0.43197,0.60319,1.1924
0.111,0.54018,2.551,0.43494,0.5901,1.1992
0.11938,0.52412,2.5536,0.43982,0.57823,1.2053
0.12706,0.50876,2.5555,0.44733,0.55659,1.2175
0.13142,0.49306,2.5576,0.44907,0.54576,1.2238
0.14207,0.47682,2.5606,0.45675,0.51732,1.238
0.15289,0.46042,2.5628,0.45518,0.50265,1.2453
0.15725,0.44017,2.5677,0.45466,0.48642,1.2514
0.16232,0.42045,2.5738,0.45082,0.45117,1.2631
0.15778,0.39811,2.5773,0.4468,0.43092,1.2629
0.15411,0.37071,2.5775,0.44174,0.40841,1.2607
0.15376,0.34034,2.5759,0.43249,0.35709,1.2463
0.15132,0.3098,2.5731,0.429,0.32969,1.2367
0.14992,0.27855,2.569,0.41975,0.27629,1.2132
0.14835,0.24766,2.5637,0.41364,0.2508,1.2017
0.14678,0.22113,2.5597,0.40841,0.22881,1.1907
0.1508,0.19844,2.5559,0.40177,0.19373,1.1704
0.14608,0.17802,2.5515,0.39514,0.17802,1.1592
0.18291,0.034034,2.4885,0.30735,0.050964,0.89832
0.19251,0.034732,2.4874,0.307,0.053233,0.88942
0.18413,0.035954,2.4869,0.27821,0.058294,0.87232
0.14399,0.10559,2.4965,0.2529,0.19094,0.79447
0.12392,0.11973,2.4984,0.24312,0.20525,0.7936
0.11537,0.13212,2.4998,0.23667,0.23649,0.79238
0.096866,0.14573,2.5002,0.22131,0.24941,0.78976
0.081856,0.15708,2.5009,0.21188,0.26128,0.78749
0.069464,0.1672,2.5025,0.1974,0.28292,0.77877
0.063705,0.17663,2.5033,0.19251,0.29182,0.77266
0.054105,0.18483,2.5028,0.18553,0.30107,0.76498
0.059341,0.19356,2.4997,0.19897,0.32044,0.7491
0.06737,0.20054,2.5002,0.21345,0.3358,0.7456
0.059167,0.21712,2.4997,0.18832,0.36582,0.73653
0.045902,0.23213,2.5,0.18361,0.38205,0.73531
0.041888,0.24853,2.5026,0.18256,0.39584,0.73164
0.033685,0.26128,2.5051,0.17122,0.4187,0.72396
0.029322,0.27175,2.5079,0.16842,0.429,0.71995
0.025656,0.28344,2.5107,0.16528,0.4393,0.71262
0.020071,0.29426,2.5115,0.15551,0.45693,0.7004
0.019024,0.30648,2.5129,0.14486,0.46443,0.69324
0.00087266,0.31486,2.5124,0.12113,0.48119,0.68399
-0.0043633,0.32655,2.5159,0.11956,0.49288,0.6805
-0.014661,0.33702,2.5183,0.11554,0.50615,0.67841
-0.020595,0.35133,2.5206,0.10175,0.53006,0.67003
-0.029496,0.3639,2.5225,0.099658,0.5414,0.66672
-0.042412,0.37402,2.5243,0.084823,0.56165,0.65747
-0.045379,0.3845,2.5264,0.082729,0.57247,0.65293
-0.055152,0.39567,2.5274,0.076794,0.58242,0.64944
-0.061785,0.40788,2.5278,0.062832,0.60388,0.63827
-0.066672,0.41993,2.529,0.060214,0.6147,0.63268
-0.068941,0.43057,2.5295,0.055327,0.6264,0.6264
-0.073129,0.44209,2.5304,0.042237,0.64822,0.61505
-0.086917,0.45309,2.5304,0.036826,0.66165,0.61052
-0.11973,0.46059,2.5297,0.020071,0.69063,0.60231
-0.12043,0.47421,2.5302,0.017279,0.70599,0.60039
-0.12601,0.48956,2.5295,0.013614,0.72117,0.59638
-0.12828,0.50562,2.5295,0.0033161,0.74508,0.58765
-0.12706,0.52011,2.5304,-0.0005236,0.75503,0.58381
-0.13038,0.53337,2.5309,-0.0057596,0.76201,0.57875
