61.69,-27.41,404.4,-10.35,-1.29,0.01
61.69,-27.48,404.46,-14.93,-1.84,0.04
61.7,-27.5,404.53,-17.09,-2.14,0.05
61.72,-27.46,404.56,-19.16,-2.41,0.07
61.74,-27.44,404.6,-21.14,-2.67,0.08
61.78,-27.45,404.65,-23.06,-2.89,0.08
61.82,-27.4,404.71,-24.89,-3.09,0.09
61.84,-27.4,404.78,-26.65,-3.33,0.1
61.84,-27.43,404.83,-28.35,-3.53,0.1
61.86,-27.41,404.9,-29.98,-3.72,0.1
61.87,-27.36,404.95,-31.55,-3.92,0.1
61.9,-27.32,405.01,-33.06,-4.11,0.11
61.91,-27.29,405.05,-34.53,-4.28,0.12
61.9,-27.28,405.08,-35.91,-4.45,0.12
61.89,-27.24,405.11,-37.26,-4.6,0.12
61.88,-27.23,405.17,-38.56,-4.75,0.12
61.87,-27.2,405.22,-41.03,-5.02,0.11
61.87,-27.18,405.28,-42.16,-5.13,0.11
61.85,-27.19,405.32,-43.25,-5.26,0.12
61.83,-27.13,405.35,-44.27,-5.39,0.12
61.84,-27.09,405.39,-45.3,-5.5,0.12
61.84,-27.1,405.44,-46.27,-5.57,0.11
61.82,-27.12,405.5,-47.2,-5.65,0.1
61.78,-27.14,405.56,-48.11,-5.75,0.1
61.77,-27.12,405.61,-48.96,-5.84,0.09
61.77,-27.1,405.67,-49.81,-5.92,0.08
61.76,-27.09,405.74,-50.63,-5.97,0.07
61.71,-27.1,405.79,-51.39,-6.05,0.06
61.68,-27.1,405.84,-52.1,-6.12,0.03
61.66,-27.11,405.9,-52.81,-6.19,0.02
61.63,-27.15,405.98,-53.5,-6.27,-0.01
61.62,-27.15,406.05,-54.75,-6.41,-0.06
61.59,-27.13,406.13,-55.34,-6.49,-0.09
61.58,-27.13,406.21,-55.91,-6.56,-0.11
61.57,-27.11,406.29,-56.47,-6.61,-0.14
61.58,-27.08,406.36,-57.01,-6.67,-0.15
61.58,-27.09,406.43,-57.52,-6.73,-0.17
61.59,-27.07,406.49,-58.01,-6.79,-0.18
61.58,-27.03,406.53,-58.46,-6.85,-0.2
61.57,-27.01,406.57,-58.92,-6.9,-0.21
61.54,-27.05,406.62,-59.34,-6.95,-0.21
61.55,-27.02,406.67,-59.77,-6.99,-0.22
61.53,-27.01,406.71,-60.18,-7.03,-0.22
61.48,-27.02,406.72,-60.58,-7.1,-0.21
61.47,-26.97,406.74,-60.95,-7.2,-0.22
61.46,-26.96,406.78,-61.3,-7.25,-0.22
61.4,-26.99,406.8,-61.92,-7.31,-0.23
61.37,-26.99,406.84,-62.2,-7.37,-0.23
61.37,-26.98,406.89,-62.49,-7.42,-0.23
61.4,-26.99,406.95,-62.77,-7.49,-0.24
61.44,-26.99,407,-63.03,-7.56,-0.23
61.47,-26.95,407.04,-63.24,-7.6,-0.23
61.48,-26.91,407.08,-63.45,-7.66,-0.23
61.5,-26.95,407.14,-63.66,-7.7,-0.24
61.51,-26.98,407.22,-63.89,-7.75,-0.25
61.52,-26.91,407.29,-64.07,-7.8,-0.26
61.51,-26.88,407.35,-64.23,-7.84,-0.27
61.53,-26.91,407.41,-64.4,-7.86,-0.28
61.54,-26.91,407.49,-64.6,-7.86,-0.29
61.59,-26.85,407.54,-64.79,-7.86,-0.3
61.61,-26.83,407.6,-64.97,-7.88,-0.3
61.6,-26.87,407.64,-65.28,-7.84,-0.29
61.57,-26.89,407.68,-65.43,-7.83,-0.28
61.55,-26.89,407.73,-65.57,-7.84,-0.29
61.53,-26.93,407.78,-65.73,-7.84,-0.29
61.53,-26.94,407.83,-65.89,-7.85,-0.28
61.51,-26.94,407.88,-66.03,-7.87,-0.28
61.51,-26.93,407.9,-66.18,-7.92,-0.28
61.5,-26.93,407.93,-66.3,-7.95,-0.27
61.47,-26.93,407.96,-66.4,-7.96,-0.27
61.45,-26.99,408,-66.48,-7.96,-0.27
61.46,-27,408.05,-66.57,-7.98,-0.26
61.48,-26.97,408.1,-66.64,-8.02,-0.25
61.51,-26.94,408.14,-66.73,-8.09,-0.24
61.56,-26.91,408.19,-66.83,-8.12,-0.24
61.59,-26.91,408.23,-66.91,-8.15,-0.22
61.6,-26.93,408.27,-67.01,-8.2,-0.18
61.64,-26.9,408.31,-67.08,-8.2,-0.17
61.7,-26.88,408.36,-67.14,-8.21,-0.15
61.75,-26.85,408.41,-67.19,-8.22,-0.13
61.78,-26.84,408.46,-67.23,-8.23,-0.1
61.82,-26.87,408.49,-67.28,-8.22,-0.08
61.85,-26.85,408.52,-67.34,-8.22,-0.06
61.89,-26.85,408.55,-67.38,-8.22,-0.04
61.91,-26.89,408.58,-67.42,-8.21,-0.02
61.94,-26.89,408.63,-67.46,-8.2,0
61.94,-26.92,408.68,-67.48,-8.2,0.02
61.96,-26.95,408.75,-67.51,-8.19,0.01
61.98,-26.96,408.83,-67.56,-8.18,0.02
62.01,-26.98,408.92,-67.59,-8.18,0.02
62.03,-26.99,409,-67.64,-8.19,0.02
62.05,-27,409.06,-67.68,-8.19,0.03
62.04,-26.99,409.11,-67.71,-8.2,0.03
62.08,-26.98,409.17,-67.76,-8.16,0.03
62.11,-26.93,409.26,-67.81,-8.11,0.02
62.1,-26.94,409.34,-67.86,-8.08,0.01
62.1,-26.97,409.4,-67.89,-8.05,0.01
62.09,-26.94,409.47,-67.95,-8.02,0.01
62.09,-26.93,409.53,-68.02,-7.99,0.01
62.07,-27.01,409.58,-68.1,-7.95,0.02
62.03,-27.02,409.61,-68.15,-7.93,0.04
62,-26.98,409.62,-68.2,-7.93,0.06
61.98,-26.99,409.63,-68.25,-7.93,0.07
61.98,-26.98,409.66,-68.33,-7.93,0.09
61.98,-26.95,409.68,-68.39,-7.94,0.11
61.97,-26.96,409.71,-68.47,-7.97,0.14
62,-26.92,409.76,-68.51,-7.98,0.15
62.03,-26.89,409.82,-68.55,-8,0.15
62.05,-26.87,409.88,-68.61,-8.01,0.17
62.08,-26.83,409.93,-68.65,-8.02,0.18
62.08,-26.84,409.96,-68.68,-8.04,0.2
62.09,-26.79,409.98,-68.7,-8.03,0.2
62.1,-26.73,410.01,-68.75,-8.02,0.21
62.11,-26.73,410.03,-68.82,-7.98,0.22
62.09,-26.7,410.06,-68.87,-7.96,0.23
62.08,-26.67,410.08,-68.92,-7.93,0.24
62.05,-26.66,410.09,-68.96,-7.89,0.25
62,-26.68,410.1,-68.99,-7.88,0.25
61.97,-26.66,410.13,-69.03,-7.85,0.23
61.94,-26.65,410.18,-69.06,-7.83,0.22
61.91,-26.66,410.24,-69.11,-7.77,0.16
61.86,-26.7,410.31,-69.1,-7.76,0.12
61.83,-26.69,410.4,-69.1,-7.77,0.07
61.83,-26.66,410.5,-69.09,-7.8,0.01
61.84,-26.62,410.61,-69.09,-7.81,-0.04
61.83,-26.64,410.72,-69.07,-7.81,-0.1
61.83,-26.65,410.83,-69.03,-7.82,-0.16
61.83,-26.59,410.93,-69.02,-7.86,-0.23
61.88,-26.49,411.04,-69.03,-7.93,-0.31
61.89,-26.47,411.17,-69.04,-7.98,-0.39
61.86,-26.46,411.29,-69.02,-7.98,-0.48
61.81,-26.42,411.42,-69,-7.99,-0.57
61.76,-26.4,411.56,-68.98,-8.01,-0.66
61.74,-26.38,411.68,-68.96,-8.04,-0.75
61.75,-26.33,411.8,-68.96,-8.07,-0.82
61.75,-26.29,411.91,-69.02,-8.08,-0.93
61.74,-26.25,411.99,-69.01,-8.07,-0.97
61.7,-26.27,412.06,-69.01,-8.07,-1
61.66,-26.31,412.12,-68.99,-8.09,-1.02
61.64,-26.31,412.18,-68.99,-8.12,-1.04
61.64,-26.32,412.25,-69.02,-8.12,-1.05
61.61,-26.37,412.29,-69.03,-8.13,-1.06
61.58,-26.4,412.34,-69.03,-8.16,-1.07
61.56,-26.46,412.42,-69.02,-8.18,-1.07
61.55,-26.51,412.5,-69.03,-8.21,-1.08
61.56,-26.54,412.57,-68.99,-8.25,-1.08
61.55,-26.57,412.63,-68.95,-8.29,-1.07
61.57,-26.58,412.68,-68.93,-8.32,-1.06
61.59,-26.6,412.73,-68.9,-8.35,-1.05
61.6,-26.66,412.78,-68.91,-8.38,-1.03
61.62,-26.69,412.81,-68.87,-8.46,-0.97
61.63,-26.68,412.82,-68.85,-8.48,-0.94
61.66,-26.69,412.84,-68.87,-8.51,-0.91
61.69,-26.72,412.87,-68.89,-8.53,-0.87
61.72,-26.74,412.9,-68.88,-8.57,-0.84
61.73,-26.77,412.92,-68.87,-8.6,-0.81
61.73,-26.81,412.95,-68.84,-8.61,-0.78
61.74,-26.83,412.98,-68.82,-8.61,-0.75
61.75,-26.84,413.02,-68.81,-8.63,-0.72
61.76,-26.86,413.04,-68.82,-8.64,-0.69
61.77,-26.88,413.06,-68.83,-8.65,-0.66
61.79,-26.89,413.07,-68.83,-8.65,-0.62
61.76,-26.93,413.06,-68.82,-8.66,-0.59
61.77,-26.92,413.07,-68.83,-8.64,-0.56
61.79,-26.9,413.09,-68.83,-8.64,-0.53
61.8,-26.89,413.12,-68.89,-8.61,-0.46
61.81,-26.91,413.14,-68.88,-8.62,-0.44
61.83,-26.89,413.14,-68.86,-8.63,-0.42
61.84,-26.88,413.16,-68.88,-8.62,-0.4
61.85,-26.87,413.21,-68.88,-8.58,-0.39
61.86,-26.88,413.26,-68.87,-8.54,-0.4
61.86,-26.89,413.32,-68.85,-8.53,-0.4
61.87,-26.9,413.4,-68.83,-8.52,-0.4
61.89,-26.89,413.46,-68.81,-8.52,-0.41
61.91,-26.88,413.53,-68.78,-8.51,-0.43
61.9,-26.89,413.6,-68.79,-8.5,-0.44
61.89,-26.89,413.66,-68.76,-8.49,-0.45
61.9,-26.91,413.73,-68.73,-8.49,-0.46
61.92,-26.88,413.81,-68.72,-8.47,-0.47
61.97,-26.85,413.9,-68.7,-8.5,-0.47
62,-26.83,413.98,-68.64,-8.47,-0.47
62.03,-26.82,414.06,-68.61,-8.46,-0.47
62.05,-26.83,414.13,-68.59,-8.45,-0.46
62.08,-26.85,414.21,-68.58,-8.42,-0.46
62.13,-26.84,414.29,-68.6,-8.4,-0.44
62.15,-26.83,414.34,-68.6,-8.4,-0.43
62.16,-26.86,414.38,-68.6,-8.41,-0.41
62.19,-26.83,414.42,-68.63,-8.4,-0.39
62.21,-26.79,414.46,-68.63,-8.38,-0.38
62.22,-26.82,414.5,-68.65,-8.34,-0.35
62.22,-26.83,414.55,-68.69,-8.34,-0.34
62.24,-26.81,414.58,-68.75,-8.32,-0.32
62.21,-26.8,414.58,-68.79,-8.3,-0.29
62.18,-26.79,414.57,-68.81,-8.28,-0.27
62.16,-26.82,414.59,-68.87,-8.27,-0.25
62.13,-26.82,414.63,-68.95,-8.23,-0.24
62.11,-26.79,414.67,-68.96,-8.23,-0.23
62.08,-26.8,414.71,-68.95,-8.23,-0.23
62.07,-26.79,414.76,-68.96,-8.2,-0.25
62.07,-26.74,414.83,-68.99,-8.18,-0.26
62.06,-26.75,414.9,-69,-8.18,-0.27
62.06,-26.74,414.97,-69.01,-8.15,-0.28
62.04,-26.72,415.03,-69.01,-8.14,-0.3
62.04,-26.71,415.09,-69.02,-8.13,-0.32
62.02,-26.68,415.17,-69.05,-8.12,-0.35
62.01,-26.66,415.25,-69.05,-8.07,-0.38
61.98,-26.67,415.33,-69.03,-8.05,-0.42
61.95,-26.67,415.41,-69.03,-8.05,-0.45
61.93,-26.66,415.5,-69.05,-8.02,-0.49
61.91,-26.65,415.59,-69.07,-8,-0.53
61.89,-26.66,415.66,-69.09,-7.99,-0.6
61.88,-26.64,415.74,-69.1,-7.98,-0.63
61.85,-26.61,415.81,-69.11,-7.98,-0.66
61.82,-26.59,415.86,-69.14,-7.99,-0.69
61.78,-26.57,415.9,-69.14,-7.98,-0.72
61.74,-26.56,415.96,-69.15,-7.98,-0.75
61.71,-26.55,416.01,-69.14,-8.04,-0.77
61.71,-26.54,416.07,-69.18,-8.09,-0.78
61.69,-26.53,416.11,-69.17,-8.11,-0.8
61.69,-26.47,416.13,-69.15,-8.14,-0.82
61.71,-26.42,416.18,-69.16,-8.17,-0.84
61.73,-26.38,416.24,-69.18,-8.18,-0.86
61.74,-26.35,416.3,-69.16,-8.18,-0.89
61.74,-26.35,416.35,-69.12,-8.19,-0.91
61.73,-26.34,416.41,-69.09,-8.2,-0.93
61.73,-26.3,416.46,-69.06,-8.25,-0.99
61.74,-26.26,416.52,-69.08,-8.26,-1.02
61.74,-26.24,416.58,-69.05,-8.29,-1.04
61.72,-26.24,416.62,-69,-8.31,-1.06
61.72,-26.26,416.7,-68.96,-8.34,-1.08
61.74,-26.26,416.78,-68.94,-8.35,-1.08
61.79,-26.19,416.87,-68.93,-8.35,-1.07
61.87,-26.07,416.94,-68.9,-8.37,-1.03
61.95,-26.01,416.97,-68.91,-8.36,-0.96
62.04,-25.96,416.98,-68.91,-8.32,-0.89
62.15,-25.88,416.94,-68.97,-8.25,-0.82
62.27,-25.8,416.88,-69.1,-8.16,-0.72
62.34,-25.75,416.78,-69.19,-8.06,-0.61
62.36,-25.72,416.64,-69.28,-7.95,-0.48
62.36,-25.73,416.48,-69.39,-7.8,-0.35
62.4,-25.69,416.32,-69.69,-7.56,-0.09
62.44,-25.6,416.13,-69.84,-7.53,0.06
62.49,-25.43,415.91,-70,-7.48,0.21
62.54,-25.26,415.65,-70.16,-7.33,0.37
62.57,-25.14,415.4,-70.27,-7.2,0.55
62.55,-25.02,415.14,-70.37,-7.12,0.74
62.57,-24.91,414.88,-70.46,-7.03,0.92
62.58,-24.79,414.63,-70.54,-6.93,1.12
62.63,-24.56,414.39,-70.59,-6.81,1.32
62.71,-24.36,414.15,-70.63,-6.69,1.52
62.8,-24.28,413.91,-70.67,-6.55,1.73
62.88,-24.24,413.67,-70.69,-6.42,1.97
62.97,-24.07,413.41,-70.71,-6.31,2.18
63.1,-23.95,413.12,-70.72,-6.24,2.39
63.19,-23.9,412.82,-70.68,-6.13,2.62
63.28,-23.81,412.54,-70.58,-5.82,3.1
63.41,-23.77,412.28,-70.55,-5.7,3.36
63.55,-23.71,412,-70.48,-5.59,3.62
63.71,-23.59,411.72,-70.4,-5.46,3.87
63.88,-23.52,411.43,-70.33,-5.31,4.11
64.06,-23.4,411.11,-70.25,-5.14,4.35
64.25,-23.22,410.81,-70.17,-4.95,4.62
64.46,-23.14,410.57,-70.11,-4.69,4.91
64.65,-23.25,410.33,-70.12,-4.41,5.2
64.88,-23.32,410.06,-70.18,-4.24,5.47
65.16,-23.25,409.74,-70.21,-4.15,5.75
65.45,-22.98,409.37,-70.24,-4.01,6.02
65.67,-22.75,408.97,-70.23,-3.83,6.31
65.86,-22.65,408.55,-70.21,-3.57,6.62
66,-22.55,408.13,-70.17,-3.31,6.94
66.12,-22.45,407.69,-70.11,-2.84,7.54
66.24,-22.33,407.27,-70.04,-2.61,7.83
66.34,-22.2,406.84,-69.92,-2.35,8.08
66.44,-22.01,406.48,-69.84,-2.03,8.35
66.55,-21.89,406.22,-69.8,-1.72,8.6
66.7,-21.8,405.98,-69.72,-1.48,8.84
66.87,-21.7,405.71,-69.63,-1.27,9.05
67.08,-21.53,405.41,-69.54,-1.1,9.23
67.31,-21.29,405.09,-69.45,-0.93,9.43
67.54,-21.08,404.76,-69.35,-0.81,9.63
67.77,-20.94,404.43,-69.21,-0.71,9.83
68.03,-20.73,404.08,-69.03,-0.58,10.04
68.36,-20.35,403.75,-68.88,-0.51,10.25
68.79,-19.97,403.43,-68.67,-0.52,10.48
69.29,-19.53,403.1,-68.32,-0.51,10.95
69.89,-18.94,402.7,-68.13,-0.49,11.19
70.49,-18.46,402.31,-67.91,-0.36,11.48
71.03,-18.18,401.96,-67.67,-0.2,11.78
71.54,-17.98,401.62,-67.39,-0.08,12.09
71.98,-17.69,401.29,-67.08,-0.01,12.37
72.41,-17.38,400.98,-66.76,0.1,12.62
72.85,-17.18,400.67,-66.43,0.19,12.85
73.22,-17.01,400.41,-66.08,0.3,13.09
73.57,-16.75,400.2,-65.73,0.43,13.31
73.92,-16.53,400.04,-65.4,0.62,13.5
74.24,-16.36,399.93,-65.07,0.8,13.68
74.56,-16.22,399.86,-64.72,0.96,13.91
74.82,-16.07,399.77,-64.37,1.01,14.1
75.18,-15.75,399.66,-64.05,1.06,14.27
75.59,-15.39,399.54,-63.44,1.2,14.66
75.98,-15.08,399.4,-63.14,1.3,14.86
76.35,-14.77,399.26,-62.88,1.41,15.08
76.71,-14.54,399.08,-62.66,1.53,15.32
77.01,-14.33,398.86,-62.41,1.72,15.55
77.29,-14.02,398.57,-62.22,1.79,15.82
77.57,-13.7,398.22,-61.99,1.91,16.09
77.79,-13.36,397.85,-61.75,1.98,16.42
78.01,-13.08,397.5,-61.52,2.08,16.71
78.28,-12.89,397.18,-61.33,2.25,16.97
78.53,-12.74,396.89,-61.15,2.42,17.25
78.77,-12.47,396.57,-60.95,2.56,17.52
79,-12.13,396.26,-60.75,2.68,17.78
79.24,-11.82,395.92,-60.55,2.81,18.03
79.46,-11.53,395.58,-60.32,2.93,18.28
79.65,-11.17,395.25,-60.11,3.06,18.51
79.87,-10.86,394.96,-59.66,3.39,18.94
80.03,-10.7,394.69,-59.46,3.47,19.15
80.14,-10.48,394.44,-59.25,3.48,19.33
80.26,-10.06,394.16,-59.05,3.54,19.49
80.48,-9.57,393.86,-58.89,3.6,19.68
80.69,-9.14,393.57,-58.7,3.72,19.86
80.85,-8.71,393.25,-58.55,3.85,20.03
80.99,-8.3,392.88,-58.32,3.97,20.19
81.12,-7.97,392.53,-58.07,4.09,20.36
81.21,-7.69,392.25,-57.8,4.24,20.53
81.26,-7.3,391.99,-57.54,4.32,20.68
81.32,-6.86,391.7,-57.26,4.34,20.82
81.46,-6.54,391.43,-56.94,4.42,20.97
81.52,-6.15,391.21,-56.59,4.58,21.08
81.57,-5.83,391.05,-56.26,4.75,21.2
81.55,-5.58,390.92,-55.61,5.09,21.44
81.51,-5.36,390.79,-55.34,5.26,21.55
81.47,-5.04,390.68,-55.04,5.4,21.66
81.45,-4.7,390.55,-54.78,5.52,21.76
81.42,-4.32,390.39,-54.51,5.67,21.89
81.4,-3.95,390.22,-54.23,5.82,22
81.37,-3.61,390.05,-53.95,5.96,22.1
81.34,-3.35,389.9,-53.64,6.09,22.2
81.31,-3.09,389.77,-53.35,6.21,22.27
81.24,-2.8,389.67,-53.04,6.32,22.34
81.14,-2.52,389.59,-52.78,6.41,22.4
81.02,-2.18,389.51,-52.52,6.41,22.45
80.94,-1.71,389.38,-52.28,6.46,22.51
80.9,-1.22,389.21,-52.07,6.49,22.57
80.84,-0.85,389.03,-51.83,6.54,22.65
80.71,-0.46,388.86,-51.5,6.73,22.8
80.6,-0.1,388.63,-51.35,6.72,22.91
80.48,0.27,388.36,-51.19,6.74,23.03
80.35,0.66,388.09,-51.03,6.74,23.12
80.21,1.08,387.79,-50.82,6.8,23.19
80.11,1.51,387.5,-50.61,6.82,23.28
79.97,1.9,387.27,-50.42,6.79,23.36
79.82,2.27,387.04,-50.22,6.81,23.44
79.65,2.58,386.81,-50,6.91,23.51
79.44,2.83,386.62,-49.79,7.05,23.6
79.19,3.17,386.42,-49.56,7.11,23.68
78.98,3.52,386.24,-49.29,7.24,23.75
78.82,3.75,386.09,-49.05,7.42,23.83
78.63,3.93,385.98,-48.86,7.53,23.89
78.48,4.18,385.89,-48.64,7.74,23.94
78.25,4.47,385.84,-48.32,8.4,24.17
77.95,4.64,385.73,-48.2,8.61,24.32
77.66,4.79,385.53,-48.08,8.74,24.53
77.39,5,385.29,-48,8.83,24.73
77.17,5.26,384.98,-47.93,8.88,24.92
76.99,5.43,384.62,-47.79,9,25.12
76.86,5.58,384.27,-47.65,9.14,25.35
76.61,5.75,383.98,-47.52,9.26,25.55
76.35,5.78,383.7,-47.41,9.23,25.74
76.11,6.02,383.39,-47.24,9.2,25.94
75.9,6.35,383.07,-47.06,9.15,26.12
75.69,6.69,382.75,-46.88,8.99,26.24
75.52,7.25,382.4,-46.71,8.68,26.33
75.43,8.01,382.01,-46.53,8.52,26.41
75.25,8.53,381.62,-46.31,8.56,26.54
74.89,8.85,381.25,-45.95,8.43,26.84
74.53,9.17,380.91,-45.73,8.4,26.97
74.2,9.59,380.54,-45.47,8.34,27.08
73.82,10.15,380.19,-45.3,8.11,27.17
73.46,10.71,379.82,-45.13,7.85,27.21
73.25,11.29,379.36,-44.89,7.84,27.32
73.01,11.87,378.95,-44.64,7.81,27.45
72.67,12.21,378.62,-44.4,7.9,27.55
72.31,12.43,378.35,-44.22,8,27.62
71.95,12.78,378.1,-44.06,7.96,27.72
71.47,13.41,377.73,-43.86,7.89,27.78
71.24,14.14,377.19,-43.58,8.11,27.9
71.05,14.22,376.8,-43.13,8.81,28.22
70.46,13.71,376.69,-42.73,9.19,28.51
70.01,13.52,376.75,-42.43,9.22,28.66
69.74,13.68,376.86,-41.78,9.2,28.81
69.36,13.99,376.87,-41.44,9.11,28.85
69.15,14.44,376.79,-41.08,9.16,28.92
68.88,14.83,376.65,-40.71,9.28,29.05
68.64,15.21,376.53,-40.46,9.19,29.12
68.44,15.57,376.39,-40.14,9.2,29.19
68.41,15.82,376.24,-39.74,9.48,29.26
68.23,15.95,376.24,-39.43,9.49,29.34
68,16.07,376.29,-39.13,9.41,29.31
67.97,16.3,376.4,-38.71,9.53,29.27
67.75,16.35,376.62,-38.35,9.63,29.24
67.36,16.45,376.9,-38.07,9.5,29.16
67.22,16.69,377.11,-37.73,9.57,29.05
66.99,17.06,377.35,-37.46,9.65,29.02
66.6,17.21,377.54,-37.16,9.68,28.96
66.48,17.43,377.69,-36.7,9.66,28.86
66.29,17.81,377.78,-36.47,9.78,28.84
66.27,17.91,377.83,-36.33,9.9,28.84
66.21,18.03,377.95,-36.14,9.84,28.86
66.19,18.26,378.03,-35.88,9.97,28.9
66.17,18.32,378.12,-35.61,9.98,28.91
66.09,18.23,378.26,-35.41,9.73,28.86
66.19,18.59,378.43,-35.2,9.69,28.83
66.21,18.78,378.63,-34.96,9.81,28.8
66.03,18.65,378.88,-34.78,9.75,28.8
65.88,18.81,379.1,-34.65,9.69,28.73
65.91,19.02,379.25,-34.53,9.68,28.69
65.79,19.23,379.4,-34.38,9.73,28.73
65.63,19.39,379.53,-34.26,9.71,28.71
65.57,19.32,379.62,-34.18,9.65,28.68
65.43,19.37,379.67,-34.14,9.69,28.66
65.4,19.61,379.64,-34.11,9.71,28.68
65.39,19.67,379.61,-34.06,9.75,28.68
65.38,19.69,379.62,-33.99,9.82,28.7
65.36,19.7,379.7,-33.96,9.78,28.7
65.32,19.71,379.79,-33.91,9.79,28.68
65.3,19.75,379.88,-33.89,9.8,28.68
65.18,19.83,379.94,-33.82,9.72,28.7
65.18,19.97,379.94,-33.76,9.72,28.7
65.19,19.97,379.99,-33.72,9.72,28.73
65.21,19.88,380.09,-33.68,9.71,28.76
65.25,19.9,380.21,-33.62,9.7,28.76
65.29,19.97,380.33,-33.6,9.64,28.74
65.35,20.12,380.41,-33.6,9.59,28.71
65.35,20.18,380.48,-33.55,9.47,28.71
65.27,20.29,380.53,-33.52,9.43,28.7
65.28,20.38,380.53,-33.49,9.44,28.7
65.25,20.41,380.57,-33.51,9.43,28.69
65.2,20.39,380.63,-33.51,9.45,28.68
65.16,20.38,380.66,-33.5,9.41,28.66
65.14,20.52,380.67,-33.46,9.34,28.68
65.11,20.65,380.67,-33.41,9.35,28.65
65.13,20.63,380.71,-33.35,9.42,28.66
65.09,20.61,380.8,-33.31,9.33,28.64
65.09,20.63,380.88,-33.31,9.32,28.61
65.08,20.62,380.91,-33.3,9.28,28.61
65.09,20.79,380.92,-33.26,9.27,28.61
65.14,20.92,380.97,-33.23,9.28,28.63
65.1,20.85,381.04,-33.22,9.28,28.63
65.13,20.79,381.11,-33.16,9.29,28.62
65.12,20.83,381.2,-33.13,9.26,28.6
65.06,20.83,381.29,-33.11,9.19,28.58
65.06,20.85,381.36,-33.05,9.27,28.55
65.06,20.94,381.43,-33.06,9.24,28.54
64.99,20.9,381.49,-33.07,9.17,28.53
65.03,20.86,381.51,-33.1,9.21,28.51
65.07,20.99,381.51,-33.13,9.28,28.53
64.99,21.04,381.52,-33.11,9.22,28.57
64.98,20.95,381.54,-33.09,9.19,28.58
64.99,21.05,381.58,-33.08,9.14,28.55
65.01,21.2,381.61,-33.02,9.12,28.54
65.04,21.16,381.68,-33,9.13,28.49
65.1,21.09,381.78,-32.94,9.12,28.47
65.11,21.13,381.89,-32.89,9.06,28.44
65.15,21.32,381.98,-32.83,8.94,28.42
65.17,21.46,382.02,-32.78,8.99,28.41
65.25,21.54,382.06,-32.79,8.95,28.46
65.19,21.45,382.15,-32.83,8.93,28.47
65.17,21.42,382.16,-32.82,8.99,28.48
65.19,21.55,382.15,-32.84,8.99,28.55
65.05,21.63,382.15,-32.83,8.9,28.59
65.13,21.55,382.11,-32.86,8.88,28.59
65.14,21.54,382.11,-32.86,8.84,28.63
65.1,21.6,382.15,-32.85,8.8,28.64
65.11,21.54,382.2,-32.82,8.85,28.64
65.04,21.38,382.27,-32.8,8.83,28.62
65.03,21.48,382.33,-32.76,8.85,28.6
65.06,21.63,382.38,-32.75,8.96,28.55
64.97,21.61,382.47,-32.74,8.99,28.57
64.93,21.57,382.52,-32.7,9.02,28.57
64.91,21.59,382.57,-32.7,8.97,28.56
64.84,21.63,382.61,-32.67,9.03,28.53
64.92,21.63,382.67,-32.63,9.11,28.52
64.84,21.6,382.78,-32.59,9.13,28.5
64.78,21.57,382.89,-32.54,9.13,28.48
64.76,21.48,383,-32.51,9.14,28.45
64.73,21.55,383.1,-32.49,9.1,28.45
64.69,21.63,383.17,-32.45,9.15,28.47
64.7,21.48,383.23,-32.41,9.2,28.47
64.63,21.43,383.34,-32.37,9.2,28.49
64.66,21.48,383.46,-32.34,9.2,28.47
64.66,21.36,383.59,-32.31,9.21,28.43
64.7,21.25,383.73,-32.28,9.21,28.4
64.66,21.37,383.84,-32.24,9.13,28.31
64.68,21.44,383.92,-32.24,9.08,28.23
64.79,21.63,383.97,-32.23,9.03,28.2
64.88,21.8,383.99,-32.2,9.09,28.15
64.99,21.88,384.02,-32.19,9.14,28.17
64.96,21.75,384.12,-32.18,9.12,28.17
64.93,21.69,384.22,-32.19,9.08,28.14
64.96,21.87,384.26,-32.16,9.03,28.15
65,21.87,384.28,-32.14,9.05,28.13
65.11,21.82,384.34,-32.12,9.11,28.14
65.17,21.69,384.44,-32.12,9.1,28.15
65.16,21.63,384.54,-32.11,9.04,28.16
65.2,21.61,384.61,-32.1,9,28.15
65.24,21.69,384.68,-32.07,8.96,28.13
65.3,21.76,384.76,-32.06,8.97,28.1
65.31,21.63,384.85,-32.06,8.95,28.06
65.27,21.64,384.94,-32.06,8.92,28.04
65.23,21.71,385.02,-32.04,8.91,27.99
65.22,21.66,385.1,-32,8.93,27.94
65.21,21.6,385.23,-32.02,8.94,27.9
65.17,21.55,385.36,-32.01,8.99,27.86
65.12,21.48,385.49,-32.04,8.99,27.82
65.11,21.51,385.59,-32.07,9.02,27.79
65.1,21.54,385.69,-32.06,9.09,27.77
65.07,21.42,385.8,-32.07,9.07,27.76
65.13,21.41,385.88,-32.06,9.08,27.74
65.21,21.43,385.97,-32.04,9.11,27.73
65.23,21.34,386.08,-32.03,9.17,27.73
65.22,21.18,386.21,-32.03,9.2,27.74
65.28,21.12,386.32,-32.01,9.24,27.72
65.33,21.12,386.41,-32.07,9.3,27.73
65.38,21.1,386.51,-32.1,9.31,27.74
65.37,20.99,386.57,-32.11,9.32,27.76
65.41,21.01,386.6,-32.15,9.32,27.78
65.42,21.05,386.62,-32.17,9.37,27.8
65.45,20.97,386.65,-32.19,9.38,27.81
65.45,20.89,386.7,-32.2,9.37,27.83
65.49,20.8,386.74,-32.24,9.38,27.84
65.54,20.76,386.79,-32.28,9.37,27.85
65.6,20.78,386.84,-32.29,9.38,27.87
65.62,20.78,386.9,-32.32,9.4,27.87
65.66,20.72,386.95,-32.36,9.43,27.86
65.66,20.68,386.99,-32.39,9.35,27.9
65.68,20.71,387.02,-32.42,9.31,27.89
65.73,20.67,387.08,-32.41,9.26,27.9
65.79,20.62,387.2,-32.41,9.26,27.83
65.8,20.55,387.35,-32.43,9.24,27.79
65.75,20.46,387.5,-32.48,9.22,27.76
65.71,20.54,387.59,-32.52,9.16,27.73
65.73,20.59,387.64,-32.54,9.24,27.68
65.77,20.58,387.69,-32.59,9.23,27.65
65.74,20.68,387.72,-32.61,9.21,27.63
65.78,20.76,387.75,-32.66,9.17,27.59
65.78,20.71,387.8,-32.68,9.15,27.56
65.74,20.7,387.88,-32.67,9.17,27.5
65.73,20.64,388,-32.68,9.22,27.44
65.66,20.49,388.17,-32.68,9.27,27.39
65.58,20.42,388.33,-32.69,9.25,27.33
65.55,20.55,388.45,-32.7,9.24,27.28
65.52,20.51,388.56,-32.7,9.3,27.2
65.5,20.42,388.68,-32.73,9.24,27.17
65.57,20.47,388.75,-32.74,9.2,27.16
65.64,20.61,388.8,-32.72,9.24,27.17
65.68,20.52,388.86,-32.68,9.25,27.18
65.7,20.41,388.96,-32.69,9.27,27.17
65.74,20.34,389.06,-32.71,9.24,27.16
65.77,20.43,389.11,-32.74,9.25,27.19
65.77,20.53,389.1,-32.78,9.28,27.2
65.79,20.56,389.07,-32.78,9.35,27.27
65.77,20.41,389.07,-32.8,9.42,27.35
65.77,20.29,389.07,-32.84,9.43,27.38
65.85,20.25,389.06,-32.84,9.42,27.41
65.88,20.22,389.09,-32.82,9.51,27.47
65.9,20.08,389.15,-32.83,9.53,27.51
65.93,20.06,389.19,-32.86,9.42,27.58
66.02,20.15,389.19,-32.85,9.47,27.59
66.09,20.15,389.2,-32.83,9.52,27.63
66.12,19.98,389.25,-32.84,9.52,27.65
66.15,19.91,389.34,-32.86,9.49,27.65
66.13,20.01,389.43,-32.86,9.51,27.68
66.12,19.97,389.46,-32.88,9.49,27.68
66.15,19.95,389.5,-32.87,9.48,27.7
66.15,19.98,389.56,-32.88,9.5,27.68
66.16,19.99,389.63,-32.85,9.52,27.7
66.1,19.97,389.68,-32.83,9.51,27.71
66.11,19.97,389.72,-32.84,9.47,27.72
66.13,19.9,389.76,-32.85,9.44,27.71
66.19,19.76,389.84,-32.81,9.43,27.72
66.27,19.75,389.97,-32.77,9.39,27.68
66.41,19.73,390.12,-32.61,9.29,27.59
66.53,19.63,390.33,-32.5,9.25,27.51
66.62,19.56,390.59,-32.4,9.15,27.38
66.66,19.49,390.89,-32.28,8.99,27.29
66.69,19.43,391.22,-32.15,8.9,27.16
66.73,19.39,391.55,-32.06,8.77,27.03
66.8,19.39,391.89,-31.94,8.67,26.9
66.88,19.4,392.23,-31.85,8.67,26.79
66.95,19.3,392.57,-31.78,8.63,26.68
67.03,19.22,392.87,-31.69,8.5,26.54
67.18,19.27,393.18,-31.59,8.37,26.44
67.32,19.25,393.51,-31.49,8.3,26.33
67.45,19.08,393.87,-31.38,8.19,26.2
67.64,18.98,394.26,-31.29,8.09,26.02
67.85,18.99,394.68,-31.13,7.98,25.71
68.05,18.81,395.11,-31.06,7.89,25.53
68.26,18.65,395.58,-31.06,7.77,25.4
68.42,18.54,396.04,-31.07,7.72,25.23
68.59,18.49,396.43,-31.1,7.71,25.1
68.77,18.43,396.81,-31.17,7.66,24.96
68.88,18.28,397.17,-31.27,7.55,24.82
69.05,18.19,397.49,-31.31,7.53,24.68
69.21,18.06,397.83,-31.39,7.52,24.54
69.4,17.9,398.19,-31.47,7.52,24.43
69.58,17.62,398.57,-31.6,7.55,24.25
69.75,17.41,398.94,-31.72,7.55,24.11
69.86,17.31,399.29,-31.87,7.47,24
70.06,17.15,399.57,-32.05,7.33,23.82
70.3,17.09,399.85,-32.16,7.26,23.68
70.52,17,400.14,-32.39,7.2,23.37
70.74,16.83,400.47,-32.5,7.23,23.18
70.95,16.59,400.83,-32.64,7.19,23
71.18,16.32,401.24,-32.74,7.13,22.81
71.33,16.06,401.64,-32.84,7.02,22.59
71.56,15.88,402.02,-32.98,6.92,22.37
71.84,15.8,402.43,-33.06,6.9,22.16
72.02,15.58,402.87,-33.18,6.88,21.95
72.22,15.36,403.28,-33.34,6.74,21.72
72.5,15.28,403.68,-33.53,6.6,21.51
72.74,15.15,404.03,-33.63,6.53,21.34
72.98,14.98,404.38,-33.74,6.54,21.12
73.25,14.78,404.78,-33.9,6.52,20.94
73.45,14.52,405.17,-34.03,6.51,20.74
73.71,14.35,405.53,-34.18,6.46,20.55
73.98,14.15,405.92,-34.59,6.4,20.2
74.22,13.91,406.29,-34.79,6.36,20.05
74.45,13.71,406.61,-34.98,6.33,19.91
74.69,13.57,406.91,-35.18,6.3,19.74
74.97,13.36,407.23,-35.4,6.31,19.59
75.2,13.03,407.55,-35.63,6.32,19.43
75.47,12.74,407.88,-35.87,6.31,19.28
75.69,12.55,408.21,-36.19,6.28,19.15
75.92,12.41,408.47,-36.48,6.26,19
76.16,12.27,408.68,-36.78,6.32,18.89
76.37,12,408.86,-37.09,6.4,18.81
76.61,11.67,409.03,-37.31,6.41,18.73
76.92,11.46,409.26,-37.59,6.39,18.6
77.18,11.23,409.5,-37.88,6.38,18.5
77.44,10.96,409.72,-38.16,6.29,18.38
77.72,10.78,409.92,-38.69,6.27,18.16
77.95,10.53,410.13,-38.91,6.22,18.04
78.22,10.19,410.38,-39.23,6.12,17.86
78.56,10.07,410.67,-39.52,6.07,17.67
78.78,10.05,410.97,-39.79,6.02,17.51
78.87,9.8,411.23,-40,6.06,17.36
78.96,9.43,411.52,-40.27,6.1,17.17
79.08,9.07,411.8,-40.55,6.09,16.99
79.26,8.9,412.07,-40.8,6.05,16.85
79.41,8.77,412.32,-41.03,5.95,16.69
79.62,8.58,412.54,-41.24,5.94,16.53
79.85,8.38,412.79,-41.43,5.91,16.4
80.13,8.17,413.04,-41.66,5.85,16.24
80.4,8.01,413.31,-41.87,5.78,16.12
80.63,7.75,413.57,-42.02,5.74,15.97
80.96,7.61,413.83,-42.41,5.58,15.62
81.16,7.5,414.14,-42.6,5.43,15.43
81.39,7.35,414.45,-42.77,5.41,15.26
81.52,7.15,414.77,-42.94,5.37,15.07
81.65,6.87,415.12,-43.17,5.35,14.89
81.83,6.61,415.43,-43.39,5.37,14.74
82.02,6.52,415.71,-43.63,5.42,14.57
82.18,6.48,415.93,-43.88,5.39,14.43
82.35,6.34,416.12,-44.1,5.35,14.34
82.49,6.02,416.31,-44.3,5.42,14.22
82.65,5.7,416.52,-44.52,5.41,14.11
82.83,5.48,416.76,-44.76,5.37,14.02
82.96,5.24,416.97,-44.99,5.35,13.88
83.12,5.04,417.19,-45.19,5.32,13.8
83.23,4.85,417.41,-45.45,5.28,13.67
83.28,4.56,417.61,-45.66,5.25,13.58
83.4,4.31,417.83,-46.08,5.24,13.38
83.52,4.17,418.03,-46.29,5.15,13.29
83.62,4.01,418.21,-46.51,5.11,13.19
83.71,3.86,418.38,-46.73,5.14,13.09
83.74,3.58,418.57,-46.99,5.15,12.97
83.82,3.29,418.75,-47.22,5.1,12.89
83.89,3.11,418.94,-47.42,5.05,12.8
83.93,2.91,419.12,-47.62,5.08,12.69
83.98,2.76,419.3,-47.79,5.06,12.59
84.01,2.61,419.49,-48,5.02,12.48
84.04,2.42,419.69,-48.19,5.12,12.42
84,2.07,419.87,-48.39,5.18,12.3
84.05,1.75,420.06,-48.6,5.23,12.18
84.17,1.57,420.24,-48.85,5.25,12.08
84.25,1.47,420.39,-49.05,5.18,11.95
84.2,1.34,420.53,-49.39,5.24,11.73
84.02,0.96,420.73,-49.53,5.24,11.57
83.87,0.48,420.97,-49.68,5.2,11.4
83.86,0.29,421.24,-49.85,5.05,11.24
83.86,0.27,421.5,-49.98,4.87,11.08
83.81,0.18,421.75,-50.06,4.79,10.92
83.8,0.06,422.03,-50.19,4.69,10.73
83.81,-0.01,422.35,-50.37,4.55,10.58
83.78,-0.14,422.63,-50.5,4.48,10.46
83.82,-0.19,422.86,-50.63,4.41,10.3
83.84,-0.2,423.05,-50.8,4.34,10.14
83.76,-0.29,423.23,-50.9,4.31,10.03
83.7,-0.42,423.42,-51.02,4.24,9.89
83.62,-0.51,423.63,-51.19,4.26,9.75
83.52,-0.78,423.84,-51.36,4.24,9.62
83.49,-0.99,424.05,-51.67,4.08,9.39
83.44,-1.05,424.28,-51.82,4,9.29
83.38,-1.12,424.47,-51.93,3.86,9.13
83.37,-1.22,424.64,-52.02,3.77,9
83.34,-1.32,424.85,-52.15,3.75,8.91
83.35,-1.38,425.09,-52.32,3.67,8.79
83.34,-1.53,425.31,-52.45,3.53,8.66
83.37,-1.6,425.53,-52.59,3.49,8.57
83.33,-1.78,425.74,-52.74,3.41,8.47
83.32,-1.98,425.93,-52.89,3.28,8.34
83.33,-2.08,426.14,-53.05,3.18,8.21
83.31,-2.02,426.33,-53.21,3.12,8.06
83.21,-1.98,426.54,-53.33,3.11,7.89
83.15,-1.92,426.75,-53.48,3.06,7.73
83.12,-1.81,426.94,-53.6,2.95,7.53
83.01,-1.79,427.13,-53.88,2.88,7.2
82.87,-1.9,427.33,-54.06,2.8,7
82.77,-2,427.55,-54.24,2.71,6.82
82.69,-2.05,427.77,-54.42,2.63,6.67
82.57,-2.15,428,-54.53,2.56,6.5
82.48,-2.35,428.24,-54.7,2.44,6.31
82.45,-2.54,428.48,-54.89,2.39,6.14
82.42,-2.56,428.75,-55.03,2.3,5.96
82.36,-2.56,429.01,-55.14,2.23,5.81
82.3,-2.68,429.27,-55.29,2.12,5.62
82.23,-2.89,429.54,-55.47,2.01,5.49
82.18,-3.06,429.84,-55.61,2.01,5.36
82.12,-3.22,430.12,-55.78,1.98,5.19
82.08,-3.37,430.4,-55.95,1.83,4.94
82.05,-3.3,430.68,-56.11,1.82,4.73
81.89,-3.33,430.97,-56.44,1.86,4.4
81.65,-3.73,431.29,-56.61,1.83,4.17
81.52,-4.13,431.6,-56.85,1.74,4.02
81.41,-4.3,431.89,-57.02,1.5,3.83
81.27,-4.34,432.16,-57.15,1.29,3.58
81.09,-4.35,432.44,-57.25,1.29,3.34
80.89,-4.54,432.74,-57.43,1.31,3.1
80.67,-5.01,433.09,-57.66,1.22,2.84
80.58,-5.32,433.46,-57.87,1.06,2.56
80.52,-5.38,433.82,-58.1,0.94,2.32
80.42,-5.46,434.15,-58.3,0.76,2.03
80.27,-5.64,434.46,-58.45,0.66,1.78
80.1,-5.86,434.8,-58.59,0.67,1.55
79.91,-6.16,435.14,-58.78,0.62,1.32
79.75,-6.37,435.44,-59.02,0.44,1.08
79.63,-6.49,435.71,-59.36,0.15,0.74
79.45,-6.68,435.94,-59.53,0.1,0.56
79.24,-6.86,436.16,-59.66,-0.02,0.31
79.04,-6.98,436.39,-59.85,-0.08,0.1
78.79,-7.21,436.68,-60,-0.04,-0.06
78.48,-7.7,437.02,-60.2,-0.04,-0.26
78.23,-8.14,437.35,-60.41,-0.08,-0.5
78.05,-8.36,437.63,-60.6,-0.16,-0.72
77.82,-8.5,437.87,-60.76,-0.3,-0.95
77.51,-8.76,438.11,-60.93,-0.4,-1.17
77.24,-9,438.39,-61.05,-0.43,-1.33
76.97,-9.44,438.7,-61.22,-0.45,-1.5
76.78,-9.82,438.99,-61.46,-0.56,-1.71
76.59,-10.08,439.25,-61.65,-0.64,-1.85
76.36,-10.39,439.47,-61.81,-0.75,-1.99
76.18,-10.62,439.66,-62.12,-0.92,-2.25
76.07,-10.82,439.85,-62.31,-0.96,-2.29
76.03,-10.92,440.07,-62.57,-1.03,-2.33
76.08,-10.99,440.26,-62.88,-1.08,-2.36
76.08,-11.22,440.4,-63.17,-1.06,-2.36
76.05,-11.39,440.49,-63.45,-1.04,-2.35
75.96,-11.51,440.53,-63.72,-1.03,-2.35
75.82,-11.72,440.54,-63.97,-0.99,-2.36
75.67,-12.02,440.54,-64.21,-0.93,-2.35
75.51,-12.27,440.55,-64.46,-0.89,-2.34
75.36,-12.49,440.56,-64.71,-0.84,-2.33
75.23,-12.74,440.6,-64.99,-0.82,-2.31
75.12,-12.93,440.64,-65.32,-0.81,-2.31
74.98,-13.08,440.67,-65.6,-0.8,-2.3
74.78,-13.37,440.7,-65.79,-0.79,-2.28
74.58,-13.79,440.75,-66.24,-0.76,-2.29
74.46,-13.97,440.81,-66.46,-0.79,-2.29
74.34,-13.97,440.85,-66.59,-0.82,-2.27
