60.05,-24.23,671.34,-9.49,-0.83,0.04
60.07,-24.26,671.38,-12.4,-1.08,0.07
60.09,-24.28,671.42,-17.88,-1.58,0.1
60.12,-24.28,671.46,-20.45,-1.82,0.12
60.16,-24.27,671.5,-22.9,-2.05,0.14
60.22,-24.28,671.54,-25.26,-2.23,0.15
60.26,-24.26,671.59,-27.54,-2.4,0.16
60.29,-24.27,671.65,-29.72,-2.55,0.17
60.32,-24.31,671.71,-31.84,-2.71,0.18
60.35,-24.33,671.77,-33.88,-2.85,0.18
60.36,-24.36,671.8,-35.85,-2.96,0.21
60.35,-24.37,671.81,-37.7,-3.15,0.23
60.33,-24.35,671.81,-39.51,-3.33,0.27
60.31,-24.29,671.8,-41.25,-3.45,0.28
60.27,-24.28,671.83,-42.91,-3.53,0.27
60.22,-24.34,671.88,-44.49,-3.65,0.25
60.2,-24.37,671.95,-46,-3.78,0.23
60.18,-24.36,672.04,-48.84,-4.07,0.16
60.19,-24.35,672.14,-50.17,-4.2,0.13
60.2,-24.35,672.23,-51.44,-4.36,0.09
60.21,-24.3,672.31,-52.66,-4.55,0.08
60.23,-24.22,672.38,-53.85,-4.74,0.07
60.26,-24.15,672.45,-55,-4.89,0.06
60.34,-24.07,672.51,-56.1,-4.99,0.05
60.4,-24,672.57,-57.13,-5.09,0.04
60.46,-23.94,672.63,-58.12,-5.2,0.04
60.5,-23.94,672.68,-59.08,-5.29,0.04
60.56,-23.92,672.74,-59.99,-5.35,0.05
60.6,-23.94,672.8,-60.86,-5.43,0.05
60.65,-23.95,672.85,-61.74,-5.5,0.05
60.7,-23.93,672.9,-62.58,-5.54,0.06
60.72,-23.92,672.94,-63.38,-5.56,0.06
60.72,-23.94,672.97,-64.88,-5.66,0.08
60.7,-23.94,673.01,-65.58,-5.69,0.09
60.69,-23.92,673.04,-66.26,-5.73,0.09
60.68,-23.93,673.07,-66.95,-5.77,0.11
60.66,-23.98,673.1,-67.58,-5.79,0.12
60.62,-23.98,673.12,-68.18,-5.82,0.14
60.59,-23.97,673.16,-68.8,-5.82,0.14
60.58,-24.04,673.22,-69.37,-5.8,0.14
60.59,-24.07,673.28,-69.92,-5.78,0.13
60.58,-24.1,673.33,-70.46,-5.77,0.14
60.58,-24.12,673.37,-70.94,-5.77,0.15
60.57,-24.14,673.41,-71.44,-5.75,0.16
60.59,-24.17,673.44,-71.88,-5.74,0.17
60.58,-24.21,673.46,-72.33,-5.74,0.18
60.58,-24.23,673.48,-73.13,-5.76,0.23
60.54,-24.24,673.49,-73.5,-5.79,0.25
60.52,-24.26,673.52,-73.86,-5.8,0.25
60.52,-24.3,673.56,-74.2,-5.82,0.24
60.52,-24.33,673.6,-74.51,-5.88,0.24
60.49,-24.44,673.65,-74.77,-5.98,0.24
60.48,-24.68,673.71,-75.04,-6.07,0.23
60.45,-25.11,673.79,-75.22,-6.23,0.19
60.38,-25.95,673.85,-75.4,-6.51,0.1
60.18,-27.73,673.95,-75.43,-6.92,-0.07
59.84,-30.41,674.19,-75.39,-7.27,-0.34
59.54,-33.34,674.62,-75.26,-7.57,-0.67
59.32,-36.48,675.33,-74.94,-7.86,-1.12
59.29,-39.88,676.27,-74.53,-8.21,-1.69
59.52,-43.82,677.36,-74.1,-8.61,-2.31
60.17,-47.5,678.51,-73.15,-9.57,-3.81
61.17,-50.77,679.7,-72.58,-10.03,-4.73
62.7,-54.15,680.88,-72.07,-10.39,-5.72
64.55,-57.1,681.87,-71.44,-10.82,-6.74
66.72,-59.81,682.66,-70.82,-11.19,-7.79
69.05,-62.13,683.17,-70.1,-11.61,-8.86
71.66,-64.42,683.33,-69.53,-11.92,-9.85
74.32,-66.46,683.08,-68.89,-12.26,-10.83
76.76,-67.92,682.43,-68.22,-12.66,-11.76
79.24,-68.79,681.39,-67.59,-13.12,-12.63
81.5,-68.88,680.18,-66.93,-13.46,-13.63
83.23,-68.34,678.85,-66.4,-13.66,-14.42
84.52,-67.58,677.29,-65.95,-13.9,-15.3
85.61,-66.71,675.6,-65.48,-14.09,-16
86.1,-65.43,673.97,-65.19,-14.28,-16.57
86.35,-64.37,672.2,-64.96,-14.25,-16.95
86.57,-63.38,670.43,-64.69,-13.77,-17.04
86.41,-62.28,668.8,-64.61,-13.46,-16.94
85.9,-60.92,667.28,-64.53,-13.34,-16.79
84.74,-58.97,666.07,-64.47,-13.35,-16.69
82.79,-56.51,665.26,-64.53,-13.5,-16.59
80.22,-53.87,664.76,-64.64,-13.67,-16.49
77.16,-51.13,664.49,-64.86,-13.83,-16.39
73.8,-48.55,664.4,-65.08,-13.99,-16.25
70.37,-45.83,664.57,-65.29,-14.14,-16.07
66.95,-43.26,664.94,-65.41,-14.25,-15.88
63.62,-40.96,665.37,-65.5,-14.3,-15.68
60.49,-38.64,665.86,-65.59,-14.39,-15.53
57.59,-36.31,666.3,-65.7,-14.52,-15.4
54.85,-33.99,666.65,-65.79,-14.72,-15.31
52.27,-31.64,666.94,-65.82,-14.93,-15.26
49.79,-29.37,667.17,-65.84,-15.18,-15.25
47.45,-27.25,667.33,-65.84,-15.67,-15.35
45.23,-25.17,667.48,-65.81,-15.9,-15.38
43.14,-23.14,667.64,-65.79,-16.08,-15.4
41.17,-21.29,667.77,-65.74,-16.29,-15.44
39.28,-19.52,667.9,-65.71,-16.52,-15.48
37.45,-17.84,668.01,-65.68,-16.76,-15.5
35.69,-16.23,668.12,-65.67,-16.97,-15.5
33.95,-14.67,668.26,-65.67,-17.17,-15.51
32.27,-13.22,668.37,-65.69,-17.38,-15.51
30.65,-11.8,668.46,-65.7,-17.58,-15.51
29.11,-10.35,668.59,-65.69,-17.77,-15.49
27.65,-9.03,668.71,-65.68,-17.96,-15.47
26.25,-7.85,668.81,-65.7,-18.11,-15.45
24.93,-6.67,668.92,-65.74,-18.24,-15.44
23.65,-5.54,669.04,-65.76,-18.38,-15.44
22.43,-4.47,669.16,-65.8,-18.51,-15.43
21.27,-3.47,669.3,-65.84,-18.7,-15.41
20.17,-2.47,669.45,-65.88,-18.79,-15.42
19.11,-1.48,669.62,-65.93,-18.85,-15.41
18.13,-0.58,669.77,-65.97,-18.93,-15.4
17.19,0.29,669.93,-66,-18.97,-15.39
16.32,1.11,670.08,-66.01,-19.02,-15.4
15.5,1.89,670.22,-66,-19.06,-15.41
14.71,2.66,670.36,-66.01,-19.1,-15.41
13.95,3.42,670.51,-66.01,-19.17,-15.4
13.2,4.18,670.63,-66.02,-19.27,-15.39
12.45,4.93,670.73,-66.07,-19.37,-15.39
11.72,5.61,670.82,-66.09,-19.41,-15.37
11.03,6.19,670.9,-66.09,-19.44,-15.34
10.39,6.73,671,-66.08,-19.49,-15.3
9.76,7.25,671.09,-66.09,-19.53,-15.29
9.16,7.78,671.16,-66.09,-19.57,-15.27
8.6,8.25,671.24,-66.08,-19.61,-15.26
8.08,8.69,671.33,-66.05,-19.69,-15.28
7.58,9.14,671.43,-66.03,-19.74,-15.3
7.12,9.59,671.53,-66.03,-19.77,-15.32
6.68,10.02,671.63,-66.03,-19.8,-15.34
6.25,10.44,671.72,-66.01,-19.82,-15.37
5.85,10.8,671.81,-65.98,-19.86,-15.39
5.48,11.19,671.89,-65.97,-19.9,-15.4
5.1,11.56,671.95,-65.97,-19.95,-15.41
4.73,11.95,671.99,-65.95,-19.99,-15.43
4.38,12.27,672.01,-65.95,-20.03,-15.44
4.02,12.61,672.05,-65.93,-20.07,-15.44
3.69,12.93,672.1,-65.91,-20.09,-15.44
3.36,13.19,672.15,-65.88,-20.11,-15.46
3.05,13.42,672.17,-65.86,-20.17,-15.46
2.78,13.7,672.19,-65.86,-20.22,-15.47
2.51,13.99,672.21,-65.87,-20.27,-15.48
2.24,14.22,672.24,-65.85,-20.34,-15.54
1.99,14.44,672.28,-65.85,-20.38,-15.56
1.77,14.7,672.34,-65.87,-20.37,-15.58
1.57,14.96,672.43,-65.89,-20.38,-15.6
1.35,15.19,672.52,-65.9,-20.44,-15.6
1.13,15.42,672.6,-65.94,-20.48,-15.6
0.88,15.69,672.67,-65.96,-20.49,-15.63
0.63,15.91,672.73,-65.95,-20.51,-15.65
0.41,16.09,672.78,-65.94,-20.56,-15.64
0.22,16.26,672.8,-65.93,-20.57,-15.64
0.02,16.41,672.81,-65.91,-20.61,-15.64
-0.16,16.58,672.82,-65.9,-20.67,-15.66
-0.33,16.7,672.83,-65.89,-20.7,-15.67
-0.5,16.82,672.86,-65.87,-20.72,-15.67
-0.65,16.94,672.89,-65.87,-20.73,-15.7
-0.79,17.04,672.91,-65.85,-20.78,-15.7
-0.92,17.18,672.95,-65.83,-20.81,-15.74
-1.06,17.32,672.99,-65.8,-20.82,-15.77
-1.19,17.43,673.03,-65.78,-20.86,-15.78
-1.31,17.55,673.07,-65.77,-20.9,-15.78
-1.48,17.67,673.08,-65.75,-20.94,-15.78
-1.62,17.78,673.1,-65.73,-20.98,-15.76
-1.78,17.88,673.12,-65.71,-21.01,-15.74
-1.95,17.92,673.14,-65.7,-21.05,-15.72
-2.11,17.99,673.16,-65.67,-21.12,-15.7
-2.27,18.04,673.18,-65.66,-21.16,-15.68
-2.41,18.07,673.2,-65.66,-21.18,-15.65
-2.53,18.11,673.21,-65.66,-21.22,-15.65
-2.63,18.18,673.23,-65.65,-21.26,-15.65
-2.71,18.24,673.25,-65.64,-21.31,-15.65
-2.77,18.27,673.28,-65.66,-21.32,-15.64
-2.81,18.34,673.32,-65.71,-21.31,-15.65
-2.88,18.4,673.4,-65.73,-21.32,-15.67
-2.95,18.44,673.49,-65.83,-21.21,-15.73
-3,18.5,673.61,-65.86,-21.16,-15.75
-3.04,18.58,673.75,-65.91,-21.08,-15.78
-3.09,18.64,673.9,-65.96,-21.03,-15.79
-3.14,18.7,674.04,-66,-20.95,-15.8
-3.19,18.73,674.2,-66.02,-20.88,-15.81
-3.24,18.77,674.37,-66.06,-20.81,-15.83
-3.27,18.81,674.53,-66.11,-20.74,-15.84
-3.31,18.83,674.69,-66.15,-20.64,-15.86
-3.34,18.85,674.85,-66.17,-20.54,-15.88
-3.37,18.85,675.03,-66.18,-20.47,-15.9
-3.41,18.89,675.22,-66.19,-20.41,-15.93
-3.44,18.94,675.42,-66.19,-20.35,-15.94
-3.46,18.98,675.58,-66.18,-20.29,-15.97
-3.47,19.03,675.73,-66.15,-20.24,-16
-3.5,19.06,675.86,-66.1,-20.23,-16.01
-3.53,19.1,675.97,-66.03,-20.25,-16.05
-3.57,19.13,676.07,-66,-20.25,-16.07
-3.59,19.16,676.16,-65.96,-20.25,-16.09
-3.64,19.18,676.24,-65.89,-20.29,-16.1
-3.67,19.17,676.31,-65.83,-20.37,-16.1
-3.7,19.2,676.37,-65.8,-20.43,-16.12
-3.76,19.25,676.41,-65.75,-20.49,-16.14
-3.79,19.27,676.45,-65.71,-20.55,-16.16
-3.81,19.3,676.48,-65.69,-20.6,-16.16
-3.83,19.3,676.51,-65.64,-20.68,-16.15
-3.84,19.33,676.55,-65.66,-20.71,-16.16
-3.89,19.34,676.6,-65.64,-20.78,-16.17
-3.93,19.37,676.64,-65.66,-20.82,-16.18
-3.99,19.41,676.69,-65.67,-20.84,-16.18
-4.02,19.44,676.75,-65.68,-20.83,-16.18
-4.06,19.44,676.81,-65.68,-20.85,-16.18
-4.09,19.49,676.86,-65.68,-20.91,-16.2
-4.13,19.51,676.9,-65.68,-20.93,-16.2
-4.17,19.51,676.94,-65.69,-20.94,-16.22
-4.22,19.53,677.01,-65.71,-20.95,-16.21
-4.25,19.53,677.09,-65.73,-20.95,-16.22
-4.3,19.5,677.15,-65.75,-20.95,-16.22
-4.35,19.51,677.22,-65.75,-20.96,-16.21
-4.39,19.53,677.3,-65.77,-20.96,-16.2
-4.42,19.52,677.37,-65.75,-20.97,-16.19
-4.46,19.53,677.45,-65.74,-20.99,-16.18
-4.5,19.54,677.51,-65.74,-21,-16.17
-4.57,19.58,677.56,-65.74,-21.04,-16.16
-4.64,19.59,677.61,-65.75,-21.06,-16.14
-4.68,19.6,677.66,-65.76,-21.06,-16.14
-4.72,19.58,677.7,-65.74,-21.08,-16.12
-4.77,19.62,677.75,-65.73,-21.14,-16.11
-4.8,19.61,677.79,-65.73,-21.18,-16.1
-4.8,19.6,677.86,-65.74,-21.18,-16.1
-4.8,19.59,677.94,-65.74,-21.18,-16.11
-4.78,19.59,678.01,-65.75,-21.18,-16.12
-4.77,19.58,678.08,-65.76,-21.18,-16.13
-4.73,19.58,678.17,-65.78,-21.18,-16.13
-4.71,19.58,678.29,-65.8,-21.15,-16.14
-4.67,19.52,678.43,-65.8,-21.12,-16.15
-4.61,19.48,678.58,-65.81,-21.07,-16.18
-4.52,19.44,678.77,-65.81,-21,-16.21
-4.44,19.37,678.96,-65.84,-20.94,-16.25
-4.34,19.38,679.16,-65.85,-20.9,-16.3
-4.25,19.38,679.37,-65.85,-20.86,-16.35
-4.13,19.38,679.59,-65.84,-20.8,-16.41
-4.03,19.41,679.82,-65.85,-20.74,-16.47
-3.93,19.39,680.08,-65.84,-20.69,-16.53
-3.81,19.4,680.37,-65.84,-20.63,-16.59
-3.73,19.39,680.65,-65.83,-20.53,-16.71
-3.64,19.4,680.94,-65.84,-20.44,-16.77
-3.55,19.4,681.25,-65.83,-20.38,-16.83
-3.44,19.43,681.56,-65.82,-20.3,-16.9
-3.35,19.45,681.88,-65.8,-20.23,-16.96
-3.26,19.44,682.2,-65.79,-20.17,-17.04
-3.16,19.45,682.51,-65.8,-20.14,-17.12
-3.05,19.47,682.85,-65.84,-20.1,-17.18
-2.95,19.48,683.21,-65.86,-20.04,-17.28
-2.88,19.48,683.59,-65.88,-19.96,-17.35
-2.78,19.47,684.02,-65.9,-19.88,-17.43
-2.68,19.48,684.5,-65.92,-19.79,-17.53
-2.59,19.46,684.98,-65.93,-19.73,-17.62
-2.5,19.49,685.49,-65.92,-19.67,-17.73
-2.4,19.53,686.03,-65.96,-19.6,-17.83
-2.27,19.55,686.56,-65.96,-19.53,-17.92
-2.12,19.59,687.1,-65.99,-19.45,-18.12
-1.98,19.66,687.63,-66.01,-19.39,-18.23
-1.89,19.73,688.16,-66.02,-19.35,-18.34
-1.83,19.79,688.68,-66.03,-19.34,-18.44
-1.76,19.83,689.18,-66.06,-19.32,-18.54
-1.72,19.9,689.66,-66.07,-19.29,-18.66
-1.68,19.96,690.16,-66.07,-19.22,-18.77
-1.61,19.98,690.66,-66.04,-19.21,-18.84
-1.58,20,691.14,-65.99,-19.21,-18.91
-1.5,20,691.65,-65.94,-19.21,-18.99
-1.45,20,692.12,-65.91,-19.2,-19.07
-1.4,20.02,692.59,-65.86,-19.2,-19.16
-1.36,20.01,693.02,-65.84,-19.21,-19.24
-1.29,19.99,693.47,-65.81,-19.21,-19.33
-1.21,20.01,693.9,-65.77,-19.2,-19.42
-1.13,20.01,694.33,-65.73,-19.21,-19.51
-1.07,20.03,694.8,-65.71,-19.21,-19.68
-1,20.06,695.26,-65.72,-19.2,-19.78
-0.92,20.06,695.7,-65.74,-19.14,-19.87
-0.85,20.1,696.16,-65.75,-19.13,-19.97
-0.78,20.12,696.64,-65.78,-19.07,-20.06
-0.74,20.13,697.12,-65.78,-19.02,-20.17
-0.66,20.13,697.63,-65.77,-18.95,-20.27
-0.58,20.13,698.16,-65.76,-18.89,-20.37
-0.5,20.14,698.68,-65.77,-18.84,-20.48
-0.42,20.17,699.22,-65.81,-18.76,-20.61
-0.36,20.17,699.76,-65.82,-18.69,-20.75
-0.3,20.23,700.27,-65.8,-18.64,-20.89
-0.22,20.3,700.79,-65.82,-18.57,-21.03
-0.17,20.38,701.3,-65.82,-18.54,-21.14
-0.14,20.43,701.79,-65.83,-18.52,-21.24
-0.12,20.49,702.29,-65.79,-18.53,-21.34
-0.14,20.52,702.76,-65.76,-18.51,-21.46
-0.15,20.55,703.2,-65.63,-18.62,-21.61
-0.14,20.56,703.68,-65.57,-18.66,-21.7
-0.14,20.55,704.14,-65.51,-18.71,-21.79
-0.16,20.55,704.55,-65.44,-18.76,-21.88
-0.18,20.58,704.98,-65.36,-18.83,-21.98
-0.21,20.57,705.38,-65.29,-18.89,-22.09
-0.23,20.62,705.76,-65.23,-18.95,-22.19
-0.27,20.67,706.15,-65.19,-19.02,-22.27
-0.35,20.7,706.51,-65.19,-19.04,-22.36
-0.41,20.77,706.84,-65.13,-19.11,-22.46
-0.49,20.81,707.15,-65.1,-19.18,-22.53
-0.56,20.86,707.45,-65.07,-19.22,-22.62
-0.66,20.89,707.71,-65.02,-19.3,-22.68
-0.77,20.91,707.99,-64.98,-19.37,-22.74
-0.88,20.9,708.27,-64.93,-19.47,-22.8
-0.98,20.92,708.54,-64.89,-19.55,-22.87
-1.08,20.89,708.81,-64.84,-19.68,-22.99
-1.15,20.88,709.09,-64.83,-19.76,-23.03
-1.21,20.89,709.38,-64.83,-19.81,-23.1
-1.26,20.88,709.69,-64.83,-19.87,-23.16
-1.33,20.91,709.99,-64.81,-19.94,-23.19
-1.39,20.87,710.31,-64.77,-20.02,-23.23
-1.41,20.79,710.68,-64.72,-20.08,-23.27
-1.4,20.71,711.08,-64.68,-20.11,-23.31
-1.4,20.65,711.49,-64.63,-20.16,-23.37
-1.36,20.6,711.92,-64.59,-20.21,-23.44
-1.34,20.59,712.37,-64.48,-20.12,-23.57
-1.29,20.53,712.83,-64.37,-20.1,-23.66
-1.17,20.49,713.32,-64.32,-20.16,-23.76
-1.08,20.47,713.8,-64.29,-20.16,-23.86
-0.97,20.45,714.27,-64.24,-20.14,-23.98
-0.89,20.47,714.7,-64.2,-20.15,-24.09
-0.84,20.55,715.12,-64.2,-20.14,-24.29
-0.83,20.59,715.51,-64.17,-20.14,-24.39
-0.86,20.66,715.87,-64.18,-20.07,-24.49
-0.91,20.74,716.23,-64.14,-20.07,-24.56
-1,20.77,716.6,-64.11,-20.12,-24.61
-1.1,20.77,716.97,-64.02,-20.2,-24.66
-1.19,20.74,717.39,-63.93,-20.33,-24.7
-1.24,20.69,717.84,-63.85,-20.45,-24.76
-1.25,20.63,718.33,-63.76,-20.56,-24.83
-1.24,20.61,718.87,-63.73,-20.63,-24.96
-1.23,20.62,719.42,-63.74,-20.69,-25.08
-1.2,20.7,719.95,-63.72,-20.61,-25.26
-1.15,20.77,720.47,-63.66,-20.55,-25.42
-1.09,20.83,720.97,-63.65,-20.57,-25.57
-1.06,20.9,721.41,-63.62,-20.59,-25.71
-1.08,20.98,721.81,-63.62,-20.59,-25.84
-1.13,21.09,722.18,-63.61,-20.64,-25.94
-1.2,21.19,722.53,-63.57,-20.76,-26.14
-1.26,21.22,722.89,-63.53,-20.8,-26.23
-1.33,21.28,723.26,-63.53,-20.86,-26.3
-1.41,21.32,723.58,-63.54,-20.89,-26.38
-1.48,21.36,723.9,-63.57,-20.89,-26.46
-1.55,21.37,724.24,-63.58,-20.93,-26.56
-1.6,21.38,724.62,-63.57,-20.91,-26.69
-1.6,21.34,725.06,-63.57,-20.86,-26.84
-1.57,21.31,725.54,-63.55,-20.8,-27
-1.53,21.32,726.05,-63.57,-20.71,-27.18
-1.51,21.36,726.55,-63.69,-20.57,-27.35
-1.51,21.45,727.01,-63.69,-20.47,-27.53
-1.5,21.49,727.44,-63.67,-20.44,-27.67
-1.47,21.5,727.85,-63.65,-20.39,-27.82
-1.49,21.57,728.25,-63.63,-20.37,-27.95
-1.56,21.6,728.61,-63.61,-20.38,-28.06
-1.61,21.63,728.99,-63.49,-20.4,-28.27
-1.69,21.62,729.35,-63.38,-20.46,-28.37
-1.76,21.61,729.7,-63.27,-20.53,-28.46
-1.8,21.56,730.08,-63.17,-20.58,-28.54
-1.84,21.5,730.48,-63.08,-20.61,-28.61
-1.88,21.42,730.87,-62.96,-20.68,-28.69
-1.9,21.32,731.28,-62.85,-20.77,-28.77
-1.87,21.23,731.72,-62.73,-20.83,-28.88
-1.88,21.19,732.15,-62.66,-20.91,-28.99
-1.87,21.16,732.59,-62.61,-20.95,-29.1
-1.91,21.17,732.98,-62.57,-20.99,-29.2
-1.93,21.23,733.34,-62.53,-21.06,-29.28
-1.98,21.28,733.67,-62.47,-21.13,-29.36
-2.03,21.33,734,-62.45,-21.22,-29.43
-2.12,21.38,734.31,-62.43,-21.27,-29.5
-2.2,21.41,734.63,-62.43,-21.35,-29.57
-2.3,21.45,734.93,-62.39,-21.48,-29.71
-2.38,21.48,735.27,-62.33,-21.52,-29.79
-2.42,21.45,735.66,-62.27,-21.57,-29.87
-2.45,21.44,736.08,-62.21,-21.62,-29.97
-2.44,21.42,736.54,-62.07,-21.66,-30.09
-2.37,21.34,737.04,-61.93,-21.68,-30.24
-2.23,21.17,737.63,-61.77,-21.58,-30.39
-2.04,20.96,738.26,-61.59,-21.61,-30.55
-1.85,20.79,738.86,-61.5,-21.6,-30.71
-1.66,20.68,739.46,-61.47,-21.46,-30.92
-1.52,20.72,740.03,-61.42,-21.43,-31.14
-1.43,20.8,740.57,-61.43,-21.41,-31.33
-1.38,20.93,741.13,-61.48,-21.34,-31.55
-1.37,21.08,741.63,-61.51,-21.26,-31.74
-1.33,21.17,742.12,-61.52,-21.25,-31.9
-1.36,21.31,742.61,-61.57,-21.22,-32.03
-1.4,21.42,743.08,-61.6,-21.22,-32.16
-1.47,21.54,743.54,-61.67,-21.23,-32.4
-1.52,21.64,744.03,-61.69,-21.21,-32.53
-1.54,21.68,744.55,-61.69,-21.19,-32.67
-1.56,21.74,745.08,-61.69,-21.18,-32.81
-1.56,21.8,745.62,-61.69,-21.18,-32.96
-1.55,21.89,746.14,-61.71,-21.2,-33.12
-1.57,22.04,746.63,-61.74,-21.23,-33.25
-1.57,22.14,747.12,-61.74,-21.24,-33.39
-1.5,22.15,747.62,-61.75,-21.26,-33.52
-1.43,22.16,748.13,-61.75,-21.31,-33.67
-1.39,22.23,748.66,-61.83,-21.39,-33.85
-1.37,22.29,749.15,-61.92,-21.44,-34.06
-1.34,22.38,749.61,-61.97,-21.46,-34.29
-1.3,22.56,750.07,-62.01,-21.48,-34.52
-1.29,22.74,750.48,-62.08,-21.54,-34.74
-1.28,22.83,750.83,-62.1,-21.55,-34.93
-1.35,23.03,751.13,-62.22,-21.48,-35.22
-1.47,23.23,751.28,-62.18,-21.59,-35.26
-1.62,23.37,751.37,-62.07,-21.71,-35.27
-1.77,23.41,751.49,-61.95,-21.83,-35.27
-2,23.41,751.61,-61.81,-21.99,-35.28
-2.29,23.45,751.69,-61.62,-22.21,-35.29
-2.58,23.49,751.77,-61.49,-22.43,-35.29
-2.84,23.51,751.84,-61.35,-22.62,-35.27
-3.11,23.53,751.89,-61.23,-22.82,-35.24
-3.38,23.59,751.88,-61.06,-23.07,-35.2
-3.64,23.61,751.83,-60.9,-23.3,-35.14
-3.92,23.61,751.73,-60.76,-23.53,-35.09
-4.24,23.66,751.58,-60.58,-23.78,-35.03
-4.51,23.7,751.44,-60.4,-24.04,-34.96
-4.76,23.63,751.29,-60.2,-24.29,-34.89
-5,23.51,751.16,-60.02,-24.55,-34.82
-5.23,23.49,751.02,-59.7,-25.03,-34.71
-5.42,23.45,750.91,-59.61,-25.24,-34.66
-5.62,23.44,750.79,-59.51,-25.42,-34.62
-5.84,23.41,750.62,-59.44,-25.64,-34.55
-6.08,23.52,750.4,-59.35,-25.86,-34.44
-6.31,23.54,750.12,-59.24,-26.1,-34.32
-6.54,23.52,749.86,-59.1,-26.37,-34.19
-6.77,23.48,749.66,-59,-26.63,-34.05
-7.05,23.45,749.41,-58.9,-26.86,-33.93
-7.27,23.44,749.14,-58.75,-27.12,-33.81
-7.46,23.41,748.91,-58.72,-27.32,-33.69
-7.69,23.42,748.64,-58.66,-27.53,-33.59
-7.94,23.52,748.29,-58.67,-27.71,-33.46
-8.24,23.64,747.84,-58.67,-27.87,-33.32
-8.47,23.64,747.4,-58.54,-28.12,-33.14
-8.65,23.6,747.01,-58.5,-28.3,-32.95
-8.9,23.56,746.63,-58.41,-28.67,-32.66
-9.14,23.57,746.24,-58.4,-28.85,-32.49
-9.37,23.57,745.81,-58.35,-28.98,-32.33
-9.56,23.53,745.4,-58.28,-29.15,-32.17
-9.69,23.46,745.06,-58.22,-29.26,-32.02
-9.82,23.3,744.72,-58.12,-29.4,-31.89
-9.91,23.16,744.44,-58.05,-29.53,-31.77
-9.95,23.02,744.17,-58,-29.61,-31.68
-9.98,22.88,743.9,-57.97,-29.68,-31.63
-9.99,22.84,743.64,-57.96,-29.74,-31.57
-10,22.84,743.35,-57.96,-29.81,-31.5
-10.04,22.86,743.03,-57.95,-29.88,-31.43
-10.09,22.84,742.68,-57.9,-29.95,-31.34
-10.09,22.78,742.38,-57.83,-30.05,-31.25
-10.08,22.7,742.1,-57.77,-30.14,-31.15
-10.06,22.58,741.84,-57.71,-30.21,-31.05
-10.03,22.45,741.62,-57.62,-30.35,-30.91
-10.02,22.36,741.41,-57.61,-30.4,-30.83
-10,22.33,741.2,-57.64,-30.46,-30.76
-9.95,22.28,741.02,-57.68,-30.5,-30.68
-9.93,22.25,740.82,-57.71,-30.51,-30.64
-9.92,22.28,740.59,-57.74,-30.53,-30.58
-9.89,22.3,740.36,-57.74,-30.6,-30.5
-9.84,22.27,740.16,-57.76,-30.62,-30.43
-9.82,22.24,739.97,-57.81,-30.66,-30.36
-9.85,22.31,739.73,-57.9,-30.67,-30.29
-9.9,22.43,739.43,-57.93,-30.71,-30.22
-9.97,22.5,739.12,-57.94,-30.74,-30.14
-10.01,22.49,738.83,-58.01,-30.75,-30.04
-10.06,22.49,738.56,-58.03,-30.76,-29.92
-10.12,22.44,738.3,-58.03,-30.79,-29.8
-10.13,22.39,738.1,-58.04,-30.79,-29.68
-10.15,22.32,737.9,-58.04,-30.79,-29.48
-10.15,22.26,737.68,-58.03,-30.85,-29.38
-10.14,22.21,737.45,-58.02,-30.89,-29.28
-10.14,22.17,737.21,-58.01,-30.92,-29.18
-10.1,22.12,736.96,-58,-30.95,-29.1
-10.06,22.08,736.71,-57.99,-30.97,-29.02
-10.03,22.05,736.47,-58,-30.95,-28.94
-9.98,21.98,736.23,-58.01,-30.89,-28.85
-9.93,21.92,736,-58.01,-30.87,-28.77
-9.88,21.9,735.76,-58.06,-30.81,-28.66
-9.89,21.91,735.5,-58.11,-30.77,-28.59
-9.91,21.9,735.22,-58.14,-30.72,-28.51
-9.9,21.89,734.95,-58.14,-30.7,-28.41
-9.89,21.88,734.69,-58.2,-30.68,-28.32
-9.91,21.9,734.41,-58.27,-30.65,-28.24
-9.89,21.89,734.14,-58.35,-30.66,-28.14
-9.88,21.88,733.9,-58.35,-30.7,-28.07
-9.81,21.76,733.7,-58.36,-30.67,-27.97
-9.72,21.69,733.53,-58.38,-30.63,-27.95
-9.61,21.66,733.35,-58.44,-30.58,-27.94
-9.51,21.65,733.13,-58.48,-30.54,-27.9
-9.41,21.68,732.91,-58.55,-30.47,-27.89
-9.33,21.69,732.67,-58.58,-30.42,-27.87
-9.28,21.75,732.43,-58.64,-30.38,-27.82
-9.28,21.8,732.17,-58.67,-30.35,-27.75
-9.3,21.85,731.88,-58.69,-30.35,-27.63
-9.36,21.87,731.57,-58.72,-30.35,-27.5
-9.41,21.87,731.25,-58.71,-30.35,-27.37
-9.49,21.85,730.91,-58.71,-30.36,-27.22
-9.56,21.78,730.6,-58.68,-30.38,-27.06
-9.6,21.71,730.3,-58.65,-30.41,-26.91
-9.69,21.69,729.95,-58.68,-30.41,-26.77
-9.76,21.68,729.57,-58.71,-30.4,-26.63
-9.8,21.65,729.19,-58.81,-30.4,-26.28
-9.88,21.63,728.79,-58.85,-30.37,-26.11
-9.92,21.56,728.4,-58.86,-30.32,-25.94
-9.94,21.48,728.08,-58.89,-30.29,-25.77
-9.95,21.37,727.77,-58.93,-30.23,-25.63
-9.98,21.32,727.44,-59,-30.17,-25.49
-10,21.32,727.11,-59.07,-30.1,-25.36
-10.02,21.31,726.75,-59.16,-30.02,-25.23
-10.06,21.32,726.36,-59.26,-29.94,-25.1
-10.08,21.32,725.99,-59.37,-29.9,-24.94
-10.14,21.35,725.6,-59.5,-29.8,-24.81
-10.17,21.37,725.23,-59.6,-29.71,-24.67
-10.18,21.37,724.87,-59.68,-29.62,-24.55
-10.18,21.37,724.5,-59.77,-29.54,-24.41
-10.15,21.35,724.15,-59.86,-29.45,-24.29
-10.09,21.29,723.83,-59.93,-29.36,-24.17
-10.03,21.23,723.53,-60.1,-29.15,-23.98
-9.98,21.24,723.23,-60.2,-29.03,-23.89
-9.88,21.25,722.91,-60.31,-28.92,-23.78
-9.82,21.26,722.58,-60.43,-28.81,-23.67
-9.75,21.26,722.24,-60.51,-28.7,-23.56
-9.69,21.22,721.91,-60.54,-28.62,-23.45
-9.59,21.14,721.64,-60.62,-28.52,-23.35
-9.5,21.08,721.37,-60.68,-28.44,-23.26
-9.38,21.06,721.13,-60.76,-28.32,-23.18
-9.25,21.01,720.9,-60.84,-28.24,-23.09
-9.16,20.98,720.64,-60.93,-28.13,-23.02
-9.06,20.98,720.36,-61.01,-28.03,-22.94
-8.96,20.94,720.11,-61.05,-27.96,-22.85
-8.83,20.86,719.88,-61.11,-27.87,-22.76
-8.71,20.83,719.64,-61.17,-27.78,-22.72
-8.59,20.84,719.37,-61.24,-27.68,-22.68
-8.5,20.86,719.06,-61.38,-27.51,-22.51
-8.38,20.83,718.76,-61.44,-27.47,-22.4
-8.26,20.77,718.49,-61.49,-27.41,-22.32
-8.13,20.71,718.21,-61.53,-27.32,-22.25
-8.01,20.64,717.93,-61.59,-27.28,-22.17
-7.89,20.6,717.64,-61.68,-27.2,-22.08
-7.77,20.57,717.37,-61.72,-27.15,-22
-7.65,20.52,717.1,-61.77,-27.1,-21.95
-7.54,20.53,716.84,-61.84,-27.03,-21.9
-7.44,20.55,716.56,-61.88,-26.98,-21.87
-7.33,20.54,716.28,-61.92,-26.93,-21.82
-7.24,20.57,716.01,-61.98,-26.89,-21.77
-7.18,20.61,715.68,-62.09,-26.8,-21.76
-7.11,20.69,715.32,-62.18,-26.72,-21.72
-7.06,20.76,714.93,-62.27,-26.66,-21.67
-7.07,20.83,714.48,-62.39,-26.6,-21.61
-7.09,20.89,714,-62.57,-26.53,-21.45
-7.15,21,713.5,-62.63,-26.51,-21.36
-7.21,21.04,712.99,-62.67,-26.51,-21.25
-7.23,21.04,712.56,-62.67,-26.53,-21.13
-7.23,20.93,712.22,-62.69,-26.54,-21.03
-7.21,20.81,711.94,-62.7,-26.53,-20.95
-7.18,20.71,711.65,-62.74,-26.5,-20.88
-7.09,20.64,711.38,-62.8,-26.45,-20.83
-7.03,20.57,711.05,-62.87,-26.39,-20.8
-6.94,20.6,710.7,-62.95,-26.35,-20.77
-6.83,20.69,710.33,-63.07,-26.3,-20.73
-6.73,20.68,709.96,-63.13,-26.25,-20.68
-6.59,20.58,709.64,-63.21,-26.15,-20.61
-6.47,20.5,709.37,-63.27,-26.07,-20.57
-6.34,20.45,709.09,-63.34,-25.96,-20.53
-6.22,20.39,708.82,-63.42,-25.87,-20.47
-6.1,20.33,708.56,-63.59,-25.77,-20.34
-6.01,20.33,708.27,-63.69,-25.71,-20.29
-5.96,20.34,707.98,-63.76,-25.65,-20.23
-5.9,20.32,707.7,-63.84,-25.6,-20.15
-5.86,20.3,707.41,-63.89,-25.55,-20.09
-5.81,20.27,707.15,-63.96,-25.48,-20.02
-5.72,20.23,706.9,-64.04,-25.4,-19.94
-5.63,20.2,706.64,-64.11,-25.33,-19.88
-5.54,20.17,706.36,-64.18,-25.25,-19.82
-5.48,20.14,706.06,-64.28,-25.18,-19.76
-5.44,20.13,705.75,-64.37,-25.11,-19.69
-5.38,20.11,705.45,-64.45,-25.03,-19.61
-5.32,20.07,705.16,-64.53,-24.96,-19.54
-5.28,20.06,704.88,-64.59,-24.9,-19.47
-5.27,20.05,704.56,-64.66,-24.86,-19.39
-5.26,20.07,704.22,-64.75,-24.83,-19.29
-5.25,20.05,703.89,-64.91,-24.71,-19.05
-5.24,20,703.54,-65,-24.66,-18.94
-5.26,20,703.19,-65.06,-24.66,-18.84
-5.25,19.97,702.83,-65.12,-24.64,-18.73
-5.26,19.92,702.46,-65.2,-24.62,-18.63
-5.27,19.94,702.06,-65.29,-24.59,-18.55
-5.25,19.96,701.66,-65.37,-24.56,-18.42
-5.23,19.93,701.23,-65.47,-24.55,-18.29
-5.18,19.89,700.81,-65.56,-24.49,-18.16
-5.1,19.84,700.41,-65.64,-24.44,-18.05
-5.03,19.76,700,-65.71,-24.39,-17.94
-4.96,19.7,699.59,-65.8,-24.34,-17.85
-4.88,19.68,699.2,-65.88,-24.3,-17.74
-4.79,19.59,698.85,-65.96,-24.26,-17.61
-4.66,19.42,698.58,-66.08,-24.13,-17.5
-4.53,19.29,698.4,-66.17,-24.01,-17.41
-4.4,19.2,698.28,-66.22,-23.92,-17.35
-4.23,19.09,698.21,-66.31,-23.67,-17.28
-4.01,19,698.21,-66.38,-23.53,-17.28
-3.77,18.92,698.22,-66.44,-23.38,-17.29
-3.52,18.85,698.25,-66.49,-23.23,-17.31
-3.25,18.79,698.29,-66.53,-23.1,-17.35
-2.99,18.76,698.35,-66.57,-22.97,-17.41
-2.71,18.78,698.41,-66.61,-22.85,-17.47
-2.44,18.78,698.47,-66.62,-22.75,-17.52
-2.19,18.81,698.53,-66.64,-22.64,-17.56
-1.94,18.78,698.59,-66.65,-22.53,-17.6
-1.7,18.78,698.65,-66.68,-22.42,-17.64
-1.49,18.79,698.71,-66.68,-22.36,-17.67
-1.3,18.78,698.76,-66.71,-22.27,-17.7
-1.12,18.76,698.81,-66.73,-22.16,-17.72
-0.95,18.74,698.86,-66.75,-22.08,-17.75
-0.8,18.72,698.89,-66.76,-22.01,-17.76
-0.67,18.71,698.92,-66.81,-21.89,-17.79
-0.55,18.68,698.97,-66.84,-21.81,-17.81
-0.46,18.68,699.02,-66.86,-21.73,-17.83
-0.34,18.66,699.06,-66.88,-21.65,-17.84
-0.21,18.64,699.12,-66.88,-21.6,-17.84
-0.07,18.61,699.18,-66.88,-21.55,-17.86
0.05,18.6,699.23,-66.89,-21.48,-17.88
0.17,18.57,699.28,-66.91,-21.44,-17.9
0.27,18.53,699.34,-66.9,-21.43,-17.9
0.36,18.51,699.41,-66.93,-21.4,-17.9
0.44,18.5,699.48,-66.96,-21.32,-17.9
0.51,18.46,699.55,-66.96,-21.3,-17.9
0.56,18.45,699.62,-66.99,-21.25,-17.9
0.64,18.45,699.69,-66.99,-21.21,-17.89
0.7,18.46,699.75,-67.01,-21.17,-17.89
0.76,18.42,699.8,-67.03,-21.12,-17.88
0.81,18.38,699.85,-67.04,-21.09,-17.86
0.85,18.34,699.91,-67.06,-21,-17.87
0.91,18.3,699.97,-67.06,-20.97,-17.87
0.95,18.3,700.02,-67.05,-20.96,-17.89
1.01,18.3,700.08,-67.06,-20.94,-17.9
1.08,18.28,700.13,-67.05,-20.91,-17.92
1.14,18.27,700.17,-67.04,-20.88,-17.94
1.21,18.29,700.22,-67.02,-20.89,-17.96
1.27,18.3,700.27,-67.02,-20.87,-17.97
1.32,18.31,700.3,-67.03,-20.85,-17.98
1.36,18.31,700.34,-67.01,-20.85,-17.99
1.39,18.31,700.37,-66.99,-20.85,-17.98
1.42,18.3,700.4,-66.99,-20.86,-17.97
1.43,18.27,700.43,-66.99,-20.84,-17.97
1.46,18.26,700.48,-66.99,-20.83,-17.96
1.48,18.24,700.52,-66.97,-20.83,-17.96
1.49,18.23,700.58,-66.97,-20.8,-17.95
1.49,18.23,700.62,-66.97,-20.76,-17.95
1.52,18.22,700.66,-66.99,-20.74,-17.95
1.55,18.2,700.69,-67.01,-20.7,-17.94
1.58,18.18,700.73,-67.05,-20.66,-17.93
1.62,18.15,700.79,-67.1,-20.63,-17.93
1.6,18.13,700.85,-67.1,-20.65,-17.92
1.6,18.12,700.91,-67.15,-20.62,-17.91
1.6,18.11,700.95,-67.17,-20.58,-17.92
1.59,18.14,701.02,-67.17,-20.54,-17.93
1.61,18.13,701.07,-67.19,-20.51,-17.95
1.63,18.13,701.1,-67.18,-20.51,-17.96
1.63,18.16,701.13,-67.16,-20.52,-17.98
1.66,18.17,701.16,-67.13,-20.53,-18
1.68,18.18,701.18,-67.12,-20.55,-18.01
1.7,18.2,701.2,-67.1,-20.57,-18.03
1.71,18.23,701.22,-67.09,-20.59,-18.04
1.71,18.25,701.24,-67.08,-20.61,-18.04
1.71,18.26,701.26,-67.1,-20.61,-18.03
1.73,18.24,701.29,-67.1,-20.6,-18.02
1.74,18.22,701.33,-67.1,-20.61,-18
1.74,18.22,701.37,-67.13,-20.61,-18
1.73,18.22,701.4,-67.15,-20.6,-17.99
1.7,18.2,701.45,-67.17,-20.58,-17.96
1.69,18.16,701.51,-67.16,-20.56,-17.95
1.69,18.13,701.59,-67.16,-20.53,-17.94
1.68,18.13,701.65,-67.17,-20.52,-17.93
1.66,18.12,701.72,-67.18,-20.49,-17.93
1.66,18.11,701.78,-67.18,-20.48,-17.93
1.65,18.1,701.83,-67.18,-20.48,-17.92
1.65,18.09,701.89,-67.2,-20.44,-17.91
1.66,18.11,701.96,-67.2,-20.4,-17.91
1.66,18.09,702.02,-67.2,-20.39,-17.9
1.65,18.11,702.08,-67.24,-20.36,-17.89
1.62,18.12,702.15,-67.25,-20.31,-17.88
1.58,18.13,702.2,-67.25,-20.29,-17.88
1.57,18.13,702.26,-67.25,-20.28,-17.88
1.58,18.16,702.31,-67.24,-20.23,-17.9
1.6,18.15,702.37,-67.25,-20.2,-17.92
1.63,18.15,702.44,-67.26,-20.16,-17.95
1.67,18.13,702.5,-67.25,-20.16,-17.97
1.71,18.14,702.56,-67.23,-20.16,-18
1.76,18.18,702.64,-67.25,-20.12,-18.02
1.77,18.2,702.71,-67.26,-20.1,-18.03
1.75,18.24,702.78,-67.28,-20.1,-18.06
1.71,18.26,702.83,-67.27,-20.13,-18.06
1.71,18.28,702.88,-67.29,-20.13,-18.06
1.7,18.29,702.96,-67.29,-20.11,-18.03
1.68,18.3,703.02,-67.3,-20.09,-18.03
1.65,18.32,703.08,-67.33,-20.08,-18.04
1.65,18.3,703.13,-67.36,-20.07,-18.02
1.66,18.26,703.19,-67.37,-20.05,-18.02
1.65,18.25,703.26,-67.37,-20.03,-18.03
1.62,18.24,703.33,-67.38,-20.03,-18.04
1.62,18.25,703.39,-67.4,-20.02,-18.05
1.61,18.31,703.45,-67.43,-20.03,-18.06
1.6,18.31,703.5,-67.48,-20.01,-18.07
1.6,18.32,703.56,-67.53,-19.96,-18.08
1.61,18.32,703.64,-67.55,-19.95,-18.08
1.61,18.32,703.73,-67.57,-19.97,-18.08
1.61,18.31,703.81,-67.6,-19.97,-18.07
1.59,18.33,703.88,-67.62,-19.99,-18.06
1.6,18.35,703.95,-67.62,-19.98,-18.06
1.64,18.33,703.99,-67.62,-19.96,-18.06
1.68,18.28,704.06,-67.58,-19.95,-18.06
1.73,18.26,704.13,-67.56,-19.94,-18.07
1.76,18.25,704.18,-67.53,-19.94,-18.08
1.77,18.22,704.22,-67.48,-19.99,-18.1
1.8,18.23,704.25,-67.45,-20,-18.11
1.83,18.26,704.29,-67.45,-19.99,-18.12
1.86,18.26,704.32,-67.41,-20.01,-18.11
1.88,18.26,704.37,-67.38,-20.03,-18.11
1.89,18.26,704.4,-67.34,-20.05,-18.1
1.91,18.25,704.43,-67.34,-20.07,-18.09
1.92,18.26,704.45,-67.35,-20.06,-18.07
1.91,18.23,704.47,-67.34,-20.07,-18.05
1.88,18.23,704.49,-67.33,-20.1,-18.02
1.87,18.2,704.51,-67.3,-20.13,-17.98
1.86,18.21,704.54,-67.29,-20.13,-17.95
1.85,18.19,704.58,-67.29,-20.13,-17.94
1.85,18.18,704.62,-67.3,-20.13,-17.92
1.83,18.15,704.66,-67.32,-20.13,-17.89
1.8,18.15,704.72,-67.34,-20.12,-17.87
1.76,18.16,704.78,-67.36,-20.13,-17.86
1.76,18.16,704.82,-67.39,-20.08,-17.86
1.76,18.15,704.88,-67.38,-20.09,-17.85
1.77,18.14,704.93,-67.4,-20.07,-17.83
1.77,18.18,704.99,-67.44,-20.06,-17.82
1.73,18.19,705.04,-67.42,-20.09,-17.8
1.68,18.21,705.09,-67.47,-20.11,-17.79
1.66,18.24,705.12,-67.5,-20.09,-17.78
1.66,18.25,705.15,-67.49,-20.08,-17.78
1.68,18.23,705.19,-67.47,-20.08,-17.77
1.7,18.26,705.24,-67.46,-20.1,-17.78
1.74,18.27,705.27,-67.48,-20.09,-17.79
1.75,18.26,705.31,-67.48,-20.08,-17.8
1.77,18.27,705.37,-67.49,-20.07,-17.82
1.78,18.27,705.43,-67.49,-20.06,-17.84
1.8,18.33,705.51,-67.5,-20.06,-17.86
1.81,18.3,705.55,-67.51,-20.03,-17.88
1.83,18.34,705.61,-67.52,-19.99,-17.89
1.87,18.34,705.66,-67.52,-19.95,-17.9
1.89,18.33,705.73,-67.52,-19.93,-17.91
1.91,18.38,705.79,-67.52,-19.95,-17.92
1.91,18.41,705.83,-67.52,-19.95,-17.92
1.9,18.39,705.9,-67.53,-19.91,-17.92
1.92,18.35,705.99,-67.54,-19.85,-17.91
1.97,18.27,706.1,-67.56,-19.81,-17.92
2.06,18.25,706.24,-67.61,-19.74,-17.93
2.1,18.26,706.38,-67.62,-19.69,-17.95
2.12,18.23,706.54,-67.66,-19.63,-17.96
2.17,18.19,706.72,-67.7,-19.56,-17.98
2.24,18.12,706.92,-67.71,-19.48,-17.99
2.36,18.07,707.15,-67.72,-19.39,-18.01
2.52,17.99,707.41,-67.75,-19.27,-18.03
2.65,17.9,707.71,-67.78,-19.01,-18.15
2.79,17.82,708.03,-67.8,-18.94,-18.2
2.93,17.79,708.39,-67.82,-18.84,-18.27
3.06,17.75,708.77,-67.82,-18.73,-18.35
3.22,17.7,709.16,-67.82,-18.6,-18.45
3.4,17.7,709.54,-67.82,-18.51,-18.55
3.57,17.75,709.89,-67.82,-18.42,-18.65
3.71,17.75,710.22,-67.8,-18.34,-18.78
3.83,17.79,710.56,-67.74,-18.3,-18.88
