58.18,-28.97,843,-11.66,-1.77,-0.01
58.21,-28.93,843.06,-16.82,-2.47,-0.09
58.24,-28.94,843.15,-19.23,-2.85,-0.12
58.26,-29,843.23,-21.55,-3.21,-0.15
58.32,-28.98,843.31,-23.74,-3.56,-0.2
58.38,-28.93,843.39,-25.87,-3.88,-0.23
58.43,-28.92,843.46,-27.92,-4.21,-0.26
58.49,-28.89,843.53,-29.89,-4.51,-0.27
58.53,-28.87,843.61,-31.78,-4.81,-0.3
58.59,-28.84,843.66,-33.6,-5.08,-0.31
58.67,-28.76,843.71,-35.36,-5.31,-0.33
58.72,-28.73,843.75,-37.05,-5.56,-0.34
58.76,-28.71,843.79,-38.66,-5.8,-0.34
58.82,-28.66,843.83,-40.22,-6.03,-0.36
58.86,-28.67,843.88,-41.72,-6.23,-0.37
58.89,-28.67,843.93,-43.16,-6.41,-0.38
58.89,-28.67,843.98,-45.88,-6.78,-0.42
58.89,-28.67,844.03,-47.17,-6.95,-0.44
58.88,-28.66,844.07,-48.41,-7.1,-0.48
58.88,-28.65,844.12,-49.6,-7.26,-0.5
58.88,-28.65,844.18,-50.75,-7.39,-0.53
58.86,-28.67,844.24,-51.85,-7.54,-0.56
58.85,-28.68,844.29,-52.95,-7.63,-0.59
58.84,-28.68,844.33,-53.98,-7.72,-0.62
58.83,-28.66,844.37,-54.95,-7.85,-0.63
58.81,-28.69,844.41,-55.9,-7.93,-0.65
58.8,-28.73,844.46,-56.8,-7.98,-0.69
58.8,-28.73,844.51,-57.66,-8.05,-0.72
58.79,-28.77,844.57,-58.48,-8.14,-0.74
58.77,-28.83,844.63,-59.28,-8.2,-0.77
58.76,-28.84,844.69,-60.05,-8.24,-0.81
58.77,-28.84,844.75,-61.5,-8.36,-0.87
58.77,-28.87,844.79,-62.18,-8.42,-0.89
58.76,-28.88,844.85,-62.85,-8.48,-0.92
58.74,-28.9,844.89,-63.5,-8.55,-0.94
58.72,-28.91,844.94,-64.1,-8.63,-0.97
58.69,-28.91,844.98,-64.68,-8.69,-1
58.67,-28.91,845.01,-65.23,-8.78,-1.01
58.62,-28.91,845.05,-65.78,-8.89,-1.02
58.61,-28.88,845.08,-66.3,-8.97,-1.04
58.61,-28.82,845.11,-66.81,-9.04,-1.06
58.61,-28.8,845.15,-67.27,-9.13,-1.08
58.61,-28.77,845.19,-67.71,-9.2,-1.1
58.61,-28.73,845.24,-68.13,-9.31,-1.13
58.62,-28.67,845.27,-68.56,-9.4,-1.15
58.65,-28.6,845.31,-68.97,-9.47,-1.17
58.66,-28.54,845.36,-69.75,-9.59,-1.22
58.7,-28.48,845.4,-70.12,-9.67,-1.24
58.75,-28.4,845.44,-70.49,-9.75,-1.25
58.79,-28.35,845.46,-70.82,-9.8,-1.26
58.83,-28.26,845.47,-71.16,-9.86,-1.25
58.84,-28.22,845.48,-71.48,-9.92,-1.24
58.84,-28.23,845.48,-71.8,-9.97,-1.24
58.83,-28.24,845.48,-72.11,-10.02,-1.26
58.78,-28.18,845.49,-72.45,-10.06,-1.29
58.7,-28.15,845.55,-72.85,-10.08,-1.36
58.65,-28.1,845.64,-73.22,-10.02,-1.5
58.61,-27.97,845.8,-73.58,-9.97,-1.67
58.54,-27.79,846,-73.93,-10.03,-1.86
58.43,-27.6,846.26,-74.36,-10.09,-2.12
58.28,-27.51,846.59,-74.7,-10.07,-2.51
57.99,-27.59,847,-75.51,-9.95,-3.59
57.47,-27.97,847.53,-75.93,-9.94,-4.33
56.61,-28.41,848.2,-76.31,-9.86,-5.21
55.59,-28.89,848.94,-76.73,-9.78,-6.29
54.3,-29.36,849.83,-77.21,-9.75,-7.57
52.75,-29.79,850.84,-77.67,-9.73,-9
51.06,-30.2,851.92,-78.14,-9.78,-10.6
49.13,-30.65,853.19,-78.61,-9.81,-12.37
47.1,-31.13,854.64,-79.11,-9.86,-14.32
45.08,-31.61,856.23,-79.61,-9.9,-16.37
42.91,-32.19,858.02,-80.08,-9.96,-18.48
40.64,-32.81,859.96,-80.54,-10.06,-20.73
38.54,-33.39,861.84,-80.95,-10.05,-23.05
36.41,-33.95,863.84,-81.31,-10.06,-25.42
34.34,-34.63,865.92,-81.54,-10.13,-27.77
32.42,-35.42,867.94,-81.62,-10.76,-32.47
30.49,-36.15,869.99,-81.44,-11.46,-34.77
28.63,-36.64,872.01,-81.12,-12.37,-36.98
26.85,-37.07,873.9,-80.64,-13.42,-39.12
24.95,-37.62,875.82,-80.06,-14.42,-41.24
23.04,-38.18,877.77,-79.45,-15.46,-43.33
21.23,-38.84,879.63,-78.67,-16.64,-45.32
19.53,-39.62,881.34,-77.81,-17.76,-47.28
17.81,-40.52,883.01,-76.76,-18.91,-49.01
16.13,-41.47,884.53,-75.7,-20.06,-50.77
14.67,-42.38,885.82,-74.56,-21.3,-52.37
13.31,-43.11,886.97,-73.26,-22.62,-53.77
12.09,-43.76,887.95,-71.9,-24.18,-55.1
11.07,-44.49,888.81,-70.42,-25.66,-56.16
10.11,-45.36,889.64,-68.94,-27,-57.29
9.35,-46.29,890.46,-67.31,-28.39,-58.31
8.72,-47.3,891.28,-63.72,-31.2,-60.19
8.24,-48.35,892.18,-61.79,-32.74,-61.09
7.84,-49.24,893.11,-59.85,-34.32,-62.01
7.64,-49.93,894.11,-57.9,-35.9,-62.99
7.45,-50.64,895.29,-55.96,-37.38,-64.03
7.29,-51.28,896.62,-54.04,-38.71,-65.18
7.13,-51.78,898.04,-52.16,-40.02,-66.43
6.88,-52.25,899.62,-50.3,-41.35,-67.75
6.56,-52.69,901.38,-48.54,-42.65,-69.14
6.1,-53.02,903.1,-46.87,-43.92,-70.69
5.51,-53.27,904.96,-45.25,-45.11,-72.19
4.79,-53.47,906.9,-43.75,-46.21,-73.81
3.88,-53.76,908.8,-42.31,-47.19,-75.55
2.8,-54.16,910.78,-40.92,-48.11,-77.17
1.6,-54.44,912.72,-39.6,-49.05,-78.9
0.37,-54.63,914.58,-38.33,-50.01,-80.46
-1.06,-54.75,916.42,-35.97,-51.57,-83.61
-2.55,-54.89,918.21,-34.87,-52.28,-85.03
-4.08,-54.94,919.85,-33.85,-52.94,-86.47
-5.76,-54.82,921.45,-32.89,-53.63,-87.8
-7.52,-54.57,922.93,-31.96,-54.37,-88.99
-9.33,-54.19,924.26,-31.17,-54.99,-90.17
-11.16,-53.7,925.49,-30.43,-55.48,-91.22
-13.03,-53.28,926.6,-29.75,-55.97,-92.2
-14.9,-52.85,927.56,-29.08,-56.46,-93.08
-16.9,-52.34,928.43,-28.46,-56.93,-93.84
-18.89,-51.77,929.19,-27.9,-57.38,-94.52
-20.88,-51.13,929.77,-27.4,-57.86,-95.08
-22.84,-50.4,930.26,-26.92,-58.21,-95.47
-24.78,-49.59,930.63,-26.51,-58.61,-95.82
-26.66,-48.76,930.84,-26.13,-58.95,-96.06
-28.57,-47.89,930.97,-25.71,-59.21,-96.23
-30.49,-47.05,931,-25.08,-59.92,-96.33
-32.42,-46.26,930.93,-24.65,-60.09,-96.34
-34.27,-45.56,930.74,-24.37,-60.22,-96.29
-36.15,-44.98,930.47,-23.92,-60.43,-96.16
-38.08,-44.47,930.1,-23.6,-60.57,-95.98
-39.85,-43.98,929.69,-23.23,-60.7,-95.72
-41.68,-43.55,929.13,-22.81,-60.91,-95.39
-43.35,-43.19,928.46,-22.37,-60.99,-94.98
-44.78,-42.84,927.77,-21.95,-61.09,-94.47
-46.14,-42.58,927,-21.4,-61.38,-93.84
-47.5,-42.37,926.13,-20.93,-61.7,-93.16
-48.57,-42.1,925.24,-20.46,-61.97,-92.45
-49.52,-41.79,924.27,-19.88,-62.14,-91.71
-50.33,-41.7,923.24,-19.41,-62.39,-90.86
-50.86,-41.58,922.21,-18.86,-62.73,-90.01
-51.31,-41.43,921.16,-18.39,-63.09,-89.06
-51.66,-41.38,920.07,-17.33,-63.7,-87.34
-51.8,-41.36,919.04,-16.8,-64,-86.44
-51.94,-41.46,917.93,-16.23,-64.34,-85.54
-51.94,-41.66,916.85,-15.69,-64.68,-84.54
-51.78,-41.88,915.8,-15.2,-65.12,-83.54
-51.49,-42.03,914.64,-14.69,-65.53,-82.54
-51,-42.02,913.5,-14.14,-66.03,-81.53
-50.34,-42.14,912.44,-13.62,-66.54,-80.46
-49.71,-42.5,911.31,-13.06,-66.9,-79.48
-48.91,-42.85,910.21,-12.53,-67.32,-78.51
-48.18,-43.19,909.17,-11.97,-67.7,-77.48
-47.32,-43.7,908.12,-11.49,-68,-76.58
-46.35,-44.21,907.09,-10.95,-68.59,-75.51
-45.32,-44.82,906.09,-10.44,-69.15,-74.39
-44.16,-45.42,905.01,-9.98,-69.56,-73.3
-43,-45.88,903.9,-9.46,-69.91,-72.25
-41.72,-46.28,902.81,-8.54,-70.55,-70.11
-40.44,-46.8,901.71,-8.09,-70.85,-69.04
-39.1,-47.54,900.55,-7.73,-71.2,-67.91
-37.72,-48.19,899.45,-7.33,-71.74,-66.64
-36.22,-48.54,898.3,-6.98,-71.95,-65.42
-34.63,-49,897.11,-6.68,-72,-64.22
-33.19,-49.63,895.89,-6.4,-72.02,-63.07
-31.59,-50.07,894.64,-6.18,-72.13,-61.85
-30.05,-50.38,893.37,-6.01,-72.29,-60.63
-28.44,-50.79,892.07,-5.89,-72.32,-59.41
-26.85,-51.15,890.76,-5.76,-72.39,-58.14
-25.13,-51.45,889.42,-5.74,-72.35,-56.88
-23.4,-51.7,888.08,-5.74,-72.45,-55.55
-21.75,-52.01,886.75,-5.71,-72.23,-54.33
-20.02,-52.38,885.34,-5.65,-71.89,-53.14
-18.26,-52.63,883.95,-5.62,-71.57,-50.61
-16.45,-52.88,882.62,-5.61,-71.33,-49.34
-14.51,-53.21,881.16,-5.65,-71.06,-48.02
-12.49,-53.27,879.8,-5.73,-70.92,-46.81
-10.47,-53.37,878.51,-5.76,-70.67,-45.56
-8.39,-53.41,877.21,-5.86,-70.48,-44.34
-6.32,-53.26,876.01,-5.92,-70.11,-43.2
-4.34,-53.34,874.9,-6,-69.74,-42.09
-2.25,-53.44,873.82,-6.09,-69.57,-41
-0.15,-53.56,872.75,-6.17,-69.32,-39.88
2.03,-53.53,871.75,-6.26,-69.22,-38.67
4.3,-53.36,870.75,-6.36,-69.13,-37.58
6.69,-52.99,869.8,-6.49,-68.89,-36.42
9.1,-52.57,868.92,-6.56,-68.63,-35.33
11.48,-52.4,868.06,-6.72,-68.31,-34.28
14.02,-51.87,867.27,-6.87,-67.97,-33.19
16.44,-51.32,866.58,-7.32,-67.38,-31.16
18.99,-50.83,865.92,-7.57,-67.2,-30.18
21.59,-50.12,865.29,-7.78,-66.96,-29.29
23.98,-49.31,864.79,-7.97,-66.6,-28.48
26.31,-48.61,864.31,-8.15,-66.38,-27.69
28.58,-48.02,863.9,-8.39,-66.18,-27
30.86,-47.24,863.6,-8.73,-66.02,-26.33
33.25,-46.25,863.43,-9.15,-65.83,-25.81
35.47,-45.23,863.45,-9.45,-65.64,-25.43
37.4,-44.54,863.55,-9.8,-65.45,-25.17
39.3,-43.86,863.72,-10.15,-65.32,-25.03
41.07,-43.1,864.04,-10.49,-65.15,-25.01
42.62,-42.58,864.47,-10.81,-65.02,-25.1
44.18,-42.05,865.06,-11.17,-64.95,-25.31
45.62,-41.54,865.81,-11.53,-64.87,-25.66
46.83,-41.12,866.67,-12.35,-64.54,-26.74
47.97,-40.76,867.72,-12.72,-64.18,-27.49
48.9,-40.63,868.82,-13.16,-63.71,-28.37
49.72,-40.57,870,-13.61,-63.42,-29.26
50.37,-40.48,871.24,-14.01,-63.11,-30.24
50.93,-40.48,872.57,-14.54,-62.7,-31.24
51.34,-40.47,873.93,-15.04,-62.34,-32.37
51.57,-40.54,875.29,-15.52,-61.95,-33.51
51.69,-40.7,876.67,-16.08,-61.55,-34.68
51.71,-40.75,878.09,-16.58,-61.25,-35.94
51.61,-40.83,879.55,-17.11,-60.92,-37.13
51.4,-41.07,881.01,-17.61,-60.68,-38.46
51.12,-41.24,882.5,-18.13,-60.5,-39.8
50.68,-41.5,883.97,-18.69,-60.27,-41.12
50.16,-41.84,885.55,-19.18,-60.09,-42.58
49.5,-42.19,887.14,-19.65,-59.95,-44.1
48.79,-42.39,888.74,-20.47,-59.97,-47.21
47.93,-42.7,890.46,-20.85,-60.02,-48.82
47.01,-43.29,892.24,-21.16,-60.08,-50.45
46.02,-43.95,894.05,-21.41,-60.18,-52.17
45.01,-44.47,895.87,-21.6,-60.29,-53.9
43.95,-45.03,897.71,-21.73,-60.52,-55.65
42.83,-45.68,899.55,-21.81,-60.92,-57.44
41.66,-46.41,901.51,-21.9,-61.28,-59.12
40.44,-47.25,903.53,-21.98,-61.55,-60.9
39.17,-48.14,905.5,-21.98,-61.93,-62.81
37.85,-48.98,907.54,-22.01,-62.39,-64.6
36.42,-49.74,909.67,-21.99,-62.96,-66.49
34.9,-50.59,911.68,-21.96,-63.6,-68.3
33.28,-51.45,913.77,-21.96,-64.13,-70.09
31.58,-52.26,915.88,-21.97,-64.71,-72.03
29.84,-53.08,917.92,-21.97,-65.92,-75.8
27.98,-53.92,919.99,-21.92,-66.69,-77.58
26.07,-54.65,922.01,-21.88,-67.43,-79.24
24.11,-55.26,923.99,-21.85,-68.17,-81
22.1,-56,925.93,-21.8,-68.77,-82.63
20.03,-56.62,927.82,-21.71,-69.48,-84.24
18.02,-57.09,929.57,-21.49,-70.34,-85.78
15.94,-57.32,931.31,-21.32,-71.18,-87.17
13.82,-57.4,932.98,-21.13,-71.85,-88.51
11.66,-57.53,934.52,-21.02,-72.32,-89.83
9.46,-57.68,936.03,-20.84,-72.63,-91.09
7.22,-57.63,937.51,-20.62,-73.01,-92.35
5,-57.48,938.86,-20.3,-73.49,-93.5
2.82,-57.36,940.11,-19.93,-73.87,-94.49
0.58,-57.13,941.34,-19.69,-74.23,-95.52
-1.65,-56.76,942.49,-19.38,-74.49,-96.49
-3.76,-56.32,943.55,-18.79,-74.92,-98.28
-5.93,-55.89,944.61,-18.45,-75.14,-99.06
-8.08,-55.45,945.6,-18.25,-75.44,-99.85
-10.15,-54.72,946.53,-18.02,-75.66,-100.56
-12.21,-53.97,947.49,-17.8,-75.77,-101.21
-14.34,-53.46,948.41,-17.5,-75.75,-101.83
-16.52,-52.98,949.22,-17.25,-75.76,-102.43
-18.79,-52.33,949.99,-16.91,-75.65,-102.98
-20.93,-51.65,950.67,-16.62,-75.55,-103.52
-22.97,-51.11,951.28,-16.29,-75.34,-103.97
-25.01,-50.56,951.85,-15.94,-75.2,-104.39
-26.96,-49.87,952.39,-15.57,-75.1,-104.73
-28.77,-49.12,952.86,-15.25,-75.05,-105
-30.56,-48.36,953.28,-14.89,-74.99,-105.22
-32.32,-47.65,953.66,-14.54,-74.75,-105.4
-34.03,-47.14,953.99,-14.1,-74.43,-105.58
-35.73,-46.69,954.26,-13.3,-73.8,-105.82
-37.36,-46.18,954.5,-12.89,-73.65,-105.86
-38.9,-45.62,954.67,-12.53,-73.39,-105.88
-40.39,-44.96,954.81,-12.1,-73.1,-105.88
-41.83,-44.39,954.92,-11.7,-72.84,-105.83
-43.21,-43.94,955.01,-11.31,-72.59,-105.74
-44.61,-43.45,955.06,-10.9,-72.28,-105.62
-46,-42.95,955.04,-10.5,-72.05,-105.45
-47.27,-42.45,954.93,-10.15,-71.88,-105.22
-48.45,-41.88,954.8,-9.79,-71.83,-104.88
-49.59,-41.28,954.64,-9.54,-71.81,-104.53
-50.64,-40.72,954.44,-9.35,-71.66,-104.14
-51.74,-40.12,954.15,-9.07,-71.48,-103.77
-52.77,-39.57,953.81,-8.85,-71.26,-103.37
-53.71,-39.22,953.46,-8.63,-70.99,-102.9
-54.65,-38.74,953.03,-8.44,-70.89,-102.41
-55.57,-38.16,952.54,-7.92,-70.54,-101.44
-56.4,-37.94,952.05,-7.74,-70.21,-100.88
-57.33,-38.1,951.52,-7.57,-70.01,-100.34
-58.18,-38.33,950.94,-7.38,-69.94,-99.74
-58.88,-38.32,950.37,-7.23,-69.89,-99.13
-59.51,-38.39,949.73,-7.13,-69.84,-98.53
-60.06,-38.54,949.08,-7.01,-69.74,-97.82
-60.54,-38.72,948.46,-6.86,-69.77,-97.02
-60.95,-38.86,947.69,-6.71,-69.83,-96.2
-61.19,-38.83,946.79,-6.55,-69.88,-95.35
-61.33,-38.59,945.84,-6.31,-70.12,-94.42
-61.25,-38.46,944.9,-6.15,-70.2,-93.45
-61.23,-38.62,943.9,-5.99,-70.33,-92.49
-61.09,-38.83,942.84,-5.83,-70.45,-91.52
-60.82,-38.97,941.78,-5.61,-70.6,-90.6
-60.45,-39.29,940.69,-5.42,-70.79,-89.57
-59.96,-39.55,939.57,-5.05,-71.45,-87.64
-59.31,-39.66,938.53,-4.88,-71.81,-86.67
-58.64,-40,937.52,-4.7,-72.34,-85.67
-57.85,-40.4,936.5,-4.6,-72.8,-84.62
-56.89,-40.68,935.51,-4.46,-73.38,-83.5
-55.9,-40.99,934.4,-4.25,-73.88,-82.49
-54.75,-41.17,933.29,-4.02,-74.29,-81.46
-53.64,-41.56,932.21,-3.82,-74.64,-80.44
-52.47,-42.14,931.09,-3.63,-75.04,-79.47
-51.29,-42.71,929.92,-3.35,-75.4,-78.44
-50.04,-43.35,928.81,-3.17,-75.81,-77.41
-48.73,-43.92,927.67,-2.96,-76.2,-76.48
-47.35,-44.47,926.56,-2.77,-76.5,-75.49
-45.94,-45.14,925.5,-2.61,-76.89,-74.55
-44.49,-45.81,924.47,-2.5,-77.15,-73.57
-43.11,-46.55,923.46,-2.3,-77.57,-71.81
-41.7,-47.39,922.43,-2.27,-77.83,-70.9
-40.3,-48.13,921.45,-2.23,-78.01,-70.02
-38.91,-48.98,920.49,-2.25,-78.08,-69.13
-37.52,-49.91,919.55,-2.23,-78.17,-68.26
-36.08,-50.84,918.52,-2.21,-78.15,-67.39
-34.63,-51.78,917.46,-2.19,-78.06,-66.45
-33.21,-52.8,916.43,-2.22,-77.91,-65.56
-31.68,-53.79,915.33,-2.26,-77.93,-64.63
-30.25,-54.66,914.27,-2.31,-77.97,-63.67
-28.76,-55.55,913.22,-2.42,-77.93,-62.69
-27.23,-56.44,912.11,-2.58,-77.91,-61.69
-25.7,-57.23,910.99,-2.7,-77.92,-60.65
-24.22,-57.95,909.9,-2.88,-77.71,-59.62
-22.73,-58.58,908.78,-3.1,-77.55,-58.67
-21.2,-59.17,907.63,-3.34,-77.39,-57.67
-19.63,-59.73,906.52,-3.96,-77.13,-55.55
-18.12,-60.28,905.41,-4.21,-76.96,-54.49
-16.58,-60.68,904.27,-4.52,-76.69,-53.44
-14.96,-61.04,903.08,-4.87,-76.39,-52.34
-13.34,-61.27,901.97,-5.14,-76.14,-51.24
-11.68,-61.42,900.84,-5.53,-75.86,-50.21
-10.04,-61.56,899.69,-5.87,-75.62,-49.16
-8.34,-61.5,898.6,-6.23,-75.32,-48.06
-6.57,-61.51,897.51,-6.61,-75.09,-47.02
-4.78,-61.43,896.41,-6.95,-74.76,-45.96
-3.01,-61.22,895.38,-7.31,-74.32,-44.97
-1.18,-61,894.34,-7.7,-73.97,-43.96
0.68,-60.72,893.35,-8.05,-73.61,-42.89
2.53,-60.41,892.42,-8.5,-73.2,-41.92
4.4,-60.07,891.51,-8.98,-72.69,-40.97
6.19,-59.85,890.6,-9.94,-71.52,-39.17
7.86,-59.64,889.76,-10.4,-70.95,-38.32
9.59,-59.17,888.94,-10.84,-70.45,-37.46
11.28,-58.83,888.09,-11.22,-69.82,-36.69
12.95,-58.52,887.33,-11.62,-69.17,-35.92
14.66,-58.2,886.61,-12.03,-68.63,-35.2
16.38,-57.94,885.91,-12.34,-68.1,-34.5
18.08,-57.57,885.31,-12.57,-67.5,-33.82
19.8,-57.58,884.74,-12.9,-66.71,-33.27
21.5,-57.8,884.23,-13.12,-66.07,-32.69
23.21,-57.77,883.78,-13.22,-65.73,-32.14
24.97,-57.62,883.38,-13.46,-65.41,-31.64
26.84,-57.33,883.03,-13.69,-65.34,-31.06
28.62,-56.74,882.78,-13.96,-65.25,-30.6
30.32,-56.11,882.56,-14.14,-65.14,-30.25
31.9,-55.59,882.4,-14.32,-65.03,-29.96
33.38,-55.08,882.33,-14.67,-64.79,-29.58
34.88,-54.57,882.35,-14.92,-64.67,-29.5
36.37,-54,882.45,-15.16,-64.53,-29.45
37.78,-53.47,882.61,-15.27,-64.4,-29.48
39.11,-53.02,882.83,-15.42,-64.12,-29.6
40.44,-52.65,883.12,-15.58,-63.85,-29.82
41.6,-52.38,883.46,-15.68,-63.63,-30.08
42.76,-52.16,883.89,-15.75,-63.43,-30.38
43.85,-51.98,884.37,-15.78,-63.24,-30.73
44.81,-51.79,884.88,-15.87,-62.93,-31.21
45.79,-51.64,885.5,-15.94,-62.61,-31.73
46.68,-51.65,886.21,-16,-62.39,-32.31
47.56,-51.6,886.99,-16.01,-62.22,-32.96
48.37,-51.67,887.88,-16.23,-61.84,-33.6
49.02,-52.28,888.88,-16.3,-61.41,-34.39
49.47,-53.26,889.89,-16.47,-60.36,-36.2
49.82,-54.01,890.87,-16.44,-59.94,-37.25
50.11,-54.58,891.92,-16.46,-59.67,-38.24
50.31,-55.15,893.01,-16.45,-59.55,-39.29
50.43,-55.59,894.08,-16.42,-59.5,-40.43
50.56,-55.81,895.23,-16.44,-59.42,-41.58
50.6,-55.97,896.44,-16.37,-59.37,-42.89
50.49,-56.18,897.72,-16.24,-59.41,-44.27
50.29,-56.45,899.11,-16.16,-59.41,-45.69
50.06,-56.77,900.61,-16.01,-59.48,-47.15
49.75,-57.13,902.13,-15.87,-59.62,-48.59
49.5,-57.5,903.78,-15.68,-59.87,-50.14
49.16,-57.96,905.47,-15.47,-60.18,-51.65
48.7,-58.44,907.12,-15.25,-60.47,-53.19
48.17,-59.1,908.87,-15.03,-60.67,-54.73
47.55,-60.06,910.71,-14.78,-60.79,-56.38
46.74,-61.02,912.41,-14.27,-60.96,-59.63
45.88,-62.04,914.17,-13.88,-61.29,-61.29
44.92,-63.01,915.93,-13.56,-61.86,-62.8
43.87,-63.91,917.59,-13.23,-62.5,-64.39
42.79,-64.59,919.31,-12.94,-63.14,-65.91
41.65,-65.09,921.03,-12.63,-63.87,-67.46
40.44,-65.61,922.7,-12.32,-64.61,-69.07
39.21,-66.05,924.5,-11.97,-65.48,-70.55
37.92,-66.41,926.26,-11.67,-66.43,-72.1
36.55,-66.86,927.95,-11.38,-67.38,-73.57
35.12,-67.22,929.7,-11.13,-68.26,-75.07
33.67,-67.43,931.44,-10.84,-69.19,-76.55
32.18,-67.64,933.12,-10.63,-70.18,-77.99
30.62,-67.81,934.87,-10.33,-71.19,-79.43
29.07,-67.86,936.63,-10.09,-72.22,-80.84
27.47,-67.71,938.27,-9.81,-73.24,-82.21
25.82,-67.57,939.97,-9.41,-75.31,-84.78
24.07,-67.66,941.67,-9.22,-75.96,-86.14
22.18,-67.76,943.26,-8.93,-76.5,-87.48
20.17,-67.75,944.88,-8.69,-77.03,-88.83
18.14,-67.72,946.46,-8.43,-77.52,-90.05
16.13,-67.46,948.09,-8.2,-78.02,-91.27
14.17,-67.11,949.61,-7.95,-78.56,-92.42
12.18,-66.75,951.16,-7.73,-79.08,-93.5
10.15,-66.38,952.64,-7.56,-79.53,-94.67
8.18,-65.8,954.07,-7.29,-79.75,-95.74
6.15,-65.26,955.55,-7.06,-79.96,-96.8
4.07,-64.83,957.02,-6.83,-80.21,-97.87
2.02,-64.24,958.39,-6.6,-80.45,-98.81
-0.02,-63.48,959.8,-6.39,-80.74,-99.76
-2.08,-62.75,961.16,-6.25,-81.01,-100.69
-4.09,-61.96,962.48,-6.03,-81.21,-102.55
-6.11,-61.16,963.88,-5.86,-81.33,-103.38
-8.1,-60.25,965.21,-5.75,-81.51,-104.15
-10.05,-59.23,966.5,-5.72,-81.65,-104.92
-12.05,-58.22,967.8,-5.63,-81.6,-105.63
-14.08,-57.25,969.04,-5.6,-81.53,-106.33
-16.11,-56.16,970.24,-5.57,-81.49,-106.96
-18.14,-55.23,971.44,-5.65,-81.36,-107.53
-20.12,-54.47,972.56,-5.73,-81.25,-108.06
-22.02,-53.4,973.55,-5.75,-81.18,-108.53
-23.9,-51.9,974.5,-5.78,-81.24,-108.9
-25.81,-50.59,975.37,-5.82,-81.13,-109.28
-27.69,-49.5,976.22,-5.85,-81.02,-109.58
-29.6,-48.47,977.07,-5.91,-80.8,-109.89
-31.5,-47.59,977.87,-5.89,-80.46,-110.21
-33.31,-46.88,978.57,-5.8,-80.07,-110.49
-35.13,-46.03,979.26,-5.7,-79.51,-110.96
-36.84,-44.99,979.92,-5.6,-79.4,-111.07
-38.34,-44.06,980.5,-5.57,-79.28,-111.13
-39.8,-43.03,981.08,-5.44,-79.12,-111.15
-41.18,-42.07,981.67,-5.33,-78.76,-111.14
-42.51,-41.47,982.24,-5.22,-78.38,-111.12
-43.91,-41.15,982.77,-5.07,-77.91,-111.07
-45.25,-40.7,983.21,-5.04,-77.6,-110.9
-46.45,-39.97,983.48,-4.94,-77.33,-110.68
-47.65,-39.03,983.67,-4.85,-77.2,-110.36
-48.74,-38.18,983.78,-4.79,-77.21,-109.99
-49.68,-37.35,983.87,-4.85,-77.24,-109.59
-50.59,-36.31,983.92,-4.84,-77.26,-109.17
-51.38,-35.11,983.91,-4.93,-77.34,-108.67
-52.07,-34.04,983.83,-5,-77.5,-108.13
-52.77,-32.84,983.66,-4.99,-77.65,-107.6
-53.37,-31.71,983.45,-5.02,-77.69,-106.43
-54.01,-31.15,983.21,-5.08,-77.77,-105.8
-54.52,-30.66,982.91,-5.09,-77.78,-105.18
-55,-29.89,982.55,-4.99,-77.72,-104.6
-55.47,-29.32,982.11,-4.92,-77.74,-103.91
-55.8,-28.86,981.58,-4.82,-77.78,-103.24
-55.97,-28.29,981.02,-4.72,-77.79,-102.52
-56.09,-28.14,980.43,-4.69,-77.78,-101.78
-55.99,-28.05,979.79,-4.56,-77.98,-101.04
-55.9,-27.79,979.08,-4.42,-78.06,-100.27
-55.71,-27.7,978.35,-4.31,-78.24,-99.41
-55.38,-27.73,977.57,-4.24,-78.5,-98.53
-54.86,-27.57,976.7,-4.19,-78.78,-97.58
-54.3,-26.99,975.73,-4.13,-79.32,-96.56
-53.64,-26.54,974.69,-3.98,-79.79,-95.61
-52.98,-26.74,973.67,-3.88,-80.07,-94.62
-52.36,-27.45,972.61,-3.74,-80.34,-92.74
-51.67,-28.09,971.6,-3.66,-80.65,-91.78
-50.94,-28.64,970.52,-3.65,-81.06,-90.75
-50.05,-29.1,969.42,-3.62,-81.7,-89.69
-49.02,-29.26,968.32,-3.6,-82.49,-88.53
-47.79,-29.22,967.2,-3.66,-83.09,-87.39
-46.56,-29.72,966.02,-3.59,-83.52,-86.25
-45.4,-30.5,964.85,-3.54,-83.86,-85.06
-44.26,-31.07,963.53,-3.52,-84.2,-83.9
-42.97,-31.3,962.11,-3.49,-84.71,-82.58
-41.54,-31.64,960.7,-3.44,-85.21,-81.33
-40.02,-32.25,959.24,-3.44,-85.58,-80.03
-38.41,-32.77,957.82,-3.45,-86.05,-78.57
-36.78,-33.42,956.44,-3.49,-86.43,-77.19
-35.14,-34.24,954.89,-3.58,-86.65,-75.78
-33.52,-34.99,953.39,-3.76,-86.86,-73.18
-31.86,-35.79,952.01,-3.97,-86.85,-71.79
-30.05,-36.76,950.63,-4.23,-86.86,-70.48
-28.2,-37.7,949.3,-4.4,-86.89,-69.21
-26.43,-38.53,948.08,-4.65,-86.84,-67.96
-24.62,-39.12,946.83,-4.91,-86.51,-66.78
-22.8,-39.83,945.56,-5.18,-85.97,-65.66
-20.95,-40.62,944.4,-5.42,-85.59,-64.5
-18.96,-41.25,943.19,-5.65,-85.59,-63.21
-16.88,-41.64,941.92,-5.85,-85.58,-61.91
-14.71,-41.68,940.69,-6.06,-85.38,-60.7
-12.59,-41.67,939.58,-6.32,-84.86,-59.55
-10.48,-41.97,938.48,-6.55,-84.14,-58.48
-8.28,-42.3,937.39,-6.78,-83.51,-57.39
-6.11,-42.65,936.39,-6.99,-82.99,-56.21
-3.97,-42.92,935.37,-7.19,-82.35,-55.2
-1.85,-43.13,934.37,-7.5,-80.85,-53.29
0.23,-43.38,933.49,-7.68,-80.19,-52.32
2.42,-43.57,932.64,-7.89,-79.63,-51.28
4.71,-43.63,931.82,-8.14,-79.03,-50.32
6.89,-43.67,931.06,-8.41,-78.36,-49.29
9.16,-43.62,930.3,-8.76,-77.75,-48.29
11.31,-43.62,929.54,-9.07,-77.06,-47.29
13.31,-43.63,928.85,-9.45,-76.24,-46.41
15.37,-43.6,928.07,-9.77,-75.6,-45.45
17.29,-43.59,927.37,-10.09,-74.88,-44.51
19.11,-43.7,926.69,-10.55,-73.87,-43.72
20.99,-43.76,926.01,-10.93,-73.22,-42.82
22.9,-43.59,925.4,-11.24,-72.58,-41.99
24.77,-43.42,924.84,-11.66,-71.83,-41.21
26.66,-43.17,924.39,-12.14,-71.24,-40.42
28.41,-43.02,924.01,-12.43,-70.58,-39.73
30.02,-42.96,923.64,-13.17,-69.07,-38.83
31.72,-42.74,923.37,-13.42,-68.49,-38.36
33.34,-42.68,923.21,-13.7,-67.87,-37.97
34.97,-42.64,923.14,-14,-67.46,-37.6
36.68,-42.45,923.16,-14.24,-67.09,-37.26
38.28,-42.31,923.27,-14.42,-66.59,-37.04
39.8,-42.31,923.44,-14.61,-66.22,-36.95
41.37,-42.1,923.69,-14.83,-66.01,-36.82
42.82,-41.85,924.06,-14.88,-65.87,-36.76
44.11,-41.76,924.44,-14.97,-65.69,-36.76
45.41,-41.68,924.9,-15.1,-65.55,-36.85
46.62,-41.51,925.43,-15.15,-65.5,-37
47.73,-41.45,926.04,-15.31,-65.41,-37.19
48.8,-41.43,926.72,-15.27,-65.45,-37.48
49.79,-41.41,927.45,-15.28,-65.47,-37.83
50.66,-41.39,928.23,-15.45,-65.47,-38.66
51.49,-41.43,929.07,-15.39,-65.55,-39.2
52.21,-41.33,929.93,-15.46,-65.66,-39.77
52.88,-41.09,930.9,-15.56,-65.72,-40.4
53.35,-41.05,931.87,-15.74,-65.62,-41.11
53.85,-41.06,932.91,-15.82,-65.49,-41.95
54.29,-41.16,934,-15.85,-65.41,-42.81
54.54,-41.43,935.09,-15.86,-65.35,-43.67
54.76,-41.61,936.26,-15.89,-65.46,-44.59
54.99,-41.77,937.5,-15.85,-65.75,-45.55
55.04,-42.04,938.73,-15.89,-65.96,-46.47
55.03,-42.38,940.04,-15.92,-66.08,-47.52
54.94,-42.81,941.49,-15.9,-66.2,-48.7
54.71,-43.4,942.91,-15.99,-66.18,-49.86
54.4,-43.97,944.41,-15.97,-66.17,-51.19
53.97,-44.54,945.93,-16,-66.17,-52.45
53.43,-45.16,947.42,-16.13,-66.24,-55.14
52.83,-45.86,949,-16.17,-66.26,-56.44
52.12,-46.62,950.59,-16.19,-66.35,-57.81
51.25,-47.46,952.1,-16.19,-66.45,-59.29
50.36,-48.18,953.76,-16.2,-66.55,-60.68
49.31,-49,955.38,-16.15,-66.7,-62.24
48.21,-49.84,956.98,-16.13,-66.87,-63.78
47.08,-50.7,958.69,-16.09,-67.07,-65.34
45.89,-51.53,960.42,-15.95,-67.42,-66.94
44.63,-52.34,962.12,-15.83,-67.92,-68.42
43.33,-53.17,963.91,-15.66,-68.57,-69.99
42,-53.98,965.72,-15.58,-69.2,-71.54
40.63,-54.92,967.55,-15.51,-69.85,-73.04
39.18,-55.99,969.36,-15.34,-70.42,-74.49
37.69,-56.93,971.1,-15.08,-71.26,-76
36.15,-57.84,972.75,-14.66,-72.73,-78.95
34.53,-58.74,974.44,-14.43,-73.63,-80.43
32.88,-59.62,976.1,-14.17,-74.52,-81.76
31.17,-60.41,977.7,-13.94,-75.45,-83.19
29.43,-61.05,979.33,-13.66,-76.36,-84.53
27.67,-61.52,981.01,-13.43,-77.22,-85.92
25.89,-61.98,982.56,-13.17,-78.07,-87.3
24.11,-62.29,984.14,-12.88,-78.93,-88.58
22.26,-62.45,985.72,-12.63,-79.91,-89.91
20.41,-62.62,987.24,-12.36,-80.72,-91.19
18.5,-62.69,988.81,-12.09,-81.41,-92.48
16.57,-62.63,990.34,-11.86,-82.01,-93.75
14.6,-62.52,991.91,-11.6,-82.53,-94.94
12.65,-62.41,993.3,-11.38,-82.98,-96.07
10.68,-62.25,994.67,-11.27,-83.41,-97.13
8.68,-61.91,995.91,-11.07,-83.83,-98.09
6.75,-61.28,997.04,-10.9,-84.39,-99
4.8,-60.36,998.2,-10.77,-85.77,-100.68
2.83,-59.3,999.37,-10.74,-86.31,-101.51
0.82,-58.48,1000.5,-10.74,-86.56,-102.36
-1.33,-57.85,1001.8,-10.67,-86.61,-103.3
-3.56,-57.2,1003,-10.56,-86.57,-104.25
-5.84,-56.48,1004.2,-10.43,-86.47,-105.15
-8.1,-55.71,1005.3,-10.31,-86.54,-105.99
-10.33,-54.83,1006.5,-10.21,-86.59,-106.83
-12.55,-54.07,1007.5,-10.06,-86.39,-107.57
-14.82,-53.44,1008.6,-10.03,-86.02,-108.39
-17.11,-52.85,1009.6,-9.88,-85.56,-109.17
-19.36,-52.07,1010.6,-9.7,-85.12,-109.83
-21.57,-51.44,1011.6,-9.68,-84.65,-110.48
-23.77,-50.75,1012.5,-9.66,-84.16,-111.09
-25.86,-49.52,1013.2,-9.54,-83.69,-111.63
-27.94,-48.29,1013.9,-9.3,-82.87,-112.45
-30.05,-47.47,1014.5,-9.25,-82.38,-112.8
-32.14,-46.5,1015.1,-9.29,-82.12,-113.11
-34.16,-45.32,1015.6,-9.35,-81.85,-113.37
-36.1,-44.27,1016.1,-9.49,-81.55,-113.54
-38,-43.31,1016.6,-9.74,-81.24,-113.72
-39.93,-42.23,1017,-9.86,-80.92,-113.83
-41.9,-41.12,1017.4,-10.17,-80.74,-113.91
-43.72,-39.91,1017.6,-10.32,-80.79,-113.87
-45.47,-38.25,1017.6,-10.44,-81.01,-113.7
-47.07,-36.66,1017.6,-10.48,-81.09,-113.48
-48.57,-35.18,1017.5,-10.52,-81.22,-113.25
-50.04,-33.69,1017.4,-10.47,-81.16,-113.04
-51.46,-32.39,1017.2,-10.52,-81.01,-112.79
-52.76,-31.04,1017,-10.42,-80.99,-112.49
-54.03,-29.72,1016.8,-10.46,-81.01,-111.62
-55.19,-28.73,1016.5,-10.5,-80.98,-111.17
-56.43,-27.82,1016.2,-10.54,-80.84,-110.69
-57.56,-26.83,1015.8,-10.56,-80.52,-110.19
-58.8,-26.35,1015.4,-10.55,-80.27,-109.76
-60.01,-26.13,1015,-10.44,-79.91,-109.21
-60.97,-26.07,1014.6,-10.32,-79.61,-108.51
-62.12,-26.47,1014.1,-10.17,-79.25,-107.97
-62.96,-26.66,1013.6,-10.06,-78.7,-107.38
-63.69,-26.53,1013,-9.82,-78.36,-106.78
-64.35,-26.4,1012.3,-9.58,-78.26,-106.11
-64.96,-26.32,1011.6,-9.33,-78.05,-105.49
-65.49,-26.11,1010.9,-9.03,-77.87,-104.83
-65.87,-25.98,1010.2,-8.83,-77.72,-104.08
-66.09,-25.87,1009.4,-8.63,-77.63,-103.29
-66.18,-25.59,1008.5,-8.44,-77.55,-102.41
-66.23,-25.48,1007.5,-7.88,-77.17,-100.62
-66.11,-25.53,1006.5,-7.62,-77.02,-99.65
-66.02,-25.95,1005.5,-7.36,-76.94,-98.65
-65.69,-26.26,1004.3,-7.04,-76.9,-97.7
-65.2,-26.56,1003.2,-6.67,-76.87,-96.66
-64.57,-27.03,1002.1,-6.46,-76.91,-95.54
-63.81,-27.48,1000.9,-6.14,-77.08,-94.5
-62.96,-27.96,999.78,-5.85,-77.12,-93.44
-62.09,-28.74,998.7,-5.54,-77.16,-92.42
-61.25,-29.51,997.47,-5.31,-77.24,-91.47
-60.19,-30.21,996.3,-5.09,-77.45,-90.41
-59.17,-30.93,995.2,-4.79,-77.87,-89.41
-58.19,-31.62,994.07,-4.54,-78.17,-88.39
-57.14,-32.32,992.9,-4.24,-78.27,-87.55
-55.98,-33.15,991.79,-3.89,-78.46,-86.66
-54.72,-34.08,990.69,-3.58,-78.8,-85.7
-53.4,-35.12,989.63,-3.05,-79.4,-83.87
-51.96,-35.96,988.57,-2.81,-79.88,-82.82
-50.43,-36.82,987.5,-2.56,-80.18,-81.79
-48.96,-37.9,986.37,-2.31,-80.46,-80.73
-47.38,-38.94,985.2,-2.07,-80.6,-79.73
-45.78,-39.94,984.01,-1.78,-80.76,-78.72
-44.25,-41.1,982.81,-1.54,-80.84,-77.74
-42.7,-42.39,981.69,-1.3,-80.94,-76.78
-41.09,-43.61,980.51,-1.16,-81.08,-75.77
-39.44,-44.67,979.37,-1.02,-81.34,-74.72
-37.71,-45.74,978.27,-0.85,-81.38,-73.63
-36.11,-47.1,977.22,-0.77,-81.36,-72.59
-34.3,-48.5,976.03,-0.72,-81.61,-71.48
-32.37,-49.59,974.86,-0.63,-81.72,-70.26
-30.48,-50.82,973.65,-0.5,-81.7,-69.02
-28.52,-52.15,972.25,-0.28,-81.5,-66.59
-26.46,-53.17,970.89,-0.21,-81.43,-65.4
-24.59,-54.07,969.6,-0.12,-81.21,-64.18
-22.65,-55.16,968.29,-0.25,-80.93,-63.1
-20.68,-56.06,967.03,-0.21,-80.91,-61.89
-18.81,-56.83,965.92,-0.38,-80.81,-60.64
-16.94,-57.82,964.68,-0.59,-80.55,-59.48
-15.06,-58.43,963.47,-0.78,-80.21,-58.31
-13.21,-58.87,962.34,-1.02,-79.91,-57.2
-11.47,-59.57,961.22,-1.22,-79.52,-56.09
-9.7,-60.2,960.04,-1.42,-79.11,-54.98
-7.85,-60.48,958.94,-1.75,-78.75,-53.94
-5.94,-60.67,957.86,-2.07,-78.46,-52.82
-3.97,-60.69,956.83,-2.46,-78.06,-51.71
-2.06,-60.74,955.84,-2.91,-77.7,-50.68
-0.21,-60.65,954.85,-3.28,-77.3,-49.63
1.53,-60.66,953.87,-4.09,-76.22,-47.77
3.14,-60.94,952.96,-4.46,-75.56,-46.83
4.83,-61.08,952.04,-4.96,-74.93,-45.92
6.67,-61.07,951.09,-5.43,-74.59,-44.85
8.52,-60.79,950.21,-5.84,-74.08,-43.86
10.38,-60.47,949.34,-6.3,-73.44,-42.97
12.11,-60.37,948.53,-6.62,-72.81,-42.12
13.78,-60.27,947.8,-6.82,-72.15,-41.24
15.52,-60.1,947,-7.18,-71.64,-40.37
17.41,-59.59,946.16,-7.48,-71.39,-39.44
19.31,-58.87,945.44,-7.88,-71.03,-38.61
21.21,-58.18,944.75,-8.19,-70.66,-37.87
23.01,-57.56,944.16,-8.44,-70.34,-37.16
24.73,-56.94,943.69,-8.68,-69.92,-36.54
26.44,-56.59,943.25,-8.81,-69.45,-35.84
28.15,-56.4,942.79,-9.09,-68.71,-34.56
29.85,-56.17,942.38,-9.19,-68.37,-34.04
31.58,-55.81,942.09,-9.27,-68.15,-33.58
33.3,-55.41,941.97,-9.37,-67.98,-33.22
35.01,-54.97,941.96,-9.3,-67.89,-32.95
36.48,-54.65,942,-9.3,-67.68,-32.8
37.94,-54.32,942.1,-9.21,-67.52,-32.71
39.33,-53.98,942.31,-9.04,-67.51,-32.68
40.54,-53.73,942.61,-9.13,-67.48,-32.7
41.8,-53.4,943.03,-9.3,-67.5,-32.8
43.1,-52.94,943.61,-9.54,-67.46,-33.07
44.32,-52.38,944.33,-9.88,-67.36,-33.44
45.49,-51.55,945.17,-10.13,-67.41,-33.97
46.6,-50.52,946.13,-10.4,-67.46,-34.6
47.43,-49.75,947.12,-10.64,-67.45,-35.3
48.09,-49.36,948.23,-11.06,-67.21,-36.98
48.62,-49.18,949.43,-11.21,-67.2,-37.87
