44.25,-49.97,-207.69,-10.86,-2.81,-0.06
44.25,-49.88,-207.85,-15.71,-4.09,-0.24
44.29,-49.77,-207.99,-17.97,-4.67,-0.32
44.31,-49.73,-208.18,-20.15,-5.3,-0.38
44.28,-49.65,-208.41,-22.23,-5.96,-0.37
44.2,-49.54,-208.68,-24.23,-6.58,-0.36
44.15,-49.37,-208.94,-26.13,-7.16,-0.35
44.17,-49.25,-209.18,-27.97,-7.7,-0.37
44.19,-49.19,-209.43,-29.73,-8.05,-0.48
44.22,-49.14,-209.63,-31.37,-8.3,-0.62
44.31,-49.18,-209.8,-32.93,-8.57,-0.75
44.36,-49.42,-209.99,-34.36,-8.82,-0.92
44.43,-49.49,-210.19,-35.74,-9.08,-1.03
44.55,-49.39,-210.43,-37.07,-9.6,-1
44.7,-49.2,-210.72,-38.3,-10.3,-1
44.95,-48.81,-211.06,-39.61,-10.93,-1
45.2,-48.35,-211.39,-42.06,-12.41,-0.95
45.35,-47.96,-211.64,-43.23,-12.73,-1
45.46,-47.86,-211.77,-44.36,-12.95,-1.01
45.5,-47.98,-211.85,-45.37,-13.35,-1.08
45.46,-48.13,-211.92,-46.35,-13.63,-1.14
45.38,-48.13,-212.02,-47.33,-13.81,-1.22
45.33,-47.97,-212.13,-48.26,-14.04,-1.33
45.22,-47.97,-212.23,-49.18,-14.2,-1.45
45.11,-48.06,-212.33,-50.1,-14.2,-1.6
45.01,-48.14,-212.44,-50.96,-14.26,-1.7
44.83,-48.26,-212.55,-51.78,-14.3,-1.78
44.7,-48.4,-212.68,-52.63,-14.27,-1.87
44.54,-48.57,-212.88,-53.35,-14.28,-1.93
44.36,-48.68,-213.02,-54,-14.32,-1.97
44.3,-48.85,-213.14,-54.68,-14.37,-2.05
44.26,-49.16,-213.24,-55.93,-14.17,-2.18
44.26,-49.34,-213.33,-56.43,-14.05,-2.21
44.24,-49.59,-213.44,-56.87,-14.17,-2.17
44.26,-49.93,-213.6,-57.31,-14.47,-2.09
44.34,-50.12,-213.78,-57.74,-14.79,-2.06
44.5,-50.08,-213.99,-58.11,-15.14,-2.13
44.7,-49.9,-214.22,-58.53,-15.47,-2.19
44.91,-49.76,-214.37,-58.95,-15.76,-2.19
44.97,-49.85,-214.48,-59.28,-15.99,-2.16
44.9,-50.01,-214.58,-59.56,-16.14,-2.12
44.77,-50.15,-214.68,-59.82,-16.3,-2.05
44.57,-50.33,-214.78,-60.03,-16.53,-1.97
44.41,-50.43,-214.89,-60.28,-16.77,-1.93
44.37,-50.47,-215.01,-60.58,-16.97,-1.9
44.41,-50.67,-215.17,-60.96,-17.11,-1.92
44.5,-50.77,-215.31,-61.8,-17.21,-1.99
44.65,-50.81,-215.46,-62.18,-17.19,-2
44.76,-50.88,-215.64,-62.55,-17.24,-1.97
44.79,-50.99,-215.84,-62.92,-17.33,-1.92
44.86,-51.02,-216.06,-63.27,-17.41,-1.87
44.85,-51.04,-216.35,-63.61,-17.51,-1.81
44.77,-51.02,-216.66,-63.93,-17.66,-1.74
44.68,-51.06,-216.97,-64.22,-17.81,-1.69
44.55,-51.11,-217.25,-64.51,-17.83,-1.68
44.42,-51.13,-217.53,-64.8,-17.83,-1.68
44.29,-51.16,-217.75,-65.09,-17.81,-1.68
44.18,-51.24,-217.98,-65.36,-17.81,-1.66
44.08,-51.27,-218.18,-65.62,-17.83,-1.66
44.05,-51.25,-218.38,-65.88,-17.84,-1.67
44.06,-51.25,-218.61,-66.15,-17.86,-1.68
44.03,-51.24,-218.85,-66.42,-17.84,-1.68
44.05,-51.19,-219.07,-66.91,-17.82,-1.64
44.05,-51.21,-219.31,-67.13,-17.83,-1.62
44.04,-51.22,-219.56,-67.35,-17.82,-1.6
44.05,-51.16,-219.8,-67.56,-17.8,-1.58
44.03,-51.2,-220.05,-67.77,-17.78,-1.57
43.99,-51.29,-220.29,-67.96,-17.76,-1.57
43.96,-51.33,-220.51,-68.14,-17.75,-1.59
43.95,-51.3,-220.73,-68.33,-17.73,-1.62
43.9,-51.33,-220.97,-68.54,-17.71,-1.64
43.86,-51.33,-221.19,-68.71,-17.71,-1.67
43.83,-51.29,-221.39,-68.9,-17.68,-1.7
43.77,-51.28,-221.6,-69.05,-17.61,-1.74
43.7,-51.28,-221.79,-69.21,-17.59,-1.79
43.67,-51.26,-221.97,-69.36,-17.53,-1.84
43.61,-51.28,-222.16,-69.51,-17.44,-1.9
43.56,-51.28,-222.34,-69.75,-17.42,-1.97
43.52,-51.27,-222.53,-69.87,-17.4,-2.02
43.5,-51.25,-222.72,-69.98,-17.34,-2.07
43.49,-51.23,-222.91,-70.07,-17.32,-2.13
43.52,-51.2,-223.09,-70.15,-17.32,-2.18
43.48,-51.22,-223.28,-70.22,-17.31,-2.23
43.46,-51.22,-223.46,-70.3,-17.31,-2.29
43.46,-51.19,-223.64,-70.39,-17.33,-2.33
43.43,-51.19,-223.85,-70.47,-17.41,-2.38
43.38,-51.16,-224.06,-70.55,-17.5,-2.41
43.4,-51.06,-224.26,-70.63,-17.56,-2.45
43.41,-51.01,-224.47,-70.71,-17.59,-2.51
43.42,-50.93,-224.68,-70.78,-17.63,-2.56
43.44,-50.83,-224.88,-70.84,-17.69,-2.58
43.43,-50.8,-225.09,-70.89,-17.76,-2.61
43.44,-50.74,-225.29,-70.96,-17.79,-2.64
43.5,-50.67,-225.49,-71.12,-17.78,-2.72
43.51,-50.67,-225.7,-71.19,-17.77,-2.75
43.52,-50.66,-225.91,-71.26,-17.77,-2.77
43.55,-50.6,-226.12,-71.33,-17.76,-2.8
43.56,-50.59,-226.35,-71.4,-17.75,-2.83
43.53,-50.58,-226.59,-71.47,-17.76,-2.86
43.53,-50.57,-226.83,-71.54,-17.78,-2.88
43.5,-50.57,-227.06,-71.61,-17.77,-2.91
43.47,-50.6,-227.28,-71.68,-17.72,-2.95
43.42,-50.64,-227.53,-71.75,-17.71,-2.98
43.36,-50.64,-227.76,-71.79,-17.76,-3.01
43.31,-50.65,-227.99,-71.85,-17.75,-3.06
43.29,-50.65,-228.2,-71.9,-17.7,-3.11
43.25,-50.65,-228.41,-71.95,-17.66,-3.17
43.21,-50.71,-228.6,-71.99,-17.63,-3.21
43.17,-50.78,-228.8,-72.04,-17.58,-3.3
43.18,-50.78,-228.99,-72.07,-17.56,-3.34
43.14,-50.83,-229.21,-72.08,-17.55,-3.36
43.12,-50.86,-229.42,-72.1,-17.55,-3.38
43.13,-50.85,-229.63,-72.11,-17.55,-3.4
43.13,-50.89,-229.85,-72.13,-17.55,-3.42
43.14,-50.92,-230.06,-72.14,-17.55,-3.45
43.19,-50.87,-230.28,-72.17,-17.54,-3.46
43.18,-50.89,-230.49,-72.19,-17.53,-3.48
43.19,-50.9,-230.71,-72.21,-17.55,-3.5
43.2,-50.91,-230.92,-72.24,-17.53,-3.53
43.21,-50.92,-231.15,-72.28,-17.49,-3.56
43.2,-50.96,-231.37,-72.32,-17.47,-3.58
43.21,-50.98,-231.59,-72.37,-17.45,-3.59
43.2,-50.99,-231.83,-72.41,-17.43,-3.62
43.17,-51.02,-232.06,-72.48,-17.41,-3.66
43.15,-51.02,-232.29,-72.5,-17.42,-3.67
43.13,-51.06,-232.52,-72.51,-17.44,-3.7
43.07,-51.1,-232.75,-72.54,-17.44,-3.73
43.1,-51.04,-232.98,-72.57,-17.44,-3.76
43.1,-51.04,-233.21,-72.58,-17.48,-3.78
43.08,-51.01,-233.44,-72.6,-17.51,-3.8
43.11,-50.97,-233.65,-72.6,-17.52,-3.83
43.11,-50.97,-233.86,-72.6,-17.55,-3.87
43.11,-50.96,-234.06,-72.59,-17.57,-3.89
43.15,-50.95,-234.24,-72.58,-17.56,-3.93
43.18,-50.95,-234.45,-72.57,-17.57,-3.96
43.15,-50.98,-234.69,-72.56,-17.62,-3.97
43.19,-50.92,-234.92,-72.58,-17.65,-3.98
43.19,-50.89,-235.14,-72.57,-17.64,-4.02
43.19,-50.9,-235.36,-72.54,-17.64,-4.06
43.2,-50.87,-235.55,-72.52,-17.67,-4.14
43.22,-50.84,-235.73,-72.5,-17.66,-4.18
43.23,-50.83,-235.92,-72.49,-17.64,-4.22
43.25,-50.81,-236.1,-72.48,-17.65,-4.27
43.22,-50.84,-236.3,-72.45,-17.67,-4.31
43.23,-50.81,-236.49,-72.45,-17.67,-4.35
43.26,-50.78,-236.68,-72.44,-17.66,-4.38
43.26,-50.81,-236.89,-72.45,-17.67,-4.4
43.26,-50.82,-237.09,-72.45,-17.68,-4.42
43.25,-50.83,-237.3,-72.44,-17.67,-4.45
43.27,-50.81,-237.51,-72.43,-17.67,-4.48
43.27,-50.83,-237.71,-72.43,-17.65,-4.52
43.23,-50.9,-237.93,-72.42,-17.66,-4.55
43.27,-50.87,-238.13,-72.44,-17.67,-4.58
43.25,-50.91,-238.34,-72.46,-17.67,-4.6
43.24,-50.91,-238.58,-72.45,-17.73,-4.65
43.26,-50.88,-238.8,-72.47,-17.76,-4.67
43.26,-50.88,-239.03,-72.47,-17.75,-4.7
43.27,-50.86,-239.26,-72.48,-17.73,-4.74
43.28,-50.85,-239.46,-72.49,-17.74,-4.75
43.23,-50.92,-239.68,-72.49,-17.75,-4.78
43.24,-50.89,-239.9,-72.49,-17.77,-4.82
43.29,-50.82,-240.12,-72.51,-17.79,-4.83
43.3,-50.84,-240.35,-72.53,-17.78,-4.85
43.26,-50.88,-240.58,-72.53,-17.77,-4.87
43.26,-50.86,-240.79,-72.53,-17.78,-4.89
43.26,-50.87,-241.02,-72.53,-17.81,-4.91
43.26,-50.87,-241.23,-72.52,-17.81,-4.94
43.25,-50.86,-241.44,-72.52,-17.79,-4.97
43.24,-50.89,-241.65,-72.52,-17.76,-5
43.24,-50.91,-241.85,-72.5,-17.74,-5.03
43.29,-50.88,-242.04,-72.48,-17.7,-5.08
43.31,-50.92,-242.23,-72.47,-17.69,-5.11
43.32,-50.92,-242.43,-72.47,-17.66,-5.15
43.36,-50.88,-242.63,-72.46,-17.65,-5.18
43.36,-50.91,-242.84,-72.46,-17.63,-5.21
43.32,-50.97,-243.06,-72.45,-17.61,-5.24
43.35,-50.94,-243.26,-72.43,-17.61,-5.27
43.33,-50.96,-243.46,-72.42,-17.62,-5.3
43.34,-50.97,-243.66,-72.43,-17.61,-5.33
43.35,-50.95,-243.86,-72.44,-17.59,-5.36
43.32,-50.95,-244.08,-72.42,-17.64,-5.37
43.32,-50.96,-244.3,-72.43,-17.67,-5.39
43.35,-50.89,-244.51,-72.45,-17.65,-5.43
43.34,-50.9,-244.74,-72.44,-17.65,-5.45
43.32,-50.94,-244.95,-72.45,-17.66,-5.47
43.35,-50.91,-245.16,-72.46,-17.65,-5.53
43.36,-50.86,-245.38,-72.47,-17.65,-5.56
43.37,-50.89,-245.6,-72.48,-17.66,-5.57
43.35,-50.92,-245.82,-72.47,-17.65,-5.58
43.37,-50.86,-246.03,-72.48,-17.65,-5.61
43.35,-50.87,-246.25,-72.48,-17.66,-5.64
43.33,-50.91,-246.47,-72.49,-17.66,-5.68
43.35,-50.88,-246.67,-72.5,-17.65,-5.71
43.34,-50.9,-246.88,-72.49,-17.65,-5.73
43.33,-50.93,-247.08,-72.49,-17.65,-5.76
43.33,-50.91,-247.28,-72.49,-17.65,-5.79
43.32,-50.91,-247.49,-72.5,-17.65,-5.83
43.3,-50.91,-247.71,-72.52,-17.65,-5.86
43.3,-50.88,-247.92,-72.54,-17.64,-5.9
43.26,-50.93,-248.15,-72.55,-17.63,-5.93
43.24,-50.94,-248.37,-72.57,-17.63,-5.96
43.26,-50.89,-248.59,-72.6,-17.63,-6.03
43.25,-50.91,-248.81,-72.61,-17.62,-6.07
43.24,-50.93,-249.02,-72.65,-17.62,-6.12
43.26,-50.91,-249.22,-72.66,-17.58,-6.16
43.24,-50.92,-249.45,-72.65,-17.6,-6.19
43.19,-50.91,-249.67,-72.63,-17.68,-6.21
43.18,-50.92,-249.89,-72.64,-17.7,-6.25
43.17,-50.88,-250.1,-72.64,-17.68,-6.3
43.17,-50.86,-250.31,-72.61,-17.68,-6.33
43.19,-50.85,-250.5,-72.6,-17.69,-6.35
43.21,-50.84,-250.7,-72.58,-17.7,-6.39
43.26,-50.79,-250.92,-72.59,-17.68,-6.43
43.29,-50.78,-251.13,-72.61,-17.65,-6.45
43.28,-50.82,-251.35,-72.6,-17.65,-6.47
43.23,-50.86,-251.59,-72.59,-17.65,-6.49
43.27,-50.81,-251.81,-72.63,-17.62,-6.55
43.28,-50.84,-252.02,-72.61,-17.63,-6.58
43.28,-50.85,-252.24,-72.61,-17.63,-6.6
43.29,-50.83,-252.44,-72.6,-17.63,-6.63
43.3,-50.82,-252.65,-72.61,-17.61,-6.66
43.31,-50.83,-252.87,-72.6,-17.62,-6.68
43.32,-50.8,-253.08,-72.6,-17.63,-6.7
43.3,-50.84,-253.32,-72.61,-17.63,-6.72
43.31,-50.83,-253.55,-72.61,-17.65,-6.73
43.33,-50.8,-253.78,-72.62,-17.65,-6.75
43.31,-50.81,-254.02,-72.63,-17.65,-6.76
43.31,-50.83,-254.25,-72.63,-17.65,-6.78
43.29,-50.83,-254.48,-72.62,-17.69,-6.79
43.32,-50.79,-254.69,-72.62,-17.72,-6.82
43.32,-50.79,-254.93,-72.63,-17.71,-6.85
43.29,-50.81,-255.17,-72.63,-17.77,-6.91
43.3,-50.79,-255.38,-72.63,-17.77,-6.94
43.29,-50.78,-255.59,-72.64,-17.77,-6.98
43.3,-50.75,-255.81,-72.65,-17.76,-7.01
43.31,-50.73,-256.01,-72.63,-17.77,-7.03
43.32,-50.73,-256.23,-72.62,-17.76,-7.06
43.35,-50.71,-256.44,-72.63,-17.76,-7.1
43.4,-50.69,-256.64,-72.62,-17.75,-7.12
43.36,-50.74,-256.87,-72.61,-17.74,-7.14
43.36,-50.76,-257.09,-72.6,-17.73,-7.16
43.38,-50.75,-257.3,-72.63,-17.72,-7.19
43.37,-50.77,-257.51,-72.64,-17.7,-7.24
43.35,-50.79,-257.73,-72.63,-17.7,-7.26
43.36,-50.77,-257.93,-72.63,-17.71,-7.29
43.35,-50.78,-258.14,-72.62,-17.73,-7.31
43.32,-50.79,-258.37,-72.62,-17.74,-7.34
43.35,-50.77,-258.58,-72.63,-17.74,-7.4
43.38,-50.77,-258.8,-72.61,-17.75,-7.42
43.39,-50.77,-259.01,-72.61,-17.77,-7.44
43.39,-50.74,-259.23,-72.6,-17.79,-7.46
43.4,-50.72,-259.45,-72.58,-17.81,-7.5
43.41,-50.68,-259.68,-72.58,-17.85,-7.53
43.46,-50.61,-259.89,-72.58,-17.89,-7.56
43.44,-50.63,-260.1,-72.58,-17.86,-7.59
43.4,-50.63,-260.31,-72.53,-17.9,-7.63
43.42,-50.58,-260.52,-72.48,-18,-7.7
43.43,-50.6,-260.69,-72.38,-18.12,-7.79
43.45,-50.59,-260.86,-72.23,-18.27,-7.91
43.46,-50.56,-260.98,-71.98,-18.5,-8.03
43.42,-50.49,-261.01,-71.73,-18.76,-8.2
43.37,-50.39,-260.91,-71.41,-18.97,-8.41
43.32,-50.48,-260.71,-70.62,-19.26,-8.99
43.29,-50.61,-260.4,-70.16,-19.49,-9.33
43.31,-50.66,-260,-69.68,-19.68,-9.7
43.36,-50.69,-259.61,-69.18,-19.99,-10.1
43.42,-50.68,-259.21,-68.73,-20.36,-10.52
43.5,-50.55,-258.79,-68.32,-20.61,-10.93
43.58,-50.43,-258.35,-67.87,-20.82,-11.34
43.61,-50.46,-257.93,-67.34,-21.09,-11.75
43.56,-50.52,-257.52,-66.82,-21.42,-12.14
43.52,-50.42,-257.1,-66.38,-21.7,-12.54
43.48,-50.33,-256.7,-65.82,-22.05,-12.98
43.38,-50.25,-256.31,-65.3,-22.43,-13.45
43.28,-50.08,-255.91,-64.87,-22.8,-13.88
43.18,-49.92,-255.48,-64.37,-23.16,-14.36
43,-49.92,-255.03,-63.87,-23.52,-14.85
42.78,-50.01,-254.57,-63.4,-23.85,-15.36
42.59,-50.05,-254.13,-62.5,-24.43,-16.39
42.34,-50.23,-253.66,-62.04,-24.74,-16.88
42.09,-50.42,-253.22,-61.59,-25.07,-17.38
41.83,-50.58,-252.78,-61.14,-25.39,-17.89
41.51,-50.77,-252.33,-60.7,-25.66,-18.39
41.19,-51.02,-251.87,-60.24,-25.91,-18.89
40.88,-51.33,-251.43,-59.83,-26.16,-19.35
40.54,-51.72,-250.97,-59.39,-26.45,-19.81
40.2,-52.16,-250.52,-58.98,-26.67,-20.27
39.84,-52.63,-250.1,-58.57,-26.89,-20.7
39.41,-53.17,-249.66,-58.14,-27.13,-21.17
38.97,-53.66,-249.24,-57.74,-27.38,-21.59
38.58,-54.11,-248.85,-57.34,-27.65,-22.05
38.15,-54.63,-248.46,-56.93,-27.95,-22.48
37.68,-55.12,-248.09,-56.52,-28.24,-22.92
37.22,-55.54,-247.72,-56.12,-28.52,-23.35
36.71,-56.03,-247.32,-55.28,-29.1,-24.25
36.19,-56.64,-246.91,-54.87,-29.35,-24.71
35.69,-57.24,-246.51,-54.4,-29.68,-25.2
35.16,-57.85,-246.09,-53.94,-30.02,-25.65
34.67,-58.31,-245.69,-53.5,-30.4,-26.11
34.22,-58.76,-245.31,-53.06,-30.78,-26.57
33.73,-59.28,-244.91,-52.64,-31.09,-27.02
33.25,-59.83,-244.51,-52.21,-31.4,-27.48
32.81,-60.35,-244.14,-51.82,-31.69,-27.89
32.33,-60.91,-243.8,-51.39,-32.02,-28.3
31.83,-61.48,-243.48,-50.95,-32.39,-28.68
31.35,-61.98,-243.18,-50.54,-32.75,-29.01
30.78,-62.68,-242.86,-50.09,-33.11,-29.34
30.2,-63.36,-242.55,-49.62,-33.47,-29.66
29.67,-64.03,-242.23,-49.16,-33.78,-30
29.21,-64.64,-241.91,-48.28,-34.43,-30.68
28.76,-65.34,-241.57,-47.84,-34.75,-31.06
28.32,-66.04,-241.22,-47.39,-35.03,-31.42
27.85,-66.73,-240.86,-46.9,-35.37,-31.79
27.33,-67.41,-240.5,-46.46,-35.71,-32.16
26.83,-68,-240.15,-46.05,-36.04,-32.53
26.35,-68.51,-239.83,-45.64,-36.34,-32.92
25.87,-69.01,-239.55,-45.28,-36.65,-33.28
25.38,-69.46,-239.31,-44.91,-36.99,-33.63
24.9,-69.87,-239.11,-44.56,-37.36,-33.96
24.38,-70.34,-238.91,-44.25,-37.71,-34.25
23.84,-70.85,-238.74,-44,-37.95,-34.55
23.33,-71.34,-238.58,-43.7,-38.17,-34.89
22.74,-71.9,-238.43,-43.39,-38.21,-35.22
22.12,-72.45,-238.26,-43.01,-38.4,-35.56
21.54,-72.94,-238.08,-42.66,-38.71,-35.89
20.97,-73.42,-237.88,-41.96,-39.34,-36.58
20.39,-73.92,-237.66,-41.64,-39.53,-36.97
19.86,-74.39,-237.44,-41.27,-39.74,-37.35
19.3,-74.88,-237.2,-40.86,-40.02,-37.73
18.72,-75.36,-236.94,-40.46,-40.3,-38.15
18.2,-75.79,-236.67,-40.1,-40.57,-38.52
17.65,-76.27,-236.41,-39.71,-40.83,-38.93
17.13,-76.73,-236.14,-39.36,-41.11,-39.31
16.68,-77.12,-235.9,-39.04,-41.4,-39.68
16.24,-77.55,-235.67,-38.69,-41.71,-40.03
15.79,-78.04,-235.47,-38.36,-42.02,-40.32
15.35,-78.45,-235.32,-38.04,-42.31,-40.62
14.91,-78.86,-235.22,-37.7,-42.59,-40.88
14.48,-79.24,-235.16,-37.39,-42.93,-41.12
14.05,-79.6,-235.13,-37.08,-43.27,-41.34
13.59,-80.04,-235.09,-36.83,-43.55,-41.54
13.15,-80.52,-235.05,-36.3,-44,-41.91
12.73,-80.98,-235.03,-35.97,-44.28,-42.08
12.3,-81.42,-235.04,-35.69,-44.61,-42.23
11.9,-81.8,-235.05,-35.39,-44.94,-42.4
11.53,-82.17,-235.05,-35.12,-45.23,-42.58
11.16,-82.56,-235.06,-34.84,-45.52,-42.76
10.79,-82.91,-235.06,-34.54,-45.82,-42.94
10.39,-83.27,-235.05,-34.27,-46.13,-43.12
10.04,-83.57,-235.03,-34,-46.42,-43.33
9.66,-83.98,-235,-33.76,-46.6,-43.55
9.31,-84.37,-234.96,-33.46,-46.81,-43.75
8.94,-84.74,-234.94,-33.18,-47.08,-43.94
8.56,-85.06,-234.92,-32.89,-47.37,-44.14
8.2,-85.36,-234.9,-32.62,-47.65,-44.32
7.87,-85.62,-234.89,-32.35,-47.92,-44.53
7.53,-85.9,-234.88,-32.09,-48.17,-44.73
7.18,-86.25,-234.86,-31.59,-48.65,-45.13
6.87,-86.57,-234.84,-31.31,-48.91,-45.34
6.53,-86.92,-234.81,-31.04,-49.11,-45.54
6.18,-87.29,-234.79,-30.74,-49.3,-45.74
5.83,-87.62,-234.75,-30.48,-49.49,-45.95
5.47,-87.99,-234.7,-30.19,-49.66,-46.16
5.06,-88.38,-234.65,-29.88,-49.89,-46.37
4.73,-88.71,-234.6,-29.63,-50.08,-46.58
4.36,-89.08,-234.55,-29.36,-50.3,-46.83
4.01,-89.39,-234.51,-29.1,-50.5,-47.04
3.69,-89.64,-234.47,-28.81,-50.75,-47.27
3.33,-89.99,-234.4,-28.53,-50.95,-47.5
2.98,-90.31,-234.32,-28.24,-51.18,-47.73
2.66,-90.6,-234.23,-27.94,-51.38,-47.99
2.31,-90.9,-234.15,-27.62,-51.61,-48.24
1.99,-91.15,-234.08,-27.32,-51.87,-48.5
1.72,-91.27,-234.03,-26.7,-52.42,-48.97
1.45,-91.44,-233.98,-26.36,-52.71,-49.22
1.14,-91.69,-233.9,-26.03,-52.93,-49.48
0.84,-91.92,-233.84,-25.71,-53.13,-49.72
0.51,-92.19,-233.77,-25.33,-53.3,-50
0.14,-92.46,-233.67,-24.94,-53.54,-50.29
-0.26,-92.77,-233.53,-24.6,-53.78,-50.58
-0.64,-93.09,-233.36,-24.26,-53.92,-50.92
-1.03,-93.4,-233.19,-23.88,-54.1,-51.3
-1.36,-93.64,-233.01,-23.58,-54.27,-51.62
-1.75,-93.92,-232.84,-23.24,-54.47,-51.97
-2.12,-94.2,-232.68,-22.89,-54.71,-52.3
-2.47,-94.47,-232.54,-22.59,-54.92,-52.6
-2.87,-94.83,-232.41,-22.27,-55.1,-52.91
-3.29,-95.19,-232.3,-21.97,-55.3,-53.23
-3.64,-95.47,-232.2,-21.36,-55.71,-53.8
-4.04,-95.79,-232.13,-21.06,-55.92,-54.05
-4.41,-96.11,-232.07,-20.76,-56.16,-54.32
-4.73,-96.41,-232.02,-20.48,-56.39,-54.56
-5.1,-96.77,-231.98,-20.17,-56.61,-54.8
-5.47,-97.11,-231.97,-19.81,-56.8,-55.06
-5.82,-97.37,-231.96,-19.44,-57.02,-55.31
-6.11,-97.57,-231.96,-19.06,-57.29,-55.55
-6.42,-97.81,-231.93,-18.7,-57.58,-55.79
-6.71,-98.05,-231.84,-18.37,-57.86,-56.02
-6.95,-98.36,-231.73,-18.05,-58.11,-56.28
-7.22,-98.68,-231.62,-17.67,-58.29,-56.57
-7.47,-98.97,-231.5,-17.3,-58.53,-56.81
-7.7,-99.26,-231.38,-16.92,-58.86,-57.04
-7.97,-99.61,-231.24,-16.56,-59.18,-57.28
-8.19,-99.93,-231.11,-16.22,-59.39,-57.54
-8.4,-100.14,-231,-15.51,-59.86,-58.02
-8.63,-100.43,-230.91,-15.15,-60.18,-58.23
-8.87,-100.73,-230.85,-14.81,-60.49,-58.45
-9.11,-100.94,-230.79,-14.48,-60.81,-58.65
-9.32,-101.19,-230.73,-14.16,-61.04,-58.89
-9.58,-101.5,-230.66,-13.83,-61.27,-59.11
-9.83,-101.79,-230.6,-13.52,-61.49,-59.32
-10.13,-102.02,-230.53,-13.2,-61.75,-59.55
-10.39,-102.2,-230.48,-12.89,-62.05,-59.78
-10.62,-102.39,-230.43,-12.59,-62.31,-60
-10.91,-102.66,-230.38,-12.26,-62.56,-60.25
-11.2,-102.94,-230.31,-11.96,-62.79,-60.49
-11.49,-103.17,-230.22,-11.67,-63.03,-60.77
-11.8,-103.5,-230.12,-11.38,-63.21,-61.05
-12.12,-103.87,-230,-11.09,-63.35,-61.32
-12.47,-104.23,-229.89,-10.43,-63.67,-61.92
-12.8,-104.51,-229.75,-10.15,-63.92,-62.21
-13.17,-104.78,-229.59,-9.88,-64.14,-62.49
-13.49,-105.07,-229.41,-9.64,-64.3,-62.73
-13.83,-105.42,-229.27,-9.41,-64.46,-62.97
-14.16,-105.7,-229.18,-9.17,-64.58,-63.19
-14.5,-105.89,-229.19,-8.96,-64.75,-63.33
-14.81,-106.05,-229.24,-8.79,-64.94,-63.43
-15.1,-106.22,-229.32,-8.67,-65.1,-63.51
-15.36,-106.38,-229.42,-8.56,-65.2,-63.58
-15.65,-106.6,-229.56,-8.41,-65.28,-63.65
-15.96,-106.79,-229.76,-8.31,-65.42,-63.69
-16.2,-106.87,-229.98,-8.24,-65.59,-63.73
-16.44,-106.98,-230.19,-8.16,-65.67,-63.76
-16.74,-107.18,-230.4,-8.1,-65.73,-63.79
-17.02,-107.37,-230.6,-7.97,-65.89,-63.89
-17.27,-107.48,-230.79,-7.92,-65.96,-63.95
-17.55,-107.68,-230.99,-7.86,-66.01,-64.02
-17.77,-107.81,-231.18,-7.81,-66.11,-64.1
-17.94,-107.86,-231.36,-7.79,-66.16,-64.15
-18.18,-108,-231.53,-7.7,-66.22,-64.24
-18.42,-108.12,-231.71,-7.65,-66.3,-64.29
-18.63,-108.24,-231.89,-7.61,-66.35,-64.35
-18.84,-108.33,-232.07,-7.57,-66.4,-64.41
-19.01,-108.45,-232.26,-7.5,-66.44,-64.45
-19.18,-108.48,-232.44,-7.44,-66.49,-64.49
-19.33,-108.6,-232.63,-7.4,-66.54,-64.53
-19.51,-108.7,-232.82,-7.35,-66.61,-64.57
-19.66,-108.81,-233.02,-7.27,-66.64,-64.61
-19.8,-108.86,-233.21,-7.21,-66.68,-64.67
-19.92,-108.89,-233.4,-7.13,-66.77,-64.72
-20.02,-108.9,-233.57,-7.03,-66.8,-64.79
-20.16,-109.02,-233.78,-6.97,-66.83,-64.83
-20.31,-109.06,-234.01,-6.92,-66.82,-64.85
-20.39,-109.03,-234.22,-6.88,-66.82,-64.87
-20.48,-109.09,-234.44,-6.86,-66.83,-64.89
-20.55,-109.18,-234.65,-6.85,-66.82,-64.9
-20.61,-109.25,-234.85,-6.82,-66.81,-64.92
-20.7,-109.32,-235.08,-6.78,-66.81,-64.96
-20.83,-109.37,-235.33,-6.73,-66.8,-64.99
-20.91,-109.38,-235.52,-6.69,-66.79,-65.03
-21.04,-109.48,-235.7,-6.68,-66.78,-65.08
-21.15,-109.58,-235.89,-6.65,-66.79,-65.14
-21.22,-109.57,-236.05,-6.65,-66.8,-65.2
-21.32,-109.62,-236.24,-6.62,-66.82,-65.27
-21.45,-109.67,-236.43,-6.59,-66.81,-65.31
-21.57,-109.7,-236.63,-6.57,-66.82,-65.4
-21.64,-109.69,-236.81,-6.56,-66.83,-65.42
-21.75,-109.73,-237.01,-6.54,-66.85,-65.46
-21.83,-109.74,-237.22,-6.5,-66.88,-65.5
-21.93,-109.7,-237.44,-6.47,-66.91,-65.53
-22,-109.72,-237.64,-6.46,-66.91,-65.56
-22.1,-109.79,-237.85,-6.45,-66.93,-65.6
-22.15,-109.74,-238.07,-6.43,-66.95,-65.64
-22.22,-109.71,-238.29,-6.4,-66.96,-65.68
-22.27,-109.74,-238.5,-6.39,-67,-65.7
-22.32,-109.82,-238.71,-6.38,-67,-65.72
-22.37,-109.84,-238.91,-6.38,-66.98,-65.74
-22.43,-109.83,-239.15,-6.34,-67,-65.75
-22.46,-109.77,-239.39,-6.33,-67.02,-65.75
-22.52,-109.79,-239.63,-6.33,-67.01,-65.76
-22.59,-109.87,-239.88,-6.31,-66.97,-65.79
-22.61,-109.83,-240.11,-6.29,-66.98,-65.81
-22.66,-109.84,-240.33,-6.27,-66.99,-65.85
-22.69,-109.87,-240.52,-6.23,-66.97,-65.91
-22.7,-109.86,-240.7,-6.2,-66.96,-65.98
-22.71,-109.89,-240.85,-6.19,-66.98,-66.04
-22.78,-109.96,-241.01,-6.16,-66.97,-66.12
-22.8,-109.94,-241.17,-6.11,-66.97,-66.19
-22.84,-109.94,-241.32,-6.08,-66.96,-66.24
-22.89,-109.95,-241.47,-6.06,-66.93,-66.31
-22.92,-109.94,-241.64,-6.02,-66.92,-66.39
-22.97,-109.92,-241.84,-5.97,-66.96,-66.45
-22.99,-109.88,-242.03,-5.95,-66.99,-66.5
-23,-109.89,-242.19,-5.92,-66.99,-66.55
-23.02,-109.94,-242.35,-5.9,-67,-66.62
-23.06,-109.87,-242.52,-5.8,-67.03,-66.74
-23.08,-109.78,-242.7,-5.79,-67.05,-66.79
-23.13,-109.85,-242.88,-5.78,-67.03,-66.82
-23.18,-109.88,-243.07,-5.75,-67.04,-66.87
-23.21,-109.85,-243.28,-5.74,-67.08,-66.91
-23.21,-109.75,-243.49,-5.73,-67.11,-66.93
-23.24,-109.76,-243.7,-5.74,-67.12,-66.95
-23.3,-109.83,-243.91,-5.74,-67.09,-66.98
-23.32,-109.79,-244.12,-5.72,-67.08,-67
-23.37,-109.74,-244.35,-5.72,-67.06,-67.02
-23.43,-109.75,-244.59,-5.73,-67.03,-67.04
-23.44,-109.7,-244.82,-5.74,-67.02,-67.06
-23.47,-109.7,-245.06,-5.76,-67.06,-67.07
-23.49,-109.67,-245.31,-5.77,-67.06,-67.08
-23.46,-109.59,-245.56,-5.76,-67.08,-67.1
-23.48,-109.52,-245.8,-5.7,-67.08,-67.14
-23.51,-109.57,-246.01,-5.68,-67.12,-67.17
-23.48,-109.54,-246.2,-5.65,-67.1,-67.22
-23.51,-109.57,-246.41,-5.63,-67.13,-67.26
-23.49,-109.5,-246.61,-5.6,-67.16,-67.32
-23.47,-109.43,-246.78,-5.59,-67.19,-67.37
-23.49,-109.44,-246.96,-5.57,-67.2,-67.41
-23.5,-109.42,-247.14,-5.53,-67.23,-67.46
-23.49,-109.37,-247.34,-5.5,-67.29,-67.5
-23.49,-109.34,-247.55,-5.47,-67.31,-67.53
-23.51,-109.33,-247.76,-5.46,-67.3,-67.55
-23.5,-109.28,-247.96,-5.42,-67.33,-67.59
-23.51,-109.29,-248.18,-5.4,-67.32,-67.62
-23.55,-109.33,-248.39,-5.38,-67.37,-67.65
-23.55,-109.32,-248.57,-5.38,-67.37,-67.7
-23.56,-109.32,-248.77,-5.35,-67.4,-67.8
-23.6,-109.29,-248.97,-5.33,-67.41,-67.84
-23.58,-109.29,-249.15,-5.34,-67.42,-67.86
-23.61,-109.35,-249.35,-5.38,-67.4,-67.88
-23.66,-109.39,-249.59,-5.39,-67.39,-67.88
-23.66,-109.34,-249.83,-5.44,-67.38,-67.87
-23.7,-109.34,-250.1,-5.45,-67.36,-67.87
-23.74,-109.35,-250.36,-5.46,-67.3,-67.87
-23.75,-109.35,-250.6,-5.47,-67.27,-67.87
-23.8,-109.38,-250.85,-5.47,-67.29,-67.89
-23.8,-109.36,-251.07,-5.49,-67.28,-67.93
-23.81,-109.37,-251.27,-5.47,-67.28,-67.97
-23.79,-109.36,-251.45,-5.46,-67.27,-68.04
-23.82,-109.41,-251.63,-5.45,-67.21,-68.09
-23.87,-109.47,-251.83,-5.43,-67.22,-68.14
-23.86,-109.45,-252.01,-5.4,-67.14,-68.24
-23.89,-109.48,-252.21,-5.4,-67.11,-68.29
-23.9,-109.46,-252.39,-5.41,-67.1,-68.35
-23.91,-109.41,-252.56,-5.4,-67.1,-68.41
-23.94,-109.41,-252.75,-5.39,-67.1,-68.46
-23.98,-109.41,-252.95,-5.36,-67.08,-68.51
-24.01,-109.34,-253.14,-5.36,-67.08,-68.54
-24.06,-109.37,-253.34,-5.36,-67.06,-68.59
-24.09,-109.34,-253.55,-5.34,-67.06,-68.62
-24.09,-109.28,-253.76,-5.33,-67.07,-68.64
-24.14,-109.32,-253.99,-5.37,-67.06,-68.66
-24.18,-109.34,-254.23,-5.35,-67,-68.68
-24.17,-109.3,-254.47,-5.33,-67.01,-68.69
-24.2,-109.26,-254.71,-5.34,-67.03,-68.7
-24.21,-109.24,-254.95,-5.36,-67.02,-68.73
-24.21,-109.27,-255.19,-5.4,-66.98,-68.76
-24.25,-109.27,-255.44,-5.38,-66.97,-68.77
-24.27,-109.26,-255.67,-5.39,-66.95,-68.78
-24.26,-109.26,-255.89,-5.41,-66.94,-68.81
-24.25,-109.31,-256.14,-5.41,-66.94,-68.83
-24.25,-109.28,-256.37,-5.39,-66.95,-68.86
-24.24,-109.28,-256.6,-5.39,-66.96,-68.88
-24.22,-109.31,-256.81,-5.36,-66.95,-68.92
-24.23,-109.33,-257.02,-5.36,-66.95,-68.95
-24.21,-109.32,-257.22,-5.34,-66.96,-68.97
-24.22,-109.32,-257.43,-5.35,-66.96,-69.01
-24.23,-109.38,-257.66,-5.35,-66.95,-69.03
-24.25,-109.38,-257.89,-5.35,-66.93,-69.05
-24.21,-109.39,-258.11,-5.37,-66.92,-69.06
-24.21,-109.41,-258.34,-5.39,-66.9,-69.08
-24.23,-109.41,-258.58,-5.4,-66.88,-69.09
-24.23,-109.44,-258.81,-5.41,-66.84,-69.1
-24.25,-109.45,-259.05,-5.41,-66.84,-69.12
-24.25,-109.43,-259.29,-5.43,-66.83,-69.14
-24.24,-109.38,-259.52,-5.46,-66.83,-69.17
-24.24,-109.41,-259.74,-5.49,-66.83,-69.2
-24.29,-109.48,-259.97,-5.5,-66.82,-69.23
-24.29,-109.43,-260.18,-5.5,-66.82,-69.29
-24.31,-109.4,-260.39,-5.52,-66.8,-69.34
-24.29,-109.43,-260.58,-5.55,-66.82,-69.39
-24.28,-109.38,-260.76,-5.56,-66.84,-69.45
-24.3,-109.34,-260.97,-5.57,-66.82,-69.5
-24.3,-109.3,-261.2,-5.6,-66.84,-69.53
-24.29,-109.24,-261.43,-5.6,-66.82,-69.54
-24.31,-109.23,-261.66,-5.61,-66.81,-69.55
-24.33,-109.24,-261.9,-5.61,-66.82,-69.59
-24.31,-109.24,-262.12,-5.6,-66.84,-69.61
-24.29,-109.23,-262.34,-5.57,-66.86,-69.65
-24.27,-109.2,-262.55,-5.54,-66.89,-69.68
-24.23,-109.16,-262.74,-5.51,-66.86,-69.72
-24.23,-109.23,-262.91,-5.5,-66.89,-69.75
-24.19,-109.26,-263.09,-5.49,-66.9,-69.79
-24.15,-109.23,-263.28,-5.48,-66.92,-69.82
-24.13,-109.25,-263.48,-5.46,-66.92,-69.84
-24.12,-109.32,-263.68,-5.44,-66.91,-69.87
-24.08,-109.33,-263.87,-5.42,-66.91,-69.9
-24.08,-109.33,-264.07,-5.39,-66.91,-69.94
-24.1,-109.38,-264.28,-5.38,-66.94,-69.98
-24.05,-109.36,-264.45,-5.38,-66.96,-70.03
-24.05,-109.39,-264.61,-5.38,-66.96,-70.08
-24.06,-109.44,-264.77,-5.34,-66.97,-70.18
-24.09,-109.44,-264.95,-5.34,-66.98,-70.24
-24.1,-109.39,-265.13,-5.36,-67,-70.27
-24.15,-109.33,-265.35,-5.4,-67.02,-70.29
-24.16,-109.28,-265.6,-5.47,-67.03,-70.26
-24.17,-109.17,-265.9,-5.53,-67.05,-70.19
-24.18,-109.15,-266.27,-5.64,-67.06,-70.08
-24.18,-109.16,-266.66,-5.77,-67.02,-69.94
-24.2,-109.24,-267.11,-5.9,-66.97,-69.77
-24.2,-109.28,-267.58,-6.06,-66.96,-69.59
-24.2,-109.33,-268.06,-6.21,-66.88,-69.43
-24.15,-109.38,-268.54,-6.41,-66.81,-69.26
-24.14,-109.46,-269.04,-6.59,-66.73,-69.1
-24.13,-109.59,-269.53,-6.79,-66.7,-68.93
-24.07,-109.66,-269.98,-7.02,-66.61,-68.77
-23.98,-109.76,-270.46,-7.49,-66.42,-68.46
-23.9,-109.82,-270.96,-7.75,-66.34,-68.26
-23.8,-109.83,-271.47,-8,-66.29,-68.05
-23.74,-109.95,-272.03,-8.3,-66.16,-67.83
-23.69,-110.09,-272.61,-8.57,-66,-67.6
-23.56,-110.15,-273.19,-8.83,-65.9,-67.39
-23.45,-110.14,-273.81,-9.12,-65.8,-67.17
-23.34,-110.14,-274.42,-9.4,-65.78,-66.94
-23.2,-110.2,-274.99,-9.71,-65.71,-66.72
-23.09,-110.28,-275.6,-9.99,-65.6,-66.53
-22.95,-110.23,-276.18,-10.26,-65.49,-66.35
-22.78,-110.24,-276.71,-10.55,-65.39,-66.15
-22.64,-110.36,-277.25,-10.82,-65.31,-65.98
-22.48,-110.37,-277.78,-11.11,-65.17,-65.82
-22.31,-110.43,-278.32,-11.39,-65.03,-65.64
-22.18,-110.49,-278.86,-11.91,-64.76,-65.3
-22.04,-110.51,-279.39,-12.19,-64.61,-65.12
-21.86,-110.54,-279.9,-12.47,-64.49,-64.96
-21.66,-110.53,-280.4,-12.76,-64.37,-64.82
-21.51,-110.63,-280.91,-13.01,-64.2,-64.68
-21.32,-110.64,-281.43,-13.24,-64.11,-64.52
-21.12,-110.51,-281.93,-13.52,-64.06,-64.34
-20.94,-110.45,-282.46,-13.83,-63.96,-64.18
-20.73,-110.42,-283,-14.13,-63.81,-64
-20.52,-110.38,-283.56,-14.44,-63.7,-63.81
-20.31,-110.3,-284.13,-14.74,-63.59,-63.6
-20.08,-110.21,-284.73,-15.02,-63.49,-63.4
-19.79,-110.05,-285.29,-15.38,-63.4,-63.17
-19.54,-110.05,-285.89,-15.74,-63.25,-62.94
-19.27,-109.94,-286.53,-16.11,-63.14,-62.71
-19,-109.74,-287.21,-16.8,-62.89,-62.23
-18.75,-109.63,-287.9,-17.17,-62.77,-61.94
-18.51,-109.54,-288.58,-17.55,-62.6,-61.68
-18.23,-109.41,-289.21,-17.88,-62.41,-61.43
-17.99,-109.35,-289.85,-18.21,-62.21,-61.19
-17.74,-109.25,-290.52,-18.53,-62.07,-60.93
-17.44,-109.06,-291.14,-18.83,-61.95,-60.69
-17.14,-108.93,-291.74,-19.19,-61.8,-60.45
-16.85,-108.85,-292.34,-19.49,-61.62,-60.26
-16.54,-108.67,-292.91,-19.8,-61.44,-60.05
-16.31,-108.59,-293.49,-20.11,-61.25,-59.83
-16.06,-108.56,-294.05,-20.41,-61.04,-59.67
-15.76,-108.36,-294.57,-20.73,-60.83,-59.49
-15.5,-108.25,-295.11,-21.02,-60.63,-59.33
-15.2,-108.09,-295.62,-21.32,-60.48,-59.17
-14.93,-107.97,-296.11,-21.62,-60.29,-59.02
-14.68,-107.91,-296.6,-22.22,-59.82,-58.73
-14.4,-107.76,-297.08,-22.48,-59.62,-58.61
-14.11,-107.54,-297.55,-22.77,-59.43,-58.5
-13.83,-107.33,-298.03,-23.07,-59.19,-58.38
-13.6,-107.19,-298.54,-23.36,-59.02,-58.25
-13.3,-106.96,-299.02,-23.62,-58.88,-58.14
-13.02,-106.71,-299.52,-23.92,-58.71,-58.02
-12.74,-106.52,-299.96,-24.24,-58.47,-57.89
-12.55,-106.58,-300.39,-24.52,-58.15,-57.8
-12.32,-106.45,-300.83,-24.78,-57.86,-57.72
-12.14,-106.28,-301.31,-25.05,-57.68,-57.62
-11.89,-106.08,-301.79,-25.34,-57.55,-57.49
-11.61,-105.85,-302.24,-25.64,-57.4,-57.35
-11.38,-105.7,-302.71,-25.93,-57.2,-57.22
-11.14,-105.52,-303.2,-26.21,-56.98,-57.12
-10.88,-105.28,-303.7,-26.79,-56.61,-56.83
-10.61,-105.08,-304.19,-27.11,-56.45,-56.68
-10.34,-104.93,-304.71,-27.43,-56.27,-56.53
-10.02,-104.66,-305.22,-27.73,-56.09,-56.38
-9.73,-104.43,-305.76,-28,-55.9,-56.23
-9.46,-104.25,-306.29,-28.25,-55.7,-56.08
-9.2,-104.08,-306.8,-28.51,-55.51,-55.93
-8.91,-103.85,-307.29,-28.75,-55.29,-55.8
-8.61,-103.59,-307.78,-28.97,-55.14,-55.66
-8.27,-103.26,-308.24,-29.18,-55,-55.51
-7.96,-103.01,-308.7,-29.39,-54.85,-55.37
-7.63,-102.77,-309.16,-29.62,-54.69,-55.25
-7.29,-102.5,-309.59,-29.86,-54.53,-55.11
-6.99,-102.28,-310.07,-30.07,-54.38,-54.97
-6.67,-102.01,-310.53,-30.27,-54.25,-54.82
-6.34,-101.68,-310.98,-30.5,-54.12,-54.68
-6.05,-101.44,-311.46,-30.96,-53.76,-54.41
-5.74,-101.17,-311.92,-31.19,-53.57,-54.26
-5.43,-100.91,-312.37,-31.44,-53.37,-54.15
-5.11,-100.65,-312.85,-31.73,-53.22,-54.01
-4.81,-100.37,-313.35,-32.02,-53.1,-53.85
-4.44,-100,-313.84,-32.31,-52.96,-53.69
-4.11,-99.68,-314.39,-32.62,-52.83,-53.52
-3.8,-99.38,-314.96,-32.9,-52.69,-53.36
-3.49,-99.04,-315.51,-33.21,-52.53,-53.17
-3.21,-98.72,-316.09,-33.5,-52.39,-53.01
-2.9,-98.34,-316.67,-33.82,-52.26,-52.85
-2.56,-97.94,-317.22,-34.15,-52.12,-52.68
-2.28,-97.67,-317.77,-34.47,-51.95,-52.5
-2.03,-97.48,-318.31,-34.77,-51.71,-52.35
-1.81,-97.35,-318.84,-35.04,-51.5,-52.18
-1.52,-97.11,-319.34,-35.33,-51.29,-52.02
-1.23,-96.89,-319.85,-35.91,-50.84,-51.68
-0.95,-96.68,-320.36,-36.16,-50.62,-51.54
-0.63,-96.39,-320.84,-36.44,-50.37,-51.4
-0.38,-96.17,-321.34,-36.69,-50.14,-51.25
-0.11,-96,-321.83,-36.94,-49.89,-51.12
0.15,-95.8,-322.31,-37.21,-49.63,-50.99
0.39,-95.6,-322.8,-37.44,-49.38,-50.86
0.61,-95.41,-323.27,-37.65,-49.14,-50.74
0.86,-95.19,-323.7,-37.92,-48.86,-50.62
1.12,-94.99,-324.11,-38.19,-48.56,-50.51
1.37,-94.86,-324.56,-38.45,-48.29,-50.41
1.71,-94.54,-325.02,-38.7,-48.04,-50.28
2.01,-94.22,-325.51,-38.97,-47.87,-50.12
2.33,-93.93,-326.03,-39.26,-47.71,-49.95
2.65,-93.67,-326.53,-39.58,-47.45,-49.76
2.95,-93.45,-327.06,-39.89,-47.18,-49.6
3.25,-93.19,-327.6,-40.47,-46.74,-49.26
3.59,-92.88,-328.11,-40.82,-46.55,-49.06
3.89,-92.63,-328.64,-41.19,-46.3,-48.86
4.22,-92.37,-329.2,-41.52,-46.04,-48.68
4.57,-92.04,-329.78,-41.81,-45.82,-48.48
4.92,-91.53,-330.4,-42.12,-45.7,-48.27
5.26,-91.03,-331.02,-42.47,-45.56,-48.04
5.63,-90.63,-331.63,-42.84,-45.38,-47.82
5.99,-90.37,-332.22,-43.17,-45.17,-47.62
6.33,-90.14,-332.81,-43.49,-44.94,-47.44
6.69,-89.81,-333.36,-43.79,-44.74,-47.23
6.98,-89.59,-333.92,-44.1,-44.51,-47.02
7.28,-89.4,-334.5,-44.43,-44.3,-46.82
7.6,-89.11,-335.06,-44.76,-44.09,-46.62
7.9,-88.8,-335.67,-45.09,-43.87,-46.43
8.19,-88.5,-336.27,-45.44,-43.66,-46.21
8.47,-88.29,-336.81,-46.09,-43.12,-45.76
8.69,-88.22,-337.37,-46.38,-42.83,-45.58
8.94,-88.03,-337.92,-46.66,-42.56,-45.39
9.23,-87.74,-338.42,-46.93,-42.35,-45.21
9.52,-87.55,-338.92,-47.17,-42.13,-45.04
9.78,-87.44,-339.42,-47.41,-41.87,-44.89
10.09,-87.22,-339.85,-47.67,-41.6,-44.75
10.36,-87.05,-340.31,-47.92,-41.38,-44.56
10.64,-86.85,-340.78,-48.12,-41.23,-44.41
10.98,-86.5,-341.24,-48.37,-41.1,-44.29
11.33,-86.11,-341.73,-48.68,-40.97,-44.13
11.69,-85.72,-342.22,-48.98,-40.79,-43.99
12.04,-85.37,-342.72,-49.32,-40.56,-43.83
12.4,-85.06,-343.23,-49.67,-40.32,-43.65
12.74,-84.82,-343.76,-50,-40.06,-43.42
13.07,-84.63,-344.33,-50.68,-39.65,-42.95
13.42,-84.34,-344.91,-51.02,-39.48,-42.74
13.76,-83.96,-345.55,-51.4,-39.29,-42.52
14.11,-83.52,-346.21,-51.8,-39.09,-42.28
14.42,-83.14,-346.83,-52.21,-38.79,-41.96
14.63,-83.09,-347.41,-52.57,-38.42,-41.66
14.81,-83.15,-347.95,-52.88,-38.06,-41.39
15.05,-83.1,-348.43,-53.2,-37.68,-41.12
15.3,-83.01,-348.91,-53.51,-37.35,-40.86
15.56,-82.87,-349.41,-53.8,-37.08,-40.61
15.87,-82.6,-349.89,-54.12,-36.82,-40.34
16.15,-82.34,-350.41,-54.42,-36.57,-40.1
16.46,-81.96,-350.95,-54.71,-36.34,-39.89
16.81,-81.47,-351.49,-55.11,-36.06,-39.67
17.15,-81.05,-352.06,-55.45,-35.83,-39.45
17.49,-80.63,-352.65,-55.81,-35.62,-39.24
17.85,-80.16,-353.23,-56.6,-35.09,-38.82
18.15,-79.81,-353.86,-57.02,-34.8,-38.56
18.45,-79.43,-354.49,-57.42,-34.55,-38.35
18.78,-78.98,-355.11,-57.81,-34.3,-38.14
19.1,-78.55,-355.76,-58.23,-34.03,-37.94
19.38,-78.12,-356.39,-58.63,-33.73,-37.76
19.66,-77.74,-356.96,-59.08,-33.33,-37.53
19.88,-77.54,-357.5,-59.53,-32.88,-37.28
20.08,-77.53,-358.01,-59.96,-32.41,-36.99
20.27,-77.58,-358.52,-60.35,-31.95,-36.67
20.45,-77.61,-359.05,-60.78,-31.52,-36.36
20.65,-77.52,-359.62,-61.15,-31.18,-36.12
20.91,-77.2,-360.2,-61.49,-30.9,-35.85
21.1,-76.92,-360.8,-61.89,-30.55,-35.61
21.29,-76.76,-361.38,-62.32,-30.18,-35.36
21.5,-76.6,-361.93,-62.74,-29.81,-35.15
21.68,-76.35,-362.47,-63.33,-29.24,-34.88
21.89,-75.99,-363.01,-63.61,-28.99,-34.78
22.1,-75.57,-363.52,-63.85,-28.75,-34.68
22.28,-75.24,-363.96,-64.08,-28.49,-34.61
22.47,-75,-364.33,-64.27,-28.2,-34.57
22.65,-74.82,-364.62,-64.37,-27.9,-34.58
22.91,-74.58,-364.86,-64.42,-27.64,-34.61
23.15,-74.34,-365.06,-64.46,-27.44,-34.65
23.42,-74.03,-365.23,-64.48,-27.27,-34.69
23.72,-73.69,-365.39,-64.5,-27.11,-34.74
24,-73.37,-365.55,-64.49,-26.98,-34.77
24.28,-73.11,-365.71,-64.46,-26.88,-34.8
24.63,-72.78,-365.86,-64.48,-26.77,-34.85
24.96,-72.47,-366.02,-64.49,-26.65,-34.88
25.28,-72.13,-366.2,-64.47,-26.55,-34.89
25.6,-71.77,-366.38,-64.46,-26.48,-34.9
25.9,-71.49,-366.57,-64.49,-26.33,-34.9
26.18,-71.23,-366.76,-64.5,-26.26,-34.91
26.48,-70.91,-366.95,-64.52,-26.18,-34.93
26.72,-70.67,-367.17,-64.55,-26.13,-34.94
26.96,-70.42,-367.38,-64.58,-26.05,-34.95
27.21,-70.11,-367.58,-64.61,-25.96,-34.97
27.42,-69.85,-367.79,-64.63,-25.87,-34.99
27.61,-69.66,-367.99,-64.64,-25.83,-35.01
27.81,-69.42,-368.19,-64.69,-25.78,-35.03
28,-69.22,-368.39,-64.76,-25.68,-35.07
28.15,-69.06,-368.6,-64.79,-25.6,-35.1
28.3,-68.89,-368.81,-64.8,-25.55,-35.14
28.43,-68.7,-369,-64.83,-25.48,-35.18
28.56,-68.53,-369.18,-64.85,-25.42,-35.23
28.7,-68.37,-369.37,-64.87,-25.35,-35.27
28.82,-68.2,-369.57,-64.9,-25.3,-35.3
28.92,-68.04,-369.76,-64.93,-25.24,-35.4
29.05,-67.86,-369.95,-64.96,-25.2,-35.44
29.15,-67.7,-370.17,-64.99,-25.17,-35.48
29.23,-67.55,-370.39,-65.01,-25.16,-35.5
29.3,-67.41,-370.62,-65.05,-25.16,-35.51
29.39,-67.27,-370.83,-65.09,-25.13,-35.54
29.48,-67.1,-371.05,-65.13,-25.07,-35.58
29.59,-66.97,-371.27,-65.14,-25.02,-35.6
29.65,-66.88,-371.49,-65.16,-25.01,-35.62
29.74,-66.75,-371.71,-65.18,-25.02,-35.65
29.87,-66.56,-371.92,-65.2,-24.99,-35.69
29.96,-66.47,-372.13,-65.23,-24.94,-35.71
29.98,-66.48,-372.35,-65.24,-24.91,-35.71
30.05,-66.41,-372.57,-65.24,-24.94,-35.73
30.14,-66.27,-372.78,-65.27,-24.92,-35.75
30.2,-66.19,-373,-65.32,-24.85,-35.79
30.26,-66.14,-373.23,-65.33,-24.85,-35.8
30.34,-66.04,-373.45,-65.36,-24.84,-35.82
30.41,-65.95,-373.68,-65.41,-24.8,-35.84
30.46,-65.9,-373.91,-65.44,-24.77,-35.86
30.51,-65.83,-374.15,-65.46,-24.76,-35.89
30.54,-65.77,-374.38,-65.48,-24.75,-35.9
30.58,-65.72,-374.6,-65.49,-24.73,-35.93
30.64,-65.62,-374.8,-65.49,-24.7,-35.96
30.67,-65.55,-375,-65.49,-24.68,-35.99
30.72,-65.53,-375.21,-65.49,-24.67,-36.04
30.79,-65.43,-375.4,-65.49,-24.66,-36.07
30.84,-65.35,-375.59,-65.51,-24.63,-36.1
30.88,-65.31,-375.8,-65.5,-24.6,-36.13
30.9,-65.25,-376.02,-65.48,-24.61,-36.16
30.94,-65.19,-376.23,-65.5,-24.62,-36.18
30.99,-65.14,-376.44,-65.52,-24.57,-36.25
31.04,-65.07,-376.64,-65.51,-24.56,-36.28
31.06,-65.06,-376.85,-65.51,-24.57,-36.3
31.11,-64.99,-377.07,-65.54,-24.56,-36.32
31.18,-64.9,-377.28,-65.58,-24.54,-36.35
31.21,-64.89,-377.5,-65.58,-24.54,-36.36
31.21,-64.88,-377.73,-65.61,-24.53,-36.37
31.25,-64.8,-377.96,-65.62,-24.53,-36.38
31.29,-64.75,-378.21,-65.65,-24.53,-36.38
31.3,-64.71,-378.47,-65.68,-24.54,-36.38
31.35,-64.62,-378.71,-65.71,-24.52,-36.39
31.37,-64.59,-378.97,-65.75,-24.51,-36.38
31.36,-64.59,-379.23,-65.78,-24.5,-36.38
31.41,-64.51,-379.48,-65.84,-24.46,-36.38
31.38,-64.54,-379.75,-65.87,-24.42,-36.38
31.38,-64.54,-380.01,-65.9,-24.41,-36.37
31.43,-64.46,-380.26,-65.95,-24.37,-36.37
31.44,-64.43,-380.51,-65.98,-24.33,-36.38
31.48,-64.42,-380.75,-66,-24.29,-36.4
31.52,-64.4,-380.97,-66,-24.25,-36.42
31.54,-64.41,-381.18,-66.01,-24.21,-36.45
31.56,-64.39,-381.39,-66,-24.18,-36.48
31.55,-64.43,-381.6,-66,-24.14,-36.51
31.58,-64.4,-381.81,-65.98,-24.14,-36.54
31.58,-64.38,-382.01,-65.95,-24.16,-36.57
31.59,-64.35,-382.21,-65.94,-24.15,-36.6
31.62,-64.28,-382.39,-65.93,-24.11,-36.66
31.65,-64.26,-382.56,-65.89,-24.1,-36.71
31.66,-64.26,-382.73,-65.85,-24.11,-36.75
31.71,-64.17,-382.88,-65.81,-24.13,-36.79
31.72,-64.17,-383.06,-65.79,-24.13,-36.84
31.73,-64.13,-383.24,-65.75,-24.15,-36.88
31.78,-64.02,-383.43,-65.71,-24.22,-36.94
31.81,-63.98,-383.62,-65.71,-24.23,-36.98
31.83,-63.95,-383.83,-65.7,-24.25,-37.01
31.89,-63.85,-384.02,-65.71,-24.26,-37.03
31.93,-63.81,-384.22,-65.72,-24.26,-37.06
31.97,-63.8,-384.42,-65.74,-24.26,-37.08
32.02,-63.72,-384.63,-65.75,-24.27,-37.11
32.02,-63.72,-384.85,-65.79,-24.26,-37.14
32.03,-63.74,-385.1,-65.82,-24.25,-37.15
32.05,-63.66,-385.35,-65.84,-24.25,-37.17
32.03,-63.64,-385.6,-65.89,-24.24,-37.18
32,-63.68,-385.85,-65.93,-24.23,-37.21
31.99,-63.66,-386.07,-65.97,-24.18,-37.24
31.94,-63.67,-386.29,-65.98,-24.13,-37.27
31.87,-63.71,-386.5,-65.98,-24.12,-37.31
31.84,-63.72,-386.7,-65.99,-24.1,-37.44
31.81,-63.75,-386.9,-66.02,-24.04,-37.52
31.78,-63.75,-387.09,-66.03,-24.02,-37.6
31.76,-63.72,-387.28,-66.03,-23.99,-37.67
31.7,-63.74,-387.45,-66.02,-23.98,-37.76
31.67,-63.75,-387.63,-66.01,-23.98,-37.83
31.67,-63.69,-387.82,-66.01,-23.99,-37.9
31.66,-63.64,-388.02,-66.02,-23.97,-37.95
31.62,-63.65,-388.21,-66,-24,-37.99
31.6,-63.67,-388.42,-66,-24.04,-38.04
31.62,-63.63,-388.63,-66,-24.07,-38.07
31.65,-63.6,-388.83,-65.99,-24.07,-38.11
31.69,-63.61,-389.03,-65.97,-24.06,-38.17
31.72,-63.65,-389.22,-65.93,-24.06,-38.22
31.72,-63.7,-389.41,-65.91,-24.07,-38.25
31.7,-63.7,-389.61,-65.9,-24.05,-38.28
31.65,-63.73,-389.82,-65.83,-24.11,-38.35
31.6,-63.78,-390.03,-65.83,-24.13,-38.38
31.59,-63.77,-390.24,-65.82,-24.13,-38.4
31.62,-63.75,-390.45,-65.78,-24.18,-38.42
31.62,-63.75,-390.68,-65.77,-24.23,-38.43
31.66,-63.74,-390.89,-65.75,-24.26,-38.43
31.73,-63.71,-391.09,-65.72,-24.26,-38.44
31.78,-63.71,-391.31,-65.7,-24.28,-38.44
31.84,-63.71,-391.52,-65.69,-24.31,-38.44
31.92,-63.68,-391.74,-65.67,-24.36,-38.44
31.95,-63.7,-391.98,-65.66,-24.41,-38.44
31.99,-63.7,-392.19,-65.69,-24.41,-38.45
32.05,-63.68,-392.41,-65.69,-24.41,-38.47
32.05,-63.71,-392.65,-65.68,-24.45,-38.48
32.06,-63.7,-392.88,-65.7,-24.48,-38.49
32.07,-63.66,-393.09,-65.73,-24.47,-38.52
32.06,-63.65,-393.32,-65.74,-24.48,-38.57
32.01,-63.67,-393.54,-65.75,-24.49,-38.6
31.99,-63.66,-393.76,-65.8,-24.46,-38.64
31.97,-63.65,-393.97,-65.82,-24.42,-38.68
31.96,-63.65,-394.18,-65.82,-24.39,-38.72
31.95,-63.67,-394.38,-65.85,-24.35,-38.76
31.91,-63.71,-394.6,-65.88,-24.33,-38.8
31.89,-63.7,-394.82,-65.88,-24.33,-38.83
31.9,-63.67,-395.05,-65.9,-24.34,-38.86
31.87,-63.66,-395.29,-65.92,-24.34,-38.89
31.8,-63.7,-395.53,-65.91,-24.37,-38.91
31.8,-63.65,-395.75,-65.92,-24.4,-38.94
31.79,-63.62,-395.98,-65.94,-24.4,-38.97
31.78,-63.55,-396.24,-65.98,-24.42,-39
31.81,-63.44,-396.5,-66.02,-24.47,-38.99
31.8,-63.27,-396.78,-66.06,-24.53,-38.98
31.81,-63.02,-397.09,-66.18,-24.63,-38.98
31.87,-62.87,-397.43,-66.3,-24.67,-38.98
31.87,-62.83,-397.79,-66.44,-24.71,-39.02
31.91,-62.64,-398.16,-66.6,-24.75,-39.11
32.01,-62.35,-398.55,-66.81,-24.77,-39.2
32.09,-62.07,-398.97,-67.05,-24.8,-39.29
32.12,-61.88,-399.4,-67.26,-24.88,-39.37
32.15,-61.63,-399.85,-67.46,-25.01,-39.52
32.16,-61.34,-400.36,-67.68,-25.08,-39.65
32.17,-61.08,-400.88,-67.94,-25.09,-39.75
32.14,-60.89,-401.42,-68.23,-25.12,-39.83
32.15,-60.66,-401.94,-68.49,-25.18,-39.93
32.18,-60.4,-402.47,-68.77,-25.21,-40.02
32.21,-60.25,-403,-69.04,-25.22,-40.08
32.25,-60.18,-403.51,-69.28,-25.22,-40.13
32.26,-60.13,-404.04,-69.69,-25.28,-40.28
32.35,-59.9,-404.6,-69.89,-25.38,-40.34
32.5,-59.6,-405.15,-70.13,-25.46,-40.4
32.62,-59.33,-405.74,-70.37,-25.51,-40.45
32.78,-59.06,-406.31,-70.56,-25.56,-40.49
32.99,-58.8,-406.86,-70.78,-25.58,-40.51
33.2,-58.65,-407.43,-71,-25.56,-40.52
33.37,-58.57,-407.99,-71.19,-25.48,-40.51
33.55,-58.51,-408.53,-71.42,-25.35,-40.49
33.67,-58.54,-409.09,-71.53,-25.29,-40.45
33.79,-58.54,-409.65,-71.68,-25.26,-40.4
33.97,-58.43,-410.18,-71.85,-25.2,-40.32
34.04,-58.48,-410.74,-71.97,-25.18,-40.28
34.15,-58.49,-411.26,-72.06,-25.14,-40.29
34.33,-58.37,-411.72,-72.15,-25.03,-40.33
34.46,-58.33,-412.19,-72.22,-24.96,-40.37
34.6,-58.3,-412.62,-72.27,-24.82,-40.49
34.78,-58.16,-413.01,-72.23,-24.77,-40.57
34.96,-58,-413.42,-72.2,-24.8,-40.66
35.18,-57.75,-413.85,-72.2,-24.88,-40.76
35.45,-57.36,-414.28,-72.2,-24.96,-40.84
35.72,-57.03,-414.73,-72.21,-25.01,-40.92
35.97,-56.84,-415.19,-72.2,-25.06,-40.99
36.28,-56.55,-415.67,-72.19,-25.14,-41.03
36.59,-56.22,-416.16,-72.22,-25.26,-41.08
36.92,-55.84,-416.68,-72.24,-25.35,-41.14
37.28,-55.51,-417.2,-72.29,-25.42,-41.15
37.53,-55.27,-417.77,-72.33,-25.45,-41.15
37.82,-55.02,-418.34,-72.35,-25.45,-41.09
38.09,-54.85,-418.89,-72.36,-25.44,-41.06
38.37,-54.74,-419.44,-72.42,-25.36,-41.03
38.65,-54.59,-419.98,-72.49,-25.28,-40.99
38.98,-54.33,-420.52,-72.52,-25.26,-40.92
39.28,-54.11,-421.12,-72.55,-25.29,-40.89
39.56,-53.85,-421.75,-72.56,-25.34,-40.87
39.83,-53.57,-422.39,-72.55,-25.39,-40.83
40.14,-53.25,-423.01,-72.53,-25.51,-40.81
40.43,-52.97,-423.66,-72.5,-25.6,-40.79
40.73,-52.56,-424.29,-72.46,-25.65,-40.77
41.05,-52.16,-424.89,-72.42,-25.7,-40.77
41.33,-51.92,-425.49,-72.37,-25.69,-40.76
41.64,-51.68,-426.08,-72.35,-25.68,-40.76
41.95,-51.49,-426.63,-72.32,-25.7,-40.77
42.2,-51.41,-427.21,-72.26,-25.62,-40.76
42.44,-51.18,-427.76,-72.21,-25.51,-40.77
42.68,-50.97,-428.29,-72.13,-25.45,-40.78
42.92,-50.83,-428.81,-72.03,-25.46,-40.79
43.22,-50.62,-429.31,-71.93,-25.44,-40.82
43.54,-50.37,-429.79,-71.72,-25.35,-40.9
43.86,-50.15,-430.29,-71.64,-25.33,-40.93
44.16,-50,-430.78,-71.52,-25.35,-40.95
44.53,-49.69,-431.24,-71.38,-25.43,-40.96
44.91,-49.38,-431.74,-71.28,-25.54,-40.91
45.31,-49.08,-432.28,-71.15,-25.6,-40.82
45.7,-48.8,-432.82,-71.04,-25.61,-40.75
46.08,-48.59,-433.38,-70.95,-25.59,-40.7
46.49,-48.47,-433.93,-70.87,-25.6,-40.64
46.91,-48.22,-434.48,-70.82,-25.64,-40.57
47.32,-47.89,-435.05,-70.71,-25.82,-40.53
47.74,-47.58,-435.65,-70.64,-25.92,-40.51
48.19,-47.22,-436.27,-70.59,-25.97,-40.49
48.58,-46.75,-436.91,-70.53,-26.02,-40.48
48.93,-46.31,-437.57,-70.45,-26.13,-40.44
49.31,-45.92,-438.22,-70.27,-26.15,-40.36
49.61,-45.65,-438.9,-70.23,-26.12,-40.33
49.95,-45.32,-439.53,-70.2,-25.98,-40.27
50.33,-45.07,-440.12,-70.17,-25.75,-40.22
50.7,-44.94,-440.75,-70.14,-25.58,-40.18
51.02,-44.84,-441.4,-70.13,-25.4,-40.13
51.35,-44.6,-442.01,-70.05,-25.27,-40.09
51.66,-44.35,-442.65,-69.94,-25.21,-40.07
51.89,-44.16,-443.29,-69.83,-25.09,-40.01
52.17,-43.91,-443.91,-69.75,-24.93,-40.01
52.51,-43.64,-444.5,-69.67,-24.81,-39.98
52.81,-43.41,-445.11,-69.52,-24.76,-39.98
53.11,-43.13,-445.72,-69.39,-24.77,-39.99
53.47,-42.78,-446.29,-69.26,-24.61,-40
53.78,-42.52,-446.9,-69.2,-24.49,-40.06
54.04,-42.36,-447.52,-69.1,-24.38,-40.05
54.27,-42.07,-448.08,-68.71,-24.63,-39.99
54.45,-41.75,-448.66,-68.48,-24.67,-39.9
54.61,-41.45,-449.22,-68.22,-24.72,-39.88
54.83,-41.02,-449.77,-68,-24.75,-39.82
55.06,-40.73,-450.32,-67.82,-24.85,-39.78
55.34,-40.5,-450.89,-67.65,-24.64,-39.72
55.65,-40.27,-451.47,-67.54,-24.43,-39.68
55.99,-39.98,-452.05,-67.37,-24.38,-39.64
56.3,-39.68,-452.67,-67.16,-24.53,-39.59
56.59,-39.27,-453.29,-66.9,-24.55,-39.52
56.84,-38.71,-453.91,-66.64,-24.55,-39.47
57.12,-38.24,-454.49,-66.45,-24.5,-39.42
57.39,-37.95,-455.02,-66.13,-24.43,-39.4
57.64,-37.72,-455.53,-65.82,-24.22,-39.36
57.86,-37.41,-456.07,-65.61,-24.01,-39.37
58.14,-36.99,-456.61,-65.13,-23.92,-39.3
58.28,-36.52,-457.25,-64.86,-23.87,-39.24
58.45,-36,-457.93,-64.6,-23.79,-39.18
58.66,-35.54,-458.6,-64.45,-23.6,-39.12
58.88,-35.22,-459.29,-64.26,-23.42,-39.05
59.04,-34.85,-459.95,-64.14,-23.33,-38.96
59.28,-34.41,-460.59,-63.96,-23.12,-38.88
59.56,-34.17,-461.19,-63.72,-22.89,-38.82
59.78,-33.96,-461.77,-63.49,-22.63,-38.76
60.02,-33.6,-462.29,-63.27,-22.41,-38.7
60.32,-33.3,-462.78,-63.05,-22.18,-38.65
60.54,-33.08,-463.23,-62.78,-21.94,-38.62
60.75,-32.69,-463.65,-62.55,-21.73,-38.62
60.93,-32.25,-464.1,-62.32,-21.61,-38.63
61.09,-31.88,-464.59,-62.12,-21.53,-38.66
61.22,-31.57,-465.11,-61.95,-21.4,-38.71
61.27,-31.22,-465.69,-61.62,-21.26,-38.82
61.28,-30.74,-466.29,-61.51,-21.12,-38.87
61.29,-30.32,-466.91,-61.37,-20.86,-38.91
61.27,-30.07,-467.51,-61.27,-20.48,-38.94
61.14,-29.93,-468.08,-61.16,-20.12,-38.96
60.96,-29.94,-468.61,-61.03,-19.83,-39
60.83,-29.79,-469.09,-60.85,-19.69,-39.05
60.65,-29.47,-469.61,-60.59,-19.61,-39.07
60.54,-28.95,-470.19,-60.33,-19.55,-39.13
60.54,-28.44,-470.77,-60.06,-19.44,-39.17
60.53,-28.14,-471.35,-59.77,-19.33,-39.22
60.49,-27.74,-471.92,-59.51,-19.3,-39.27
60.48,-27.25,-472.49,-59.22,-19.29,-39.32
60.48,-26.87,-473.05,-58.85,-19.24,-39.34
60.46,-26.54,-473.59,-58.58,-19.18,-39.4
60.42,-26.08,-474.09,-57.87,-19.22,-39.43
60.34,-25.58,-474.61,-57.54,-19.23,-39.44
60.26,-25.13,-475.14,-57.18,-19.15,-39.48
60.25,-24.74,-475.66,-56.83,-19.01,-39.48
60.15,-24.45,-476.14,-56.49,-18.98,-39.48
60.02,-24.09,-476.59,-56.12,-18.91,-39.49
59.94,-23.61,-477.03,-55.78,-18.89,-39.51
59.81,-23.08,-477.5,-55.44,-18.85,-39.51
59.67,-22.61,-477.97,-55.12,-18.92,-39.55
59.56,-22.22,-478.47,-54.79,-18.92,-39.59
59.41,-21.78,-478.99,-54.48,-18.91,-39.64
59.22,-21.3,-479.55,-54.22,-18.95,-39.65
59.05,-20.88,-480.07,-53.93,-18.83,-39.63
58.82,-20.65,-480.59,-53.64,-18.71,-39.59
58.56,-20.36,-481.1,-53.33,-18.65,-39.61
58.42,-19.97,-481.59,-53.03,-18.56,-39.62
58.24,-19.64,-482.05,-52.35,-18.41,-39.67
58.06,-19.35,-482.49,-52.02,-18.33,-39.7
57.88,-18.96,-482.89,-51.69,-18.22,-39.73
57.71,-18.59,-483.3,-51.35,-18.1,-39.77
57.58,-18.3,-483.7,-51.01,-17.99,-39.82
57.48,-17.95,-484.08,-50.67,-17.88,-39.84
57.33,-17.6,-484.46,-50.35,-17.71,-39.84
57.22,-17.31,-484.84,-50.01,-17.47,-39.83
57.09,-17.02,-485.18,-49.69,-17.27,-39.81
56.9,-16.8,-485.56,-49.39,-17.18,-39.8
56.77,-16.35,-485.96,-49.11,-17.12,-39.78
56.68,-15.84,-486.41,-48.87,-17.05,-39.77
56.55,-15.39,-486.88,-48.68,-16.96,-39.72
56.4,-15.19,-487.44,-48.5,-16.74,-39.67
56.15,-14.9,-488.01,-48.41,-16.65,-39.64
55.99,-14.61,-488.65,-48.1,-16.62,-39.47
55.74,-14.38,-489.29,-48.06,-16.55,-39.43
55.47,-14.22,-489.98,-47.95,-16.57,-39.38
55.33,-13.89,-490.69,-47.81,-16.46,-39.27
55.2,-13.68,-491.39,-47.66,-16.25,-39.16
55.06,-13.61,-492.01,-47.43,-15.95,-39.05
55,-13.63,-492.48,-47.15,-15.72,-38.92
54.86,-13.63,-492.8,-46.83,-15.55,-38.85
54.77,-13.6,-493.04,-46.49,-15.4,-38.82
54.81,-13.51,-493.24,-46.09,-15.15,-38.77
54.7,-13.46,-493.4,-45.67,-14.97,-38.76
54.58,-13.39,-493.52,-45.26,-14.8,-38.7
54.46,-13.19,-493.57,-44.82,-14.73,-38.69
54.36,-12.96,-493.65,-44.39,-14.56,-38.73
54.22,-12.72,-493.73,-44.02,-14.5,-38.73
54.04,-12.47,-493.82,-43.27,-14.32,-38.84
53.9,-12.18,-493.93,-42.94,-14.3,-38.88
53.63,-11.99,-494.04,-42.62,-14.22,-38.94
53.51,-11.8,-494.17,-42.36,-14.1,-39.01
53.33,-11.59,-494.29,-42.06,-14.02,-39.07
53.17,-11.39,-494.42,-41.8,-13.81,-39.11
53.04,-11.18,-494.55,-41.58,-13.73,-39.14
52.85,-11.05,-494.72,-41.33,-13.64,-39.15
52.76,-10.84,-494.9,-41.09,-13.54,-39.18
52.69,-10.69,-495.06,-40.86,-13.48,-39.19
52.63,-10.58,-495.22,-40.61,-13.41,-39.23
52.62,-10.45,-495.35,-40.41,-13.29,-39.28
52.59,-10.28,-495.47,-40.24,-13.21,-39.3
52.53,-10.23,-495.61,-40.06,-13.14,-39.33
52.49,-10.06,-495.8,-39.87,-13.12,-39.38
52.55,-9.88,-495.98,-39.7,-13.03,-39.38
52.51,-9.87,-496.11,-39.38,-12.89,-39.44
52.41,-9.93,-496.25,-39.23,-12.89,-39.48
52.39,-9.83,-496.38,-39.1,-12.88,-39.52
52.37,-9.67,-496.52,-38.97,-12.85,-39.57
52.37,-9.69,-496.7,-38.87,-12.81,-39.63
52.35,-9.58,-496.87,-38.79,-12.8,-39.67
52.32,-9.51,-497.05,-38.69,-12.72,-39.72
52.31,-9.54,-497.25,-38.6,-12.71,-39.76
52.26,-9.45,-497.43,-38.51,-12.71,-39.79
52.25,-9.32,-497.62,-38.43,-12.65,-39.82
52.23,-9.3,-497.82,-38.36,-12.67,-39.84
52.21,-9.26,-498.02,-38.28,-12.65,-39.87
52.25,-9.23,-498.23,-38.23,-12.59,-39.91
52.22,-9.22,-498.44,-38.17,-12.61,-39.92
52.19,-9.09,-498.65,-38.09,-12.62,-39.95
52.25,-8.93,-498.86,-38.03,-12.62,-39.99
52.25,-8.91,-499.06,-37.92,-12.54,-39.99
52.24,-8.95,-499.25,-37.86,-12.54,-40.01
52.24,-8.85,-499.45,-37.78,-12.57,-40.03
52.32,-8.84,-499.66,-37.72,-12.6,-40.05
52.35,-8.78,-499.85,-37.66,-12.59,-40.04
52.4,-8.7,-500.02,-37.59,-12.6,-40.06
52.42,-8.71,-500.23,-37.57,-12.59,-40.08
52.4,-8.75,-500.42,-37.54,-12.58,-40.09
52.43,-8.72,-500.62,-37.51,-12.54,-40.1
52.44,-8.68,-500.84,-37.46,-12.57,-40.11
52.48,-8.66,-501.05,-37.45,-12.53,-40.15
52.54,-8.64,-501.23,-37.46,-12.49,-40.18
52.55,-8.72,-501.43,-37.46,-12.46,-40.23
52.54,-8.72,-501.63,-37.45,-12.46,-40.23
52.58,-8.66,-501.85,-37.39,-12.43,-40.24
52.53,-8.58,-502.05,-37.29,-12.45,-40.28
52.58,-8.65,-502.24,-37.25,-12.41,-40.31
52.64,-8.62,-502.42,-37.22,-12.38,-40.31
52.61,-8.63,-502.61,-37.17,-12.36,-40.31
52.61,-8.68,-502.78,-37.12,-12.34,-40.34
52.65,-8.68,-502.93,-37.06,-12.36,-40.36
52.68,-8.64,-503.1,-37.01,-12.34,-40.39
52.72,-8.65,-503.27,-36.98,-12.28,-40.4
52.76,-8.69,-503.43,-36.93,-12.28,-40.42
52.75,-8.72,-503.59,-36.9,-12.28,-40.45
52.78,-8.69,-503.8,-36.87,-12.28,-40.48
52.82,-8.65,-503.99,-36.85,-12.27,-40.49
52.86,-8.75,-504.17,-36.84,-12.27,-40.51
52.84,-8.78,-504.34,-36.85,-12.36,-40.54
52.8,-8.73,-504.57,-36.83,-12.42,-40.56
52.86,-8.62,-504.82,-36.8,-12.43,-40.58
52.85,-8.66,-505.02,-36.76,-12.43,-40.6
52.89,-8.76,-505.21,-36.78,-12.46,-40.64
52.91,-8.75,-505.37,-36.77,-12.48,-40.66
52.9,-8.76,-505.56,-36.77,-12.47,-40.67
52.91,-8.71,-505.76,-36.78,-12.46,-40.68
52.92,-8.68,-505.95,-36.79,-12.49,-40.71
52.93,-8.73,-506.17,-36.81,-12.51,-40.73
52.97,-8.68,-506.4,-36.86,-12.5,-40.75
52.99,-8.65,-506.63,-36.92,-12.54,-40.77
52.98,-8.65,-506.9,-36.96,-12.58,-40.78
52.97,-8.67,-507.19,-37.02,-12.59,-40.79
52.95,-8.6,-507.47,-37.04,-12.62,-40.78
52.89,-8.67,-507.76,-37.05,-12.61,-40.79
52.89,-8.77,-508.02,-37.04,-12.54,-40.79
53,-8.87,-508.2,-37,-12.38,-40.83
53.02,-9.02,-508.3,-37.04,-12.34,-40.86
53.03,-9.2,-508.41,-36.96,-12.2,-40.91
53.09,-9.18,-508.5,-36.9,-12.22,-40.95
53.08,-9.21,-508.6,-36.85,-12.25,-41.01
53.13,-9.27,-508.71,-36.8,-12.27,-41.06
53.19,-9.16,-508.84,-36.76,-12.26,-41.11
53.21,-9.09,-508.98,-36.69,-12.24,-41.16
53.28,-9.22,-509.11,-36.65,-12.09,-41.22
53.36,-9.39,-509.16,-36.6,-12.02,-41.29
53.34,-9.54,-509.16,-36.54,-12.02,-41.33
53.28,-9.59,-509.17,-36.47,-12.06,-41.39
53.31,-9.59,-509.25,-36.42,-12.07,-41.45
53.31,-9.49,-509.34,-36.41,-12.16,-41.49
53.36,-9.42,-509.48,-36.42,-12.18,-41.55
53.42,-9.34,-509.67,-36.41,-12.22,-41.6
53.48,-9.32,-509.87,-36.44,-12.21,-41.64
53.49,-9.3,-510.07,-36.55,-12.23,-41.7
53.52,-9.3,-510.29,-36.63,-12.23,-41.72
53.53,-9.32,-510.54,-36.7,-12.22,-41.72
53.52,-9.37,-510.8,-36.76,-12.22,-41.76
53.56,-9.43,-511.03,-36.85,-12.26,-41.79
53.6,-9.52,-511.27,-36.9,-12.27,-41.82
53.65,-9.59,-511.49,-36.95,-12.21,-41.84
53.64,-9.65,-511.67,-37.02,-12.21,-41.85
53.64,-9.78,-511.87,-37.06,-12.24,-41.88
53.64,-9.78,-512.11,-37.09,-12.26,-41.9
53.69,-9.73,-512.35,-37.15,-12.29,-41.91
53.69,-9.77,-512.64,-37.21,-12.3,-41.91
53.69,-9.81,-512.95,-37.24,-12.3,-41.93
53.72,-9.88,-513.25,-37.29,-12.36,-41.96
53.81,-9.88,-513.54,-37.31,-12.4,-41.97
53.84,-9.82,-513.82,-37.33,-12.45,-42.01
53.88,-9.86,-514.08,-37.42,-12.35,-42.06
53.87,-9.98,-514.3,-37.45,-12.37,-42.05
53.78,-10.06,-514.51,-37.46,-12.41,-42.08
53.78,-9.97,-514.75,-37.47,-12.38,-42.1
53.81,-9.91,-514.99,-37.48,-12.38,-42.11
53.8,-10.01,-515.23,-37.5,-12.39,-42.15
53.82,-10.02,-515.45,-37.48,-12.42,-42.18
53.85,-9.94,-515.68,-37.47,-12.42,-42.2
53.81,-9.96,-515.92,-37.47,-12.47,-42.25
53.82,-9.89,-516.16,-37.46,-12.57,-42.31
53.88,-9.71,-516.41,-37.44,-12.66,-42.36
53.86,-9.56,-516.7,-37.45,-12.72,-42.39
53.91,-9.52,-516.98,-37.47,-12.63,-42.4
53.91,-9.57,-517.23,-37.51,-12.61,-42.41
53.86,-9.68,-517.47,-37.53,-12.65,-42.43
53.9,-9.66,-517.72,-37.51,-12.71,-42.5
53.88,-9.53,-517.96,-37.5,-12.72,-42.51
53.88,-9.54,-518.19,-37.47,-12.72,-42.56
53.87,-9.54,-518.42,-37.45,-12.77,-42.6
53.88,-9.45,-518.63,-37.45,-12.7,-42.63
53.89,-9.52,-518.82,-37.46,-12.64,-42.63
53.81,-9.67,-519,-37.45,-12.69,-42.67
53.79,-9.63,-519.22,-37.42,-12.72,-42.7
53.83,-9.51,-519.44,-37.39,-12.74,-42.72
53.77,-9.56,-519.67,-37.34,-12.76,-42.75
53.83,-9.53,-519.88,-37.34,-12.75,-42.79
53.81,-9.51,-520.09,-37.31,-12.76,-42.8
53.82,-9.59,-520.28,-37.29,-12.68,-42.82
53.81,-9.62,-520.43,-37.28,-12.65,-42.84
53.76,-9.68,-520.61,-37.27,-12.68,-42.84
53.7,-9.64,-520.81,-37.26,-12.73,-42.86
53.72,-9.54,-521.05,-37.24,-12.79,-42.9
53.76,-9.46,-521.32,-37.23,-12.8,-42.9
53.73,-9.48,-521.57,-37.22,-12.77,-42.92
53.8,-9.52,-521.79,-37.22,-12.76,-42.92
53.79,-9.6,-522.02,-37.2,-12.76,-42.93
53.8,-9.66,-522.22,-37.2,-12.79,-42.93
53.84,-9.68,-522.41,-37.16,-12.83,-42.93
53.86,-9.68,-522.59,-37.11,-12.81,-42.95
53.89,-9.7,-522.75,-37.07,-12.82,-42.95
53.87,-9.74,-522.93,-37.02,-12.77,-42.95
53.92,-9.69,-523.1,-37,-12.71,-42.94
53.92,-9.78,-523.29,-37,-12.69,-42.91
53.93,-9.81,-523.52,-36.97,-12.72,-42.9
54.04,-9.74,-523.76,-36.93,-12.72,-42.86
54.08,-9.77,-524,-36.88,-12.72,-42.82
54.2,-9.86,-524.21,-36.84,-12.72,-42.78
54.37,-9.93,-524.32,-36.75,-12.52,-42.78
54.43,-10.14,-524.4,-36.71,-12.51,-42.78
54.5,-10.24,-524.48,-36.69,-12.47,-42.77
54.55,-10.18,-524.59,-36.64,-12.44,-42.72
54.54,-10.27,-524.74,-36.61,-12.43,-42.7
54.58,-10.39,-524.86,-36.57,-12.44,-42.69
54.67,-10.35,-524.98,-36.51,-12.41,-42.67
54.79,-10.5,-525.07,-36.44,-12.29,-42.63
54.9,-10.84,-525.06,-36.35,-12.21,-42.6
55.01,-11.13,-524.97,-36.24,-12.19,-42.64
55.12,-11.33,-524.84,-36.14,-12.2,-42.64
55.15,-11.48,-524.67,-36.01,-12.21,-42.67
55.21,-11.55,-524.55,-35.98,-12.17,-42.75
55.22,-11.6,-524.52,-35.98,-12.23,-42.81
55.28,-11.59,-524.59,-36,-12.25,-42.84
55.33,-11.51,-524.71,-36.01,-12.34,-42.89
55.44,-11.53,-524.86,-36,-12.31,-42.89
55.6,-11.55,-524.95,-36.02,-12.24,-42.9
55.69,-11.78,-524.94,-36.02,-12.19,-42.94
55.77,-12.05,-524.91,-36.02,-12.19,-43
55.86,-12.22,-524.89,-36.01,-12.22,-43.02
55.95,-12.27,-524.85,-35.96,-12.25,-43.08
56.12,-12.36,-524.83,-35.92,-12.25,-43.12
56.27,-12.42,-524.76,-35.91,-12.27,-43.16
56.41,-12.58,-524.68,-35.89,-12.24,-43.22
56.55,-12.73,-524.6,-35.89,-12.25,-43.27
56.68,-12.88,-524.55,-35.93,-12.22,-43.31
56.78,-13.09,-524.51,-35.97,-12.2,-43.32
56.88,-13.31,-524.53,-36,-12.28,-43.35
57,-13.23,-524.58,-36.04,-12.33,-43.33
57.16,-13.33,-524.62,-36.12,-12.15,-43.26
57.18,-13.67,-524.61,-36.14,-12.22,-43.28
57.33,-13.96,-524.61,-36.18,-12.28,-43.31
57.6,-14.1,-524.6,-36.2,-12.26,-43.34
57.8,-14.29,-524.53,-36.24,-12.25,-43.37
57.99,-14.55,-524.42,-36.28,-12.29,-43.43
58.19,-14.82,-524.32,-36.35,-12.36,-43.52
58.42,-14.87,-524.27,-36.43,-12.45,-43.6
58.65,-14.89,-524.27,-36.49,-12.56,-43.68
58.84,-15.03,-524.29,-36.55,-12.67,-43.76
59.09,-15.2,-524.27,-36.64,-12.7,-43.82
59.24,-15.3,-524.2,-36.69,-12.78,-43.93
59.41,-15.48,-524.12,-36.77,-12.86,-44.06
59.61,-15.57,-524.06,-36.84,-13.01,-44.17
59.74,-15.63,-524,-36.91,-13.13,-44.29
59.86,-15.7,-523.96,-37.02,-13.32,-44.51
59.99,-15.73,-523.93,-37.11,-13.37,-44.63
60.1,-15.82,-523.89,-37.2,-13.38,-44.75
60.23,-15.92,-523.85,-37.31,-13.33,-44.82
60.36,-16.1,-523.82,-37.4,-13.38,-44.88
60.49,-16.26,-523.8,-37.49,-13.47,-44.96
60.67,-16.31,-523.78,-37.62,-13.51,-45.04
60.95,-16.42,-523.78,-37.74,-13.53,-45.11
61.26,-16.64,-523.78,-37.86,-13.53,-45.15
61.51,-16.85,-523.76,-37.98,-13.56,-45.2
61.8,-17.16,-523.73,-38.05,-13.56,-45.25
62.09,-17.31,-523.68,-38.12,-13.6,-45.32
62.4,-17.41,-523.62,-38.22,-13.63,-45.38
62.72,-17.58,-523.55,-38.31,-13.61,-45.43
62.99,-17.88,-523.47,-38.41,-13.58,-45.5
63.31,-18.18,-523.38,-38.5,-13.59,-45.55
63.6,-18.48,-523.29,-38.65,-13.66,-45.63
63.85,-18.82,-523.19,-38.77,-13.7,-45.7
64.18,-18.99,-523.08,-38.94,-13.73,-45.74
64.48,-19.25,-522.99,-39.08,-13.73,-45.78
64.74,-19.58,-522.92,-39.24,-13.79,-45.85
65.02,-19.79,-522.87,-39.37,-13.84,-45.92
65.31,-19.94,-522.83,-39.51,-13.84,-45.96
65.48,-20.29,-522.75,-39.65,-13.8,-46.02
65.7,-20.69,-522.64,-39.8,-13.83,-46.09
65.91,-20.99,-522.54,-39.95,-13.83,-46.14
66.04,-21.25,-522.4,-40.05,-13.87,-46.16
66.21,-21.54,-522.28,-40.18,-13.94,-46.3
66.5,-21.74,-522.17,-40.35,-14,-46.44
66.78,-21.99,-522.09,-40.54,-14.09,-46.56
67.03,-22.24,-522.01,-40.71,-14.13,-46.68
67.17,-22.54,-521.93,-41.07,-14.19,-46.85
67.34,-22.73,-521.89,-41.21,-14.18,-46.92
67.41,-22.89,-521.82,-41.41,-14.14,-46.99
67.46,-23.17,-521.75,-41.59,-14.17,-47.07
67.6,-23.35,-521.7,-41.81,-14.25,-47.15
67.69,-23.55,-521.67,-42.04,-14.39,-47.24
67.79,-23.77,-521.68,-42.24,-14.47,-47.35
67.89,-23.99,-521.71,-42.49,-14.5,-47.48
67.93,-24.27,-521.72,-42.74,-14.49,-47.57
67.92,-24.65,-521.7,-42.95,-14.53,-47.63
67.96,-24.97,-521.68,-43.15,-14.62,-47.71
67.98,-25.22,-521.65,-43.36,-14.68,-47.77
68.04,-25.34,-521.61,-43.57,-14.8,-47.84
68.1,-25.55,-521.61,-43.77,-14.88,-47.87
68.17,-25.71,-521.62,-43.99,-14.99,-47.92
68.14,-25.85,-521.66,-44.14,-15.15,-47.97
68.15,-25.87,-521.68,-44.51,-15.27,-48.08
68.09,-26.07,-521.71,-44.66,-15.33,-48.17
67.99,-26.22,-521.75,-44.9,-15.44,-48.29
67.93,-26.22,-521.78,-45.07,-15.52,-48.38
67.87,-26.33,-521.81,-45.28,-15.58,-48.51
67.83,-26.43,-521.87,-45.51,-15.64,-48.63
67.79,-26.5,-521.94,-45.76,-15.67,-48.72
67.65,-26.7,-522,-45.97,-15.65,-48.79
67.45,-26.96,-522.05,-46.17,-15.59,-48.87
67.29,-27.12,-522.06,-46.37,-15.61,-48.98
67.1,-27.35,-522.08,-46.59,-15.62,-49.08
66.97,-27.58,-522.08,-46.79,-15.63,-49.17
66.82,-27.82,-522.08,-46.98,-15.67,-49.32
66.72,-27.89,-522.07,-47.23,-15.66,-49.49
66.65,-28.01,-522.02,-47.53,-15.5,-49.55
66.6,-28.25,-521.96,-47.92,-15.65,-49.84
66.52,-28.44,-521.92,-48.11,-15.67,-50.03
66.44,-28.52,-521.89,-48.34,-15.69,-50.16
66.3,-28.63,-521.88,-48.52,-15.74,-50.27
66.17,-28.82,-521.86,-48.73,-15.78,-50.4
66.02,-29.06,-521.85,-48.94,-15.85,-50.54
65.87,-29.14,-521.86,-49.16,-15.88,-50.64
65.71,-29.22,-521.85,-49.35,-15.9,-50.73
65.51,-29.48,-521.85,-49.51,-15.93,-50.85
65.32,-29.74,-521.85,-49.71,-15.97,-50.96
65.16,-29.8,-521.84,-49.89,-16.03,-51.07
64.94,-29.92,-521.83,-50.06,-16.12,-51.17
64.69,-30.19,-521.84,-50.19,-16.18,-51.3
64.5,-30.41,-521.85,-50.35,-16.27,-51.52
64.35,-30.42,-521.84,-50.58,-16.28,-51.74
64.2,-30.47,-521.79,-50.8,-16.26,-51.96
64.07,-30.66,-521.76,-51.22,-16.28,-52.45
63.94,-30.76,-521.75,-51.38,-16.44,-52.67
63.76,-30.79,-521.77,-51.54,-16.57,-52.89
63.61,-30.76,-521.76,-51.68,-16.62,-53.09
63.38,-30.91,-521.74,-51.84,-16.59,-53.28
63.09,-31.2,-521.68,-51.97,-16.56,-53.49
62.86,-31.38,-521.6,-52.14,-16.58,-53.67
62.65,-31.59,-521.54,-52.28,-16.65,-53.86
62.43,-31.85,-521.52,-52.45,-16.72,-54.05
62.24,-31.96,-521.51,-52.62,-16.83,-54.21
62.06,-32.04,-521.51,-52.78,-16.89,-54.35
61.83,-32.25,-521.54,-52.93,-16.95,-54.56
61.65,-32.36,-521.61,-53.1,-17.04,-54.77
61.45,-32.5,-521.62,-53.34,-16.96,-54.8
61.23,-32.9,-521.6,-53.49,-16.92,-54.93
60.99,-33.31,-521.58,-53.76,-17,-55.31
60.81,-33.52,-521.56,-53.91,-17.04,-55.44
60.6,-33.74,-521.51,-54.02,-17.13,-55.58
60.38,-33.98,-521.46,-54.13,-17.17,-55.76
60.16,-34.26,-521.39,-54.23,-17.28,-55.92
59.95,-34.55,-521.29,-54.32,-17.34,-56.07
59.74,-34.89,-521.22,-54.36,-17.44,-56.28
59.56,-35.1,-521.18,-54.43,-17.52,-56.48
59.36,-35.18,-521.11,-54.51,-17.65,-56.55
59.1,-35.4,-520.99,-54.56,-17.65,-56.73
58.9,-35.73,-520.87,-54.71,-17.52,-56.92
58.71,-36.13,-520.69,-54.85,-17.4,-57.05
58.49,-36.73,-520.53,-54.94,-17.34,-57.19
58.34,-37.14,-520.43,-55.06,-17.41,-57.32
58.17,-37.42,-520.36,-55.18,-17.55,-57.43
57.98,-37.66,-520.34,-55.26,-17.66,-57.51
57.79,-37.94,-520.32,-55.5,-17.63,-57.66
57.51,-38.3,-520.3,-55.6,-17.67,-57.74
57.21,-38.64,-520.28,-55.69,-17.67,-57.82
56.95,-38.98,-520.26,-55.82,-17.66,-57.91
56.64,-39.42,-520.24,-55.95,-17.67,-58
56.33,-39.78,-520.22,-56.09,-17.66,-58.1
56.04,-40.11,-520.21,-56.23,-17.65,-58.18
55.74,-40.57,-520.21,-56.36,-17.62,-58.28
55.4,-41.05,-520.18,-56.49,-17.5,-58.37
55.06,-41.42,-520.11,-56.69,-17.39,-58.39
54.65,-41.95,-520.04,-56.84,-17.19,-58.47
54.19,-42.71,-519.97,-56.96,-16.97,-58.53
53.75,-43.47,-519.88,-57.02,-16.86,-58.63
53.38,-43.96,-519.79,-57.12,-16.77,-58.77
53.07,-44.27,-519.72,-57.23,-16.74,-58.87
52.77,-44.66,-519.66,-57.3,-16.8,-58.93
52.52,-45.08,-519.62,-57.43,-16.9,-59.17
52.3,-45.36,-519.59,-57.55,-17.01,-59.31
52.13,-45.45,-519.59,-57.63,-17.13,-59.45
51.89,-45.64,-519.6,-57.76,-17.27,-59.51
51.61,-45.95,-519.66,-57.84,-17.33,-59.64
51.37,-46.09,-519.7,-57.91,-17.44,-59.76
51.07,-46.2,-519.73,-57.98,-17.53,-59.87
50.83,-46.36,-519.77,-58.13,-17.54,-59.98
50.61,-46.6,-519.84,-58.29,-17.61,-60.03
50.33,-46.89,-519.94,-58.41,-17.74,-60.06
50.11,-47.04,-520.06,-58.54,-17.91,-60.13
49.96,-47.1,-520.2,-58.72,-18.09,-60.19
49.78,-47.28,-520.36,-58.93,-18.27,-60.2
49.61,-47.5,-520.52,-59.16,-18.41,-60.19
49.45,-47.72,-520.69,-59.39,-18.51,-60.2
49.35,-47.88,-520.86,-59.84,-18.65,-60.22
49.2,-48.09,-521.05,-60.06,-18.78,-60.23
49.09,-48.3,-521.25,-60.3,-18.92,-60.25
49,-48.46,-521.45,-60.56,-19.05,-60.26
48.91,-48.57,-521.67,-60.8,-19.18,-60.26
48.76,-48.63,-521.91,-61,-19.31,-60.26
48.64,-48.71,-522.15,-61.22,-19.38,-60.26
48.47,-48.95,-522.37,-61.44,-19.4,-60.29
48.29,-49.17,-522.58,-61.68,-19.36,-60.33
48.14,-49.32,-522.78,-61.87,-19.39,-60.36
47.97,-49.54,-522.96,-62.07,-19.41,-60.38
47.83,-49.77,-523.13,-62.27,-19.47,-60.43
47.68,-49.98,-523.29,-62.47,-19.47,-60.47
47.54,-50.12,-523.47,-62.65,-19.48,-60.52
47.38,-50.3,-523.67,-62.83,-19.5,-60.58
47.25,-50.48,-523.86,-62.98,-19.53,-60.62
47.1,-50.7,-524.04,-63.33,-19.56,-60.71
46.98,-50.87,-524.23,-63.47,-19.56,-60.75
46.84,-50.98,-524.41,-63.58,-19.61,-60.77
46.66,-51.18,-524.6,-63.7,-19.69,-60.81
46.57,-51.32,-524.79,-63.82,-19.73,-60.85
46.5,-51.39,-524.97,-63.97,-19.72,-60.87
46.38,-51.53,-525.17,-64.09,-19.74,-60.91
46.27,-51.7,-525.37,-64.19,-19.8,-60.96
46.19,-51.75,-525.56,-64.3,-19.86,-60.99
46.09,-51.81,-525.77,-64.42,-19.89,-61.01
45.96,-51.93,-525.96,-64.54,-19.87,-61.04
45.81,-52.1,-526.16,-64.64,-19.89,-61.09
45.69,-52.24,-526.37,-64.76,-19.94,-61.15
45.59,-52.33,-526.59,-64.88,-19.99,-61.17
45.51,-52.28,-526.81,-64.97,-20.07,-61.21
45.41,-52.32,-527.03,-65.06,-20.18,-61.25
45.29,-52.48,-527.23,-65.26,-20.27,-61.32
45.23,-52.59,-527.42,-65.32,-20.3,-61.36
45.11,-52.65,-527.6,-65.37,-20.31,-61.37
45.02,-52.75,-527.78,-65.45,-20.33,-61.4
45.01,-52.79,-527.95,-65.51,-20.37,-61.42
44.99,-52.86,-528.14,-65.57,-20.42,-61.43
44.95,-52.96,-528.34,-65.64,-20.45,-61.46
44.91,-52.97,-528.56,-65.7,-20.46,-61.47
44.87,-53.03,-528.78,-65.76,-20.48,-61.47
44.8,-53.17,-529,-65.83,-20.5,-61.48
44.72,-53.3,-529.21,-65.9,-20.49,-61.5
44.69,-53.31,-529.41,-65.93,-20.51,-61.52
44.64,-53.37,-529.63,-66,-20.51,-61.54
44.61,-53.42,-529.84,-66.1,-20.47,-61.54
44.57,-53.52,-530.03,-66.21,-20.38,-61.54
44.45,-53.83,-530.23,-66.33,-20.21,-61.53
44.35,-54.02,-530.45,-66.38,-20.22,-61.55
44.3,-53.98,-530.66,-66.45,-20.25,-61.55
44.25,-53.98,-530.9,-66.51,-20.26,-61.54
44.19,-54.12,-531.14,-66.57,-20.23,-61.54
44.13,-54.22,-531.36,-66.63,-20.22,-61.54
44.09,-54.26,-531.58,-66.68,-20.2,-61.54
44.05,-54.3,-531.83,-66.7,-20.24,-61.53
44.05,-54.31,-532.07,-66.72,-20.34,-61.53
44.07,-54.22,-532.32,-66.78,-20.39,-61.54
44.05,-54.2,-532.57,-66.84,-20.41,-61.54
44.05,-54.26,-532.8,-66.89,-20.41,-61.54
43.99,-54.36,-533.02,-66.93,-20.4,-61.54
43.95,-54.34,-533.23,-66.93,-20.44,-61.55
43.94,-54.3,-533.44,-66.94,-20.49,-61.56
43.93,-54.32,-533.67,-66.99,-20.52,-61.58
43.9,-54.31,-533.89,-67.03,-20.58,-61.59
43.89,-54.26,-534.1,-67.05,-20.58,-61.61
43.88,-54.29,-534.32,-67.07,-20.56,-61.63
43.86,-54.3,-534.52,-67.08,-20.59,-61.65
43.89,-54.2,-534.71,-67.11,-20.58,-61.67
43.91,-54.23,-534.92,-67.16,-20.59,-61.67
43.93,-54.27,-535.12,-67.19,-20.6,-61.68
43.95,-54.16,-535.32,-67.23,-20.57,-61.69
43.94,-54.14,-535.53,-67.28,-20.54,-61.71
43.91,-54.19,-535.77,-67.32,-20.54,-61.73
43.93,-54.18,-535.99,-67.37,-20.55,-61.74
43.9,-54.15,-536.23,-67.42,-20.53,-61.75
43.85,-54.12,-536.47,-67.46,-20.51,-61.78
43.83,-54.11,-536.68,-67.53,-20.47,-61.82
43.78,-54.16,-536.88,-67.6,-20.4,-61.85
43.72,-54.19,-537.09,-67.64,-20.36,-61.89
43.66,-54.21,-537.32,-67.7,-20.41,-61.94
43.66,-54.17,-537.55,-67.74,-20.41,-61.96
43.64,-54.16,-537.77,-67.79,-20.38,-62
43.61,-54.2,-538.01,-67.82,-20.37,-62.03
43.61,-54.21,-538.22,-67.84,-20.38,-62.05
43.58,-54.16,-538.43,-67.83,-20.4,-62.09
43.57,-54.1,-538.63,-67.84,-20.4,-62.15
43.53,-54.13,-538.83,-67.85,-20.39,-62.18
43.51,-54.11,-539.03,-67.83,-20.42,-62.23
43.49,-54.1,-539.23,-67.83,-20.43,-62.28
43.53,-54.06,-539.4,-67.83,-20.45,-62.34
43.51,-54.1,-539.58,-67.84,-20.46,-62.4
43.49,-54.1,-539.74,-67.83,-20.43,-62.46
43.5,-53.99,-539.91,-67.81,-20.42,-62.52
43.48,-53.98,-540.1,-67.81,-20.42,-62.57
43.44,-54.06,-540.3,-67.83,-20.44,-62.62
43.46,-53.98,-540.49,-67.87,-20.44,-62.73
43.42,-53.94,-540.7,-67.89,-20.45,-62.78
43.39,-53.9,-540.93,-67.9,-20.48,-62.82
43.36,-53.87,-541.14,-67.92,-20.49,-62.87
43.31,-53.9,-541.36,-67.94,-20.49,-62.92
43.27,-53.89,-541.58,-67.98,-20.49,-62.97
43.24,-53.89,-541.81,-68.05,-20.48,-62.98
43.21,-53.93,-542.05,-68.09,-20.49,-63.01
43.18,-54,-542.31,-68.13,-20.54,-63.05
43.21,-53.9,-542.57,-68.17,-20.61,-63.07
43.21,-53.81,-542.84,-68.2,-20.64,-63.09
43.19,-53.78,-543.11,-68.2,-20.65,-63.11
43.16,-53.77,-543.34,-68.21,-20.67,-63.14
43.14,-53.77,-543.57,-68.21,-20.67,-63.17
43.09,-53.85,-543.8,-68.21,-20.65,-63.22
43.11,-53.81,-543.99,-68.22,-20.67,-63.29
43.1,-53.79,-544.18,-68.18,-20.69,-63.33
43.09,-53.79,-544.38,-68.18,-20.69,-63.38
43.13,-53.78,-544.57,-68.16,-20.7,-63.43
43.15,-53.71,-544.76,-68.14,-20.71,-63.46
43.13,-53.74,-544.97,-68.12,-20.72,-63.49
43.09,-53.78,-545.2,-68.11,-20.71,-63.52
43.09,-53.74,-545.41,-68.08,-20.71,-63.55
43.09,-53.72,-545.62,-68.07,-20.7,-63.59
43.11,-53.71,-545.82,-68.06,-20.69,-63.63
43.14,-53.69,-546.02,-68.05,-20.69,-63.67
43.13,-53.72,-546.23,-68.05,-20.67,-63.71
43.1,-53.73,-546.44,-68.02,-20.66,-63.75
43.08,-53.73,-546.64,-68.01,-20.64,-63.79
43.01,-53.83,-546.85,-67.98,-20.64,-63.85
43,-53.86,-547.04,-67.96,-20.65,-63.88
43.01,-53.85,-547.22,-67.92,-20.66,-63.97
42.99,-53.86,-547.43,-67.87,-20.69,-64
42.99,-53.85,-547.64,-67.85,-20.73,-64.02
43.03,-53.82,-547.82,-67.84,-20.71,-64.06
43.05,-53.82,-548.01,-67.79,-20.7,-64.1
43.06,-53.87,-548.2,-67.77,-20.7,-64.11
43.1,-53.91,-548.39,-67.72,-20.74,-64.13
43.15,-53.86,-548.59,-67.68,-20.77,-64.14
43.18,-53.84,-548.8,-67.68,-20.78,-64.14
43.22,-53.83,-549.02,-67.67,-20.79,-64.14
43.23,-53.85,-549.25,-67.65,-20.82,-64.14
43.24,-53.91,-549.49,-67.66,-20.81,-64.14
43.3,-53.82,-549.72,-67.66,-20.84,-64.14
43.29,-53.83,-549.97,-67.67,-20.83,-64.15
43.28,-53.84,-550.23,-67.71,-20.82,-64.16
43.29,-53.82,-550.47,-67.71,-20.82,-64.18
43.25,-53.9,-550.71,-67.75,-20.81,-64.21
43.21,-53.92,-550.94,-67.73,-20.82,-64.23
43.22,-53.87,-551.17,-67.75,-20.82,-64.27
43.19,-53.9,-551.4,-67.77,-20.81,-64.3
43.17,-53.88,-551.63,-67.77,-20.81,-64.33
43.13,-53.88,-551.86,-67.78,-20.8,-64.38
43.09,-53.9,-552.08,-67.79,-20.78,-64.4
43.07,-53.92,-552.3,-67.78,-20.78,-64.44
43.07,-53.88,-552.52,-67.81,-20.74,-64.47
43.04,-53.89,-552.75,-67.81,-20.73,-64.5
43.04,-53.84,-552.99,-67.8,-20.76,-64.52
43.07,-53.75,-553.21,-67.82,-20.75,-64.55
43.03,-53.8,-553.43,-67.81,-20.71,-64.57
43.01,-53.88,-553.64,-67.8,-20.66,-64.6
43.03,-53.87,-553.85,-67.78,-20.68,-64.61
43.1,-53.79,-554.07,-67.76,-20.73,-64.62
43.13,-53.78,-554.3,-67.76,-20.7,-64.63
43.15,-53.81,-554.54,-67.74,-20.69,-64.61
43.17,-53.83,-554.77,-67.74,-20.69,-64.6
43.17,-53.85,-555.01,-67.74,-20.65,-64.58
43.12,-54.08,-555.24,-67.74,-20.57,-64.55
43.12,-54.22,-555.44,-67.71,-20.49,-64.53
43.06,-54.52,-555.62,-67.66,-20.37,-64.5
42.91,-55.14,-555.77,-67.54,-20.23,-64.47
42.72,-56.04,-555.86,-67.3,-20.01,-64.4
42.42,-57.39,-555.84,-67.03,-19.74,-64.23
42.12,-59.25,-555.59,-66.7,-19.5,-63.98
41.88,-61.59,-555.06,-66.28,-19.14,-63.83
41.75,-64.58,-554.3,-65.83,-18.7,-63.86
41.91,-67.6,-553.43,-65.37,-18.46,-64.07
42.34,-70.62,-552.48,-65,-18.39,-64.26
43.06,-74.03,-551.39,-64.41,-18.34,-64.76
43.97,-77.44,-550.28,-64.16,-18.34,-65.13
45.09,-80.49,-549.24,-63.95,-18.28,-65.53
46.36,-83.63,-548.25,-63.77,-18.31,-65.88
47.72,-86.24,-547.33,-63.6,-18.36,-66.25
49.1,-88.32,-546.54,-63.41,-18.43,-66.65
50.57,-90.72,-545.86,-63.28,-18.47,-67.02
51.95,-92.97,-545.35,-63.19,-18.45,-67.33
53.26,-94.98,-545.03,-63.12,-18.44,-67.59
54.58,-97.2,-544.88,-63.08,-18.45,-67.84
55.83,-99.18,-544.91,-63.08,-18.39,-68.06
56.91,-100.72,-545.14,-63.05,-18.42,-68.32
57.93,-102.42,-545.68,-63.09,-18.22,-68.58
58.76,-103.83,-546.44,-63.07,-17.85,-68.89
59.33,-104.83,-547.27,-62.97,-17.7,-69.1
59.79,-106.02,-548.29,-62.96,-17.46,-69.25
60.05,-106.65,-549.43,-62.76,-17.21,-69.32
60.13,-106.42,-550.53,-62.69,-16.93,-69.4
59.93,-105.84,-551.74,-62.71,-16.56,-69.47
59.49,-105.01,-553.07,-62.83,-16.33,-69.45
58.8,-103.72,-554.36,-63.03,-16.08,-69.28
57.86,-102.57,-555.67,-63.23,-15.74,-69.02
56.62,-101.58,-556.95,-63.39,-15.27,-68.74
54.98,-100.1,-558.04,-63.53,-14.91,-68.51
53.12,-98.08,-558.83,-63.62,-14.76,-68.35
51.03,-95.32,-559.4,-63.78,-14.84,-68.2
48.69,-92.26,-559.81,-63.93,-14.97,-68.08
46.21,-88.87,-560.02,-64.11,-15.18,-68.04
43.59,-85.4,-560.09,-64.33,-15.4,-68.05
40.94,-81.9,-560.08,-64.54,-15.67,-68.04
38.33,-78.55,-560.07,-64.76,-15.92,-68.04
35.76,-75.31,-559.99,-64.99,-16.14,-67.98
33.36,-72.2,-559.98,-65.44,-16.57,-67.84
31.11,-69.15,-560.04,-65.58,-16.82,-67.77
28.95,-66.19,-560.16,-65.69,-17.08,-67.73
26.89,-63.39,-560.35,-65.78,-17.34,-67.72
25,-60.62,-560.53,-65.85,-17.58,-67.72
23.12,-58,-560.73,-65.93,-17.8,-67.73
21.39,-55.62,-560.98,-66.02,-18.01,-67.73
19.8,-53.21,-561.24,-66.13,-18.19,-67.72
18.27,-50.96,-561.53,-66.24,-18.36,-67.74
16.76,-48.76,-561.79,-66.32,-18.55,-67.76
15.39,-46.54,-561.99,-66.4,-18.72,-67.78
14.03,-44.48,-562.16,-66.49,-18.86,-67.8
12.73,-42.62,-562.33,-66.59,-18.98,-67.82
11.5,-40.75,-562.49,-66.71,-19.08,-67.87
10.29,-38.97,-562.66,-66.84,-19.18,-67.91
9.11,-37.27,-562.86,-66.98,-19.26,-67.95
8.04,-35.54,-563.05,-67.13,-19.35,-68
7,-33.87,-563.23,-67.36,-19.49,-68.07
6,-32.34,-563.4,-67.44,-19.56,-68.11
5.06,-30.91,-563.56,-67.52,-19.62,-68.15
4.13,-29.64,-563.72,-67.61,-19.68,-68.19
3.26,-28.28,-563.81,-67.67,-19.76,-68.22
2.43,-26.95,-563.89,-67.73,-19.81,-68.28
1.61,-25.8,-564.01,-67.81,-19.86,-68.33
0.84,-24.63,-564.14,-67.87,-19.93,-68.37
0.11,-23.46,-564.28,-67.93,-20.01,-68.4
-0.67,-22.4,-564.46,-67.99,-20.07,-68.44
-1.4,-21.39,-564.65,-68.03,-20.14,-68.47
-2.07,-20.36,-564.83,-68.07,-20.22,-68.5
-2.71,-19.38,-564.99,-68.09,-20.3,-68.53
-3.36,-18.5,-565.18,-68.11,-20.37,-68.57
-3.95,-17.7,-565.4,-68.13,-20.45,-68.6
-4.56,-16.88,-565.63,-68.16,-20.54,-68.63
-5.11,-16.12,-565.88,-68.23,-20.64,-68.7
-5.6,-15.33,-566.11,-68.24,-20.7,-68.74
-6.11,-14.64,-566.33,-68.23,-20.77,-68.78
-6.59,-13.94,-566.53,-68.21,-20.84,-68.82
-7.07,-13.35,-566.74,-68.22,-20.9,-68.87
-7.49,-12.7,-566.95,-68.23,-20.97,-68.91
-7.92,-12.12,-567.16,-68.28,-20.99,-68.95
-8.34,-11.57,-567.39,-68.33,-21.01,-68.99
-8.7,-11.05,-567.6,-68.37,-21.03,-69.03
-9.09,-10.5,-567.8,-68.41,-21.06,-69.07
-9.47,-10,-568.01,-68.46,-21.07,-69.1
-9.8,-9.49,-568.19,-68.5,-21.09,-69.12
-10.13,-9.08,-568.39,-68.53,-21.11,-69.15
-10.46,-8.62,-568.56,-68.56,-21.12,-69.18
-10.77,-8.2,-568.74,-68.56,-21.19,-69.22
-11.1,-7.81,-568.93,-68.59,-21.21,-69.24
-11.4,-7.44,-569.13,-68.63,-21.24,-69.3
-11.63,-7.04,-569.31,-68.64,-21.25,-69.33
-11.9,-6.71,-569.51,-68.66,-21.27,-69.35
-12.2,-6.47,-569.72,-68.66,-21.32,-69.37
-12.44,-6.09,-569.92,-68.68,-21.34,-69.4
-12.68,-5.81,-570.12,-68.69,-21.35,-69.41
-12.91,-5.53,-570.32,-68.7,-21.38,-69.43
-13.11,-5.25,-570.51,-68.7,-21.41,-69.44
-13.32,-4.99,-570.72,-68.7,-21.44,-69.47
-13.52,-4.7,-570.92,-68.71,-21.45,-69.5
-13.67,-4.39,-571.11,-68.71,-21.47,-69.52
-13.86,-4.18,-571.32,-68.73,-21.48,-69.54
-14.02,-3.99,-571.53,-68.74,-21.5,-69.57
-14.17,-3.73,-571.74,-68.75,-21.52,-69.6
-14.33,-3.54,-571.96,-68.78,-21.51,-69.64
-14.48,-3.35,-572.16,-68.79,-21.53,-69.67
-14.6,-3.1,-572.35,-68.79,-21.55,-69.71
-14.75,-2.93,-572.56,-68.81,-21.58,-69.79
-14.92,-2.79,-572.76,-68.81,-21.58,-69.83
-15.01,-2.58,-572.97,-68.83,-21.58,-69.87
-15.12,-2.41,-573.18,-68.83,-21.58,-69.91
-15.21,-2.25,-573.39,-68.85,-21.59,-69.96
-15.29,-2.06,-573.6,-68.85,-21.59,-70.02
-15.42,-1.95,-573.81,-68.82,-21.64,-70.07
-15.52,-1.82,-574.02,-68.81,-21.65,-70.14
-15.59,-1.66,-574.23,-68.79,-21.67,-70.2
-15.66,-1.53,-574.44,-68.75,-21.68,-70.24
-15.73,-1.41,-574.65,-68.74,-21.7,-70.29
-15.78,-1.23,-574.86,-68.7,-21.75,-70.32
-15.88,-1.14,-575.09,-68.68,-21.77,-70.37
-15.97,-1.06,-575.33,-68.68,-21.79,-70.41
-16.04,-0.94,-575.56,-68.65,-21.83,-70.43
-16.12,-0.88,-575.78,-68.64,-21.87,-70.45
-16.26,-0.87,-576.03,-68.6,-21.96,-70.51
-16.35,-0.78,-576.29,-68.59,-22,-70.54
-16.42,-0.67,-576.53,-68.6,-22.01,-70.57
-16.49,-0.64,-576.77,-68.6,-22.03,-70.58
-16.57,-0.59,-576.99,-68.58,-22.06,-70.6
-16.61,-0.52,-577.2,-68.56,-22.1,-70.62
-16.67,-0.48,-577.42,-68.57,-22.12,-70.65
-16.72,-0.47,-577.62,-68.58,-22.12,-70.67
-16.73,-0.4,-577.81,-68.59,-22.12,-70.69
-16.76,-0.33,-577.98,-68.6,-22.12,-70.73
-16.8,-0.28,-578.16,-68.64,-22.09,-70.77
-16.82,-0.22,-578.34,-68.67,-22.07,-70.79
-16.85,-0.19,-578.51,-68.7,-22.07,-70.81
-16.9,-0.18,-578.69,-68.76,-22.04,-70.84
-16.95,-0.12,-578.86,-68.79,-22.03,-70.88
-17.02,-0.07,-579.02,-68.82,-22.03,-70.91
-17.08,-0.07,-579.22,-68.83,-22.07,-70.98
-17.13,-0.05,-579.42,-68.81,-22.09,-71.03
-17.18,-0.02,-579.63,-68.77,-22.13,-71.09
-17.2,0.01,-579.85,-68.77,-22.15,-71.14
-17.18,0.09,-580.07,-68.77,-22.16,-71.19
-17.2,0.13,-580.3,-68.74,-22.18,-71.25
-17.22,0.14,-580.52,-68.74,-22.17,-71.31
-17.2,0.18,-580.72,-68.73,-22.18,-71.36
-17.22,0.21,-580.92,-68.73,-22.18,-71.41
-17.24,0.23,-581.13,-68.72,-22.18,-71.46
-17.24,0.28,-581.35,-68.71,-22.19,-71.51
-17.25,0.31,-581.57,-68.69,-22.17,-71.56
-17.27,0.31,-581.8,-68.67,-22.18,-71.59
-17.25,0.35,-582.02,-68.65,-22.19,-71.62
-17.26,0.35,-582.25,-68.63,-22.22,-71.65
-17.29,0.32,-582.48,-68.62,-22.24,-71.68
-17.3,0.33,-582.7,-68.6,-22.25,-71.72
-17.32,0.34,-582.88,-68.6,-22.23,-71.79
-17.35,0.36,-583.04,-68.6,-22.23,-71.83
-17.33,0.35,-583.2,-68.59,-22.24,-71.87
-17.39,0.32,-583.36,-68.6,-22.24,-71.91
-17.41,0.3,-583.53,-68.61,-22.23,-71.95
-17.38,0.31,-583.7,-68.63,-22.21,-71.99
-17.37,0.29,-583.86,-68.63,-22.2,-72.02
-17.37,0.27,-584,-68.6,-22.23,-72.06
-17.36,0.29,-584.11,-68.59,-22.25,-72.11
-17.35,0.31,-584.21,-68.57,-22.25,-72.17
-17.34,0.33,-584.3,-68.55,-22.22,-72.22
-17.28,0.33,-584.39,-68.55,-22.19,-72.28
-17.24,0.31,-584.47,-68.53,-22.17,-72.33
-17.21,0.28,-584.56,-68.53,-22.11,-72.38
-17.12,0.24,-584.62,-68.54,-22.05,-72.43
-17.02,0.22,-584.67,-68.57,-21.96,-72.49
-16.9,0.14,-584.66,-68.57,-21.87,-72.53
-16.75,0.11,-584.61,-68.56,-21.68,-72.66
-16.58,0.06,-584.54,-68.56,-21.57,-72.74
-16.4,0.02,-584.41,-68.55,-21.44,-72.82
-16.2,0.03,-584.25,-68.55,-21.31,-72.91
-16.01,-0.02,-584.07,-68.57,-21.19,-72.98
-15.8,-0.04,-583.91,-68.61,-21.08,-73.05
-15.61,-0.1,-583.77,-68.64,-20.97,-73.12
-15.4,-0.08,-583.63,-68.67,-20.84,-73.2
-15.21,-0.12,-583.49,-68.7,-20.72,-73.29
-15.05,-0.15,-583.35,-68.72,-20.58,-73.37
-14.89,-0.18,-583.21,-68.71,-20.49,-73.44
-14.7,-0.24,-583.06,-68.72,-20.39,-73.51
-14.51,-0.3,-582.89,-68.73,-20.3,-73.58
-14.29,-0.32,-582.72,-68.75,-20.2,-73.68
-14.06,-0.35,-582.53,-68.79,-20.08,-73.77
-13.86,-0.4,-582.3,-68.82,-19.97,-73.86
-13.65,-0.41,-582.06,-68.83,-19.75,-74.08
-13.47,-0.43,-581.78,-68.83,-19.65,-74.21
-13.26,-0.48,-581.5,-68.84,-19.53,-74.33
-13.05,-0.43,-581.22,-68.85,-19.42,-74.45
-12.85,-0.45,-580.93,-68.87,-19.29,-74.59
-12.69,-0.44,-580.62,-68.88,-19.18,-74.71
-12.52,-0.41,-580.34,-68.9,-19.07,-74.85
-12.4,-0.38,-580.05,-68.89,-18.73,-75.03
-12.34,-0.38,-579.79,-68.83,-18.6,-75.22
-12.25,-0.33,-579.53,-68.8,-18.65,-75.3
-12.21,-0.32,-579.3,-68.79,-18.69,-75.38
-12.21,-0.3,-579.09,-68.79,-18.67,-75.51
-12.23,-0.25,-578.91,-68.75,-18.69,-75.63
-12.27,-0.24,-578.74,-68.86,-18.48,-75.75
-12.33,-0.23,-578.6,-68.89,-18.25,-75.93
-12.33,-0.23,-578.47,-68.75,-18.3,-76.05
-12.31,-0.24,-578.34,-68.65,-18.5,-76.24
-12.32,-0.24,-578.23,-68.64,-18.53,-76.41
-12.34,-0.17,-578.15,-68.69,-18.52,-76.57
-12.37,-0.13,-578.05,-68.77,-18.21,-76.77
-12.38,-0.19,-577.93,-68.69,-18.11,-76.96
-12.34,-0.19,-577.77,-68.62,-18.18,-77.1
-12.3,-0.18,-577.6,-68.62,-18.25,-77.21
-12.31,-0.18,-577.47,-68.79,-18.01,-77.39
-12.33,-0.15,-577.36,-68.82,-17.8,-77.58
-12.42,-0.15,-577.25,-68.69,-17.88,-77.74
-12.47,-0.2,-577.14,-68.64,-18.06,-77.81
-12.5,-0.18,-577.04,-68.57,-18.21,-77.91
-12.57,-0.18,-576.96,-68.5,-18.28,-78.03
-12.69,-0.22,-576.91,-68.42,-18.38,-78.16
-12.81,-0.25,-576.91,-68.42,-18.24,-78.3
-12.99,-0.26,-576.91,-68.28,-18.21,-78.44
-13.11,-0.36,-576.9,-68.09,-18.39,-78.57
-13.16,-0.42,-576.88,-67.95,-18.69,-78.78
-13.22,-0.5,-576.84,-67.95,-18.53,-78.94
-13.28,-0.6,-576.81,-67.79,-18.58,-79.09
-13.26,-0.67,-576.76,-67.67,-18.77,-79.17
-13.23,-0.77,-576.68,-67.61,-18.91,-79.24
-13.19,-0.88,-576.61,-67.67,-18.66,-79.39
-13.18,-0.92,-576.54,-67.63,-18.46,-79.69
-13.18,-0.95,-576.48,-67.53,-18.48,-79.84
-13.15,-1.02,-576.41,-67.44,-18.56,-79.98
-13.11,-1.07,-576.31,-67.37,-18.71,-80.11
-13.05,-1.13,-576.2,-67.35,-18.81,-80.24
-13,-1.2,-576.06,-67.33,-18.87,-80.38
-12.93,-1.29,-575.9,-67.33,-18.7,-80.54
-12.79,-1.38,-575.72,-67.27,-18.46,-80.79
-12.6,-1.52,-575.48,-67.15,-18.54,-80.9
-12.42,-1.69,-575.22,-67.07,-18.65,-81.01
-12.26,-1.78,-574.94,-67.03,-18.47,-81.38
-12.1,-1.85,-574.63,-66.95,-18.27,-81.67
-11.94,-1.97,-574.31,-66.85,-18.34,-81.82
-11.73,-2.01,-573.98,-66.79,-18.42,-81.96
-11.55,-2.04,-573.65,-66.78,-18.25,-82.17
-11.4,-2.08,-573.33,-66.69,-18.1,-82.39
-11.27,-2.06,-573.03,-66.56,-18.07,-82.6
-11.24,-2.05,-572.73,-66.41,-18.28,-82.8
-11.23,-2,-572.48,-66.45,-18.22,-83.03
-11.28,-1.9,-572.25,-66.41,-18.15,-83.28
-11.36,-1.87,-572.03,-66.25,-18.23,-83.51
-11.44,-1.83,-571.8,-66.13,-18.31,-83.76
-11.5,-1.79,-571.6,-66.06,-18.4,-83.91
-11.57,-1.82,-571.4,-65.93,-18.55,-84.1
-11.64,-1.87,-571.2,-65.87,-18.57,-84.29
-11.68,-1.91,-571.04,-65.75,-18.63,-84.49
-11.71,-1.99,-570.86,-65.6,-18.79,-84.66
-11.73,-2.01,-570.72,-65.4,-18.94,-85.03
-11.73,-2.07,-570.6,-65.3,-19.05,-85.19
-11.75,-2.15,-570.47,-65.19,-19.15,-85.34
-11.78,-2.19,-570.33,-65.09,-19.26,-85.48
-11.82,-2.25,-570.2,-65.09,-19.25,-85.63
-11.88,-2.34,-570.05,-64.98,-19.35,-85.76
-11.95,-2.45,-569.9,-64.88,-19.47,-85.9
-12.01,-2.49,-569.75,-64.82,-19.6,-86.03
-12.08,-2.57,-569.59,-64.77,-19.72,-86.17
-12.17,-2.6,-569.41,-64.73,-19.75,-86.31
-12.25,-2.62,-569.26,-64.65,-19.92,-86.43
-12.34,-2.69,-569.09,-64.62,-20.01,-86.56
-12.45,-2.73,-568.94,-64.56,-20.1,-86.68
-12.58,-2.73,-568.8,-64.47,-20.2,-86.84
-12.74,-2.79,-568.69,-64.4,-20.33,-86.95
-12.89,-2.83,-568.59,-64.35,-20.46,-87.05
-12.99,-2.87,-568.48,-64.18,-20.71,-87.21
-13.11,-2.93,-568.36,-64.08,-20.85,-87.31
-13.23,-3.01,-568.25,-64,-20.99,-87.38
-13.32,-3.07,-568.15,-63.92,-21.14,-87.46
-13.43,-3.12,-568.04,-63.81,-21.28,-87.55
-13.51,-3.2,-567.94,-63.68,-21.36,-87.68
-13.6,-3.27,-567.86,-63.58,-21.48,-87.79
-13.66,-3.29,-567.78,-63.48,-21.56,-87.89
-13.73,-3.35,-567.72,-63.35,-21.69,-88
-13.81,-3.37,-567.67,-63.23,-21.85,-88.09
-13.88,-3.34,-567.62,-63.1,-22.01,-88.2
-14,-3.37,-567.6,-62.99,-22.16,-88.32
-14.1,-3.37,-567.59,-62.88,-22.33,-88.41
-14.23,-3.38,-567.57,-62.79,-22.49,-88.51
-14.35,-3.4,-567.56,-62.7,-22.64,-88.58
-14.5,-3.43,-567.55,-62.59,-22.8,-88.65
-14.62,-3.44,-567.53,-62.39,-23.07,-88.78
-14.74,-3.49,-567.51,-62.33,-23.09,-88.85
-14.83,-3.57,-567.46,-62.28,-23.07,-88.95
-14.89,-3.64,-567.36,-62.15,-23.07,-89.05
-14.96,-3.74,-567.25,-62.05,-23.24,-89.13
-15,-3.83,-567.13,-62,-23.33,-89.23
-14.99,-3.79,-566.99,-61.96,-23.36,-89.34
-15.03,-3.84,-566.87,-61.96,-23.3,-89.46
-15.07,-3.85,-566.73,-61.92,-23.31,-89.57
-15.09,-3.81,-566.6,-61.9,-23.37,-89.67
-15.14,-3.78,-566.48,-61.92,-23.44,-89.76
-15.18,-3.76,-566.39,-61.94,-23.54,-89.84
-15.25,-3.7,-566.28,-61.95,-23.62,-89.94
-15.36,-3.66,-566.16,-61.96,-23.73,-90.02
-15.46,-3.66,-566.03,-61.77,-23.88,-90.16
-15.52,-3.64,-565.88,-61.78,-23.89,-90.2
-15.57,-3.66,-565.71,-61.73,-23.97,-90.27
-15.61,-3.72,-565.54,-61.57,-24.12,-90.39
-15.59,-3.77,-565.4,-61.52,-24.18,-90.47
-15.59,-3.79,-565.26,-61.45,-24.26,-90.57
-15.58,-3.79,-565.14,-61.4,-24.33,-90.68
-15.58,-3.74,-565.04,-61.35,-24.28,-90.82
-15.57,-3.72,-564.94,-61.27,-24.25,-90.95
-15.59,-3.71,-564.86,-61.21,-24.33,-91.09
-15.59,-3.64,-564.8,-61.17,-24.42,-91.2
-15.63,-3.58,-564.75,-61.13,-24.48,-91.32
-15.65,-3.57,-564.71,-61.11,-24.54,-91.43
-15.71,-3.53,-564.68,-61.06,-24.61,-91.54
-15.77,-3.51,-564.66,-61.03,-24.66,-91.66
-15.83,-3.48,-564.63,-60.99,-24.69,-91.78
-15.82,-3.5,-564.58,-60.92,-24.7,-91.89
-15.83,-3.56,-564.53,-60.82,-24.71,-92.01
-15.8,-3.63,-564.46,-60.71,-24.74,-92.12
-15.76,-3.65,-564.39,-60.57,-24.65,-92.45
-15.75,-3.63,-564.34,-60.48,-24.68,-92.58
-15.8,-3.6,-564.3,-60.42,-24.74,-92.7
-15.81,-3.58,-564.29,-60.34,-24.81,-92.81
-15.84,-3.57,-564.25,-60.27,-24.84,-92.93
-15.85,-3.62,-564.22,-60.2,-24.89,-93.04
-15.88,-3.61,-564.17,-60.14,-24.94,-93.15
-15.91,-3.58,-564.12,-60.1,-24.99,-93.25
-15.97,-3.6,-564.08,-60.04,-25.03,-93.37
-16.03,-3.66,-564.03,-59.96,-25.06,-93.47
-16.04,-3.64,-563.97,-59.88,-25.07,-93.6
-16.04,-3.67,-563.91,-59.82,-25.05,-93.74
-16.03,-3.7,-563.86,-59.77,-25.06,-93.84
-16.01,-3.69,-563.81,-59.68,-25.02,-94
-16,-3.73,-563.76,-59.59,-25.07,-94.15
-15.97,-3.77,-563.7,-59.54,-25.06,-94.28
-15.93,-3.73,-563.62,-59.42,-25.03,-94.58
-15.9,-3.77,-563.53,-59.32,-25.03,-94.73
-15.83,-3.81,-563.42,-59.26,-25.01,-94.88
-15.75,-3.81,-563.32,-59.25,-24.97,-95.03
-15.68,-3.83,-563.21,-59.13,-24.84,-95.24
-15.59,-3.87,-563.08,-59.07,-24.84,-95.37
-15.49,-3.9,-562.92,-59.05,-24.82,-95.52
-15.44,-3.9,-562.74,-59.04,-24.84,-95.66
-15.45,-3.81,-562.61,-59.06,-24.86,-95.83
-15.53,-3.69,-562.54,-59.06,-24.91,-95.97
-15.57,-3.58,-562.48,-59.03,-24.91,-96.12
-15.59,-3.57,-562.42,-58.93,-24.89,-96.25
-15.58,-3.6,-562.32,-58.81,-24.87,-96.33
-15.56,-3.67,-562.2,-58.73,-24.88,-96.43
-15.55,-3.76,-562.08,-58.69,-24.87,-96.52
-15.54,-3.74,-561.98,-58.66,-24.87,-96.63
-15.59,-3.69,-561.93,-58.61,-25.02,-96.85
-15.7,-3.56,-561.92,-58.45,-25.18,-97.01
-15.83,-3.37,-561.97,-58.44,-25.29,-97.08
-16,-3.21,-562.06,-58.4,-25.42,-97.16
-16.23,-3.03,-562.19,-58.36,-25.56,-97.21
-16.44,-2.87,-562.37,-58.29,-25.69,-97.23
-16.68,-2.79,-562.57,-58.19,-25.88,-97.23
-16.93,-2.75,-562.77,-58.1,-26.07,-97.23
-17.17,-2.67,-562.97,-58.01,-26.23,-97.23
-17.43,-2.6,-563.17,-57.95,-26.4,-97.24
-17.69,-2.54,-563.39,-57.89,-26.61,-97.25
-17.92,-2.47,-563.61,-57.81,-26.78,-97.26
-18.14,-2.48,-563.85,-57.75,-26.94,-97.27
-18.29,-2.49,-564.07,-57.67,-27.11,-97.27
-18.42,-2.48,-564.29,-57.6,-27.26,-97.28
-18.59,-2.45,-564.52,-57.53,-27.4,-97.31
-18.74,-2.43,-564.78,-57.46,-27.55,-97.35
-18.84,-2.38,-565.01,-57.38,-27.74,-97.45
-18.92,-2.37,-565.25,-57.33,-27.85,-97.5
-19.03,-2.32,-565.47,-57.3,-27.95,-97.55
-19.12,-2.22,-565.68,-57.26,-28.07,-97.58
-19.27,-2.13,-565.94,-57.22,-28.16,-97.62
-19.41,-2.09,-566.2,-57.15,-28.25,-97.63
-19.53,-2.1,-566.46,-57.09,-28.35,-97.63
-19.62,-2.09,-566.69,-57.03,-28.46,-97.61
-19.78,-2.1,-566.96,-56.97,-28.58,-97.61
-19.91,-2.11,-567.24,-56.89,-28.68,-97.61
-19.98,-2.11,-567.49,-56.82,-28.76,-97.6
-20.06,-2.19,-567.72,-56.75,-28.83,-97.6
-20.15,-2.21,-567.95,-56.68,-28.93,-97.61
-20.2,-2.17,-568.18,-56.65,-29.01,-97.62
-20.31,-2.21,-568.41,-56.6,-29.08,-97.6
-20.39,-2.26,-568.64,-56.57,-29.12,-97.59
-20.46,-2.25,-568.86,-56.51,-29.23,-97.61
-20.56,-2.24,-569.1,-56.52,-29.28,-97.61
-20.66,-2.24,-569.35,-56.55,-29.35,-97.62
-20.77,-2.16,-569.63,-56.55,-29.49,-97.64
-20.97,-2,-569.96,-56.54,-29.63,-97.66
-21.2,-1.84,-570.37,-56.53,-29.77,-97.66
-21.45,-1.63,-570.84,-56.51,-29.92,-97.66
-21.74,-1.48,-571.4,-56.47,-30.12,-97.63
-22.07,-1.29,-572.04,-56.42,-30.35,-97.6
-22.39,-1.08,-572.71,-56.35,-30.62,-97.53
-22.82,-0.83,-573.49,-56.3,-30.94,-97.47
-23.31,-0.59,-574.35,-56.24,-31.24,-97.37
-23.72,-0.39,-575.2,-56.14,-31.54,-97.23
-24.16,-0.35,-576.08,-55.97,-31.91,-97.01
-24.59,-0.34,-576.98,-55.8,-32.22,-96.83
-24.9,-0.44,-577.83,-55.61,-32.53,-96.59
-25.19,-0.62,-578.69,-55.43,-32.84,-96.34
-25.52,-0.72,-579.58,-55.19,-33.43,-95.99
-25.87,-0.71,-580.53,-55.09,-33.71,-95.83
-26.2,-0.71,-581.5,-55.01,-33.95,-95.67
-26.47,-0.74,-582.45,-54.94,-34.16,-95.53
-26.69,-0.74,-583.35,-54.84,-34.33,-95.39
-26.92,-0.75,-584.27,-54.76,-34.52,-95.21
-27.13,-0.79,-585.21,-54.7,-34.72,-95.05
-27.27,-0.82,-586.1,-54.62,-34.91,-94.87
-27.43,-0.88,-587,-54.56,-35.06,-94.71
-27.56,-1.01,-587.86,-54.49,-35.21,-94.53
-27.62,-1.11,-588.64,-54.45,-35.31,-94.36
-27.71,-1.24,-589.42,-54.42,-35.4,-94.19
-27.76,-1.4,-590.15,-54.39,-35.49,-94.03
-27.72,-1.52,-590.81,-54.37,-35.54,-93.9
-27.7,-1.64,-591.47,-54.37,-35.58,-93.78
-27.67,-1.74,-592.11,-54.37,-35.61,-93.68
-27.58,-1.79,-592.69,-54.41,-35.66,-93.48
-27.54,-1.91,-593.28,-54.44,-35.62,-93.41
-27.44,-2,-593.87,-54.43,-35.61,-93.31
-27.28,-2.02,-594.4,-54.46,-35.59,-93.23
-27.16,-2.1,-594.95,-54.5,-35.56,-93.16
-27.04,-2.14,-595.48,-54.57,-35.53,-93.1
-26.97,-2.15,-596,-54.64,-35.51,-93.05
-26.91,-2.07,-596.54,-54.71,-35.53,-92.98
-26.87,-2.02,-597.12,-54.78,-35.53,-92.9
-26.8,-2.02,-597.69,-54.83,-35.49,-92.79
-26.7,-2.06,-598.22,-54.84,-35.45,-92.69
-26.63,-2.13,-598.79,-54.82,-35.45,-92.56
-26.53,-2.21,-599.35,-54.85,-35.43,-92.44
-26.43,-2.25,-599.91,-54.87,-35.42,-92.35
-26.38,-2.26,-600.5,-54.91,-35.41,-92.26
-26.37,-2.22,-601.11,-54.97,-35.39,-92.19
-26.31,-2.18,-601.71,-55.06,-35.38,-91.97
-26.33,-2.26,-602.33,-55.11,-35.32,-91.87
-26.28,-2.29,-602.93,-55.16,-35.31,-91.7
-26.19,-2.29,-603.5,-55.19,-35.28,-91.59
-26.16,-2.34,-604.09,-55.22,-35.25,-91.46
-26.11,-2.39,-604.69,-55.25,-35.26,-91.33
-26.04,-2.38,-605.27,-55.29,-35.27,-91.21
-26.03,-2.4,-605.89,-55.34,-35.26,-91.11
-25.99,-2.44,-606.52,-55.4,-35.25,-90.97
-25.9,-2.42,-607.11,-55.45,-35.21,-90.86
-25.88,-2.44,-607.72,-55.48,-35.19,-90.77
-25.82,-2.47,-608.34,-55.51,-35.16,-90.65
-25.72,-2.51,-608.9,-55.54,-35.14,-90.52
-25.62,-2.61,-609.47,-55.57,-35.09,-90.42
-25.55,-2.63,-610.04,-55.59,-35.04,-90.34
-25.46,-2.59,-610.64,-55.64,-35.06,-90.25
-25.42,-2.55,-611.29,-55.7,-35.03,-90.18
-25.33,-2.59,-611.92,-55.86,-34.93,-90.01
-25.23,-2.63,-612.51,-55.87,-34.89,-89.94
-25.12,-2.67,-613.06,-55.93,-34.84,-89.89
-25.01,-2.69,-613.62,-55.97,-34.78,-89.85
-24.85,-2.67,-614.15,-56.02,-34.71,-89.8
-24.69,-2.71,-614.66,-56.06,-34.66,-89.73
-24.53,-2.79,-615.14,-56.11,-34.55,-89.67
-24.33,-2.77,-615.59,-56.16,-34.48,-89.63
-24.2,-2.8,-616.07,-56.24,-34.39,-89.59
-24.07,-2.83,-616.56,-56.3,-34.3,-89.57
-23.92,-2.78,-617.03,-56.39,-34.21,-89.54
-23.84,-2.78,-617.51,-56.46,-34.12,-89.51
-23.78,-2.74,-618,-56.55,-34.05,-89.46
-23.69,-2.67,-618.51,-56.63,-33.98,-89.41
-23.64,-2.64,-619.03,-56.7,-33.93,-89.33
-23.61,-2.65,-619.56,-56.77,-33.86,-89.25
-23.55,-2.63,-620.08,-56.9,-33.81,-89.04
-23.52,-2.63,-620.62,-56.95,-33.78,-88.96
-23.51,-2.65,-621.17,-57.01,-33.76,-88.87
-23.45,-2.62,-621.7,-57.08,-33.74,-88.79
-23.47,-2.65,-622.27,-57.15,-33.67,-88.7
-23.43,-2.7,-622.82,-57.21,-33.61,-88.63
-23.39,-2.74,-623.35,-57.26,-33.6,-88.5
-23.33,-2.7,-623.88,-57.31,-33.56,-88.45
-23.32,-2.64,-624.45,-57.36,-33.53,-88.4
-23.3,-2.6,-625.05,-57.42,-33.49,-88.33
-23.28,-2.51,-625.65,-57.46,-33.47,-88.27
-23.29,-2.49,-626.33,-57.54,-33.46,-88.2
-23.28,-2.47,-627.03,-57.62,-33.41,-88.09
-23.23,-2.48,-627.69,-57.67,-33.44,-87.92
-23.23,-2.56,-628.35,-57.66,-33.46,-87.79
-23.23,-2.59,-629,-57.66,-33.45,-87.68
-23.19,-2.58,-629.65,-57.65,-33.49,-87.56
-23.15,-2.63,-630.32,-57.69,-33.55,-87.27
-23.12,-2.69,-631.01,-57.72,-33.55,-87.17
-23.08,-2.65,-631.71,-57.76,-33.55,-87.09
-23.07,-2.65,-632.46,-57.83,-33.56,-86.98
-23.06,-2.68,-633.23,-57.87,-33.56,-86.87
-23.02,-2.65,-633.97,-57.89,-33.58,-86.76
-23.03,-2.6,-634.74,-57.92,-33.63,-86.63
-23.07,-2.55,-635.57,-57.94,-33.65,-86.56
-23.1,-2.5,-636.41,-57.98,-33.69,-86.44
-23.07,-2.51,-637.22,-58.02,-33.71,-86.3
-23.02,-2.59,-637.99,-58,-33.75,-86.11
-22.93,-2.63,-638.71,-58,-33.75,-86.03
-22.9,-2.64,-639.45,-57.98,-33.77,-85.96
-22.87,-2.62,-640.21,-58,-33.8,-85.87
-22.85,-2.56,-640.96,-58.03,-33.88,-85.81
-22.86,-2.51,-641.73,-58.08,-33.91,-85.75
-22.88,-2.46,-642.52,-58.21,-33.91,-85.67
-22.86,-2.32,-643.29,-58.3,-33.92,-85.62
-22.9,-2.26,-644.12,-58.38,-33.94,-85.56
-22.96,-2.15,-644.97,-58.48,-33.96,-85.5
-23.04,-1.97,-645.86,-58.57,-33.99,-85.44
-23.17,-1.88,-646.81,-58.67,-34.09,-85.32
-23.27,-1.84,-647.79,-58.79,-34.13,-85.22
-23.31,-1.76,-648.73,-58.89,-34.15,-85.11
-23.39,-1.78,-649.7,-58.96,-34.18,-85.03
-23.48,-1.75,-650.68,-59,-34.22,-84.94
-23.55,-1.65,-651.66,-59.08,-34.26,-84.88
-23.65,-1.62,-652.75,-59.18,-34.3,-84.75
-23.72,-1.56,-653.84,-59.31,-34.36,-84.68
-23.75,-1.46,-654.96,-59.47,-34.35,-84.59
-23.77,-1.47,-656.09,-59.62,-34.33,-84.45
-23.82,-1.52,-657.17,-59.73,-34.3,-84.32
-23.79,-1.58,-658.15,-59.94,-34.19,-84.06
-23.75,-1.68,-659.02,-60.01,-34.11,-83.98
-23.76,-1.75,-659.8,-60.07,-34.03,-83.95
-23.7,-1.77,-660.44,-60.15,-33.94,-83.94
-23.7,-1.72,-660.97,-60.23,-33.86,-83.93
-23.7,-1.62,-661.43,-60.33,-33.74,-83.97
-23.68,-1.51,-661.8,-60.44,-33.62,-84.02
-23.66,-1.19,-662.08,-60.55,-33.53,-84.09
-23.62,-0.74,-662.28,-60.62,-33.44,-84.21
-23.55,-0.19,-662.47,-60.67,-33.35,-84.36
-23.45,0.21,-662.65,-60.69,-33.26,-84.54
-23.31,0.54,-662.8,-60.64,-33.26,-84.66
-22.94,1.4,-662.8,-60.5,-33.21,-84.94
-22.62,2.4,-662.82,-60.21,-33.24,-85.37
-22.34,3.14,-662.92,-59.78,-33.38,-85.91
-21.87,4.06,-662.96,-59.29,-33.58,-86.47
-21.21,5,-662.95,-58.74,-33.78,-87.2
-20.48,5.73,-662.91,-57.29,-34,-89.16
-19.65,6.54,-662.82,-56.37,-34.03,-90.5
-18.73,7.47,-662.7,-55.4,-34.06,-91.94
-17.77,8.4,-662.49,-54.28,-34.15,-93.66
-16.72,9.38,-662.21,-53.24,-34.25,-95.43
-15.72,10.26,-661.83,-52.16,-34.36,-97.32
-14.64,11.26,-661.29,-51.1,-34.38,-99.29
-13.59,12.34,-660.56,-49.95,-34.38,-101.38
-12.68,13.21,-659.73,-48.84,-34.43,-103.48
-11.82,14.02,-658.88,-47.69,-34.5,-105.65
-10.99,15.14,-657.89,-46.49,-34.59,-107.83
-10.41,15.98,-656.9,-45.33,-34.67,-110.02
-10.05,16.73,-655.88,-43.9,-34.88,-112.27
-9.75,17.82,-654.73,-42.46,-35.33,-114.42
-9.65,18.62,-653.59,-40.91,-35.92,-116.65
-9.64,19.22,-652.4,-39.37,-36.7,-118.79
-9.73,19.87,-651.18,-36.14,-38.89,-123.05
-9.83,20.55,-649.89,-34.53,-40.17,-125.14
-10.09,20.83,-648.57,-32.98,-41.55,-127.23
-10.42,20.83,-647.24,-31.41,-43.11,-129.28
-10.79,20.77,-645.88,-29.76,-44.79,-131.27
-11.39,20.87,-644.32,-28.3,-46.55,-133.25
-12.16,20.45,-642.86,-26.79,-48.41,-135.41
-13,19.86,-641.49,-25.32,-50.31,-137.34
-13.96,19.21,-640.06,-23.88,-52.41,-139.33
-14.99,18.4,-638.62,-22.57,-54.4,-141.22
-15.99,17.41,-637.2,-21.23,-56.11,-143.17
-17.13,16.28,-635.7,-19.97,-57.81,-144.97
-18.37,15.07,-634.15,-18.76,-59.4,-146.81
-19.6,13.75,-632.64,-17.65,-60.84,-148.51
-21.04,12.34,-631.08,-16.55,-62.28,-150.31
-22.44,10.89,-629.64,-15.49,-63.68,-151.92
-23.81,9.49,-628.23,-14.42,-65.21,-153.57
-25.34,8.12,-626.78,-12.6,-67.81,-156.57
-27.02,6.7,-625.4,-11.79,-68.82,-157.98
-28.76,5.19,-624.14,-11.07,-69.8,-159.41
-30.64,3.77,-622.96,-10.37,-70.61,-160.69
-32.54,2.5,-621.86,-9.82,-71.48,-162
-34.46,1.34,-620.86,-9.25,-72.32,-163.27
-36.3,0.05,-619.95,-8.75,-73.01,-164.38
-38.28,-1.34,-619.07,-8.36,-73.51,-165.57
-40.25,-2.83,-618.24,-7.98,-73.78,-166.67
-42.15,-4.29,-617.45,-7.64,-73.85,-167.81
-44.23,-5.71,-616.68,-7.32,-73.97,-168.84
-46.19,-7.03,-616,-7.06,-74.28,-169.82
-48.06,-8.07,-615.41,-6.85,-74.56,-170.82
-49.91,-9.09,-614.87,-6.62,-74.76,-171.82
-51.69,-10.04,-614.37,-6.43,-74.91,-172.77
-53.42,-10.8,-613.85,-6.22,-74.92,-173.66
-55.3,-11.67,-613.36,-5.96,-74.95,-175.35
-57.19,-12.61,-612.94,-5.82,-74.94,-176.14
-58.95,-13.42,-612.61,-5.67,-74.87,-176.91
-60.81,-14.21,-612.35,-5.52,-74.82,-177.6
-62.68,-15.1,-612.15,-5.44,-74.85,-178.21
-64.37,-15.75,-612.02,-5.28,-74.87,-178.72
-66.09,-16.07,-611.95,-5.26,-75.01,-179.16
-67.79,-16.4,-612.04,-5.2,-75.02,-179.53
-69.38,-16.77,-612.24,-5.12,-74.84,-179.85
-70.98,-17.37,-612.53,-5.09,-74.59,-180.12
-72.52,-18.04,-612.91,-5.02,-74.49,-180.26
-73.95,-18.68,-613.31,-5.12,-74.4,-180.35
-75.54,-19.23,-613.84,-5.2,-74.23,-180.42
-77,-19.77,-614.46,-5.32,-74.06,-180.46
-78.28,-20.32,-615.13,-5.45,-73.87,-180.45
-79.65,-20.86,-615.9,-5.67,-73.81,-180.37
-80.93,-21.42,-616.74,-6.05,-73.73,-180.08
-82,-21.97,-617.62,-6.36,-73.79,-179.84
-83.07,-22.46,-618.56,-6.5,-73.7,-179.62
-84.05,-22.97,-619.55,-6.83,-73.48,-179.33
-84.89,-23.8,-620.55,-7.03,-73.24,-179
-85.84,-24.84,-621.7,-7.35,-73.22,-178.6
-86.53,-25.59,-622.92,-7.55,-73.15,-178.13
-86.95,-26.34,-624.12,-7.74,-73.11,-177.6
-87.39,-27.19,-625.47,-7.91,-72.97,-177.05
-87.63,-28.11,-626.85,-8.07,-72.85,-176.5
-87.68,-29.12,-628.17,-8.21,-72.76,-175.88
-87.59,-30.15,-629.56,-8.33,-72.77,-175.21
-87.38,-31.14,-630.97,-8.5,-72.77,-174.51
-87.05,-32.13,-632.44,-8.56,-72.87,-173.81
-86.53,-33.04,-633.82,-8.63,-73.07,-173.06
-85.99,-34.04,-635.26,-8.64,-73.33,-172.3
-85.37,-35.08,-636.77,-8.67,-73.73,-170.69
-84.48,-36.1,-638.25,-8.66,-74.05,-169.86
-83.58,-37.09,-639.74,-8.73,-74.37,-168.93
-82.53,-38.2,-641.29,-8.73,-74.69,-168.04
-81.29,-39.22,-642.82,-8.72,-75.07,-167.09
-79.99,-40.26,-644.39,-8.67,-75.51,-166.13
-78.7,-41.53,-645.99,-8.59,-75.79,-165.25
-77.29,-42.94,-647.5,-8.59,-76.12,-164.29
-75.85,-44.41,-649.05,-8.52,-76.58,-163.22
-74.38,-45.88,-650.66,-8.5,-77.14,-162.14
-72.84,-47.13,-652.27,-8.44,-77.62,-161.09
-71.23,-48.32,-653.92,-8.41,-78.1,-159.99
-69.7,-49.79,-655.64,-8.35,-78.43,-158.99
-68.05,-51.46,-657.25,-8.37,-78.78,-157.89
-66.33,-53.03,-658.94,-8.32,-79.21,-156.74
-64.6,-54.63,-660.61,-8.34,-80.11,-154.36
-62.73,-56.34,-662.3,-8.41,-80.5,-153.18
-60.8,-57.89,-664.07,-8.42,-80.96,-151.79
-58.79,-59.42,-665.83,-8.53,-81.39,-150.44
-56.73,-60.92,-667.64,-8.59,-81.72,-149.07
-54.66,-62.43,-669.47,-8.66,-82.04,-147.64
-52.49,-64.06,-671.3,-8.8,-82.28,-146.09
-50.26,-65.52,-673.07,-8.94,-82.53,-144.65
-47.99,-66.85,-674.93,-9.09,-82.84,-143.13
-45.67,-67.85,-676.76,-9.26,-83.09,-141.62
-43.3,-68.57,-678.47,-9.43,-83.21,-140.05
-40.93,-69.51,-680.27,-9.66,-83.16,-138.51
-38.51,-70.38,-682.18,-9.93,-83.14,-137.03
-36.06,-70.91,-683.88,-10.25,-83.03,-135.55
-33.6,-71.38,-685.62,-10.53,-82.86,-133.99
-31.15,-71.78,-687.28,-10.82,-82.64,-132.57
-28.73,-72.31,-688.88,-11.35,-82,-129.69
-26.25,-72.72,-690.45,-11.65,-81.53,-128.33
-23.76,-73.06,-692,-11.86,-81.08,-126.86
-21.3,-73.57,-693.43,-12.14,-80.59,-125.46
-18.8,-74.1,-694.94,-12.4,-80.19,-124.08
-16.26,-74.12,-696.38,-12.61,-79.71,-122.72
-13.68,-73.87,-697.7,-12.81,-79.26,-121.39
-11.09,-73.79,-698.96,-13.03,-78.9,-120.1
-8.51,-73.7,-700.2,-13.06,-78.57,-118.78
-6,-73.42,-701.33,-13.19,-78.11,-117.57
-3.58,-73.19,-702.35,-13.23,-77.81,-116.27
