-1.224
-1.2191
-1.2094
-1.205
-1.1963
-1.1923
-1.1886
-1.1811
-1.178
-1.175
-1.1688
-1.1657
-1.16
-1.1577
-1.1559
-1.1517
-1.1501
-1.1487
-1.1447
-1.1432
-1.1398
-1.1381
-1.1364
-1.1324
-1.1312
-1.1298
-1.1287
-1.1267
-1.1229
-1.1196
-1.1167
-1.1122
-1.1084
-1.1032
-1.0902
-1.0779
-1.0588
-1.0476
-1.0379
-1.0257
-1.0201
-1.0154
-1.0134
-1.0146
-1.0184
-1.0189
-1.0199
-1.0217
-1.0232
-1.0279
-1.0322
-1.0373
-1.0434
-1.0478
-1.0532
-1.0628
-1.0683
-1.0768
-1.0829
-1.0893
-1.0991
-1.1056
-1.1113
-1.1215
-1.128
-1.1378
-1.1428
-1.149
-1.157
-1.1617
-1.1651
-1.1685
-1.1725
-1.1825
-1.19
-1.1985
-1.2087
-1.2145
-1.222
-1.233
-1.239
-1.2488
-1.2544
-1.2606
-1.2695
-1.2744
-1.2797
-1.2882
-1.2933
-1.3015
-1.3068
-1.3129
-1.3197
-1.3246
-1.3292
-1.3356
-1.3406
-1.3479
-1.3514
-1.3558
-1.3614
-1.3638
-1.368
-1.3733
-1.3776
-1.3859
-1.3894
-1.3944
-1.4009
-1.4062
-1.4104
-1.4162
-1.4209
-1.4251
-1.4283
-1.4321
-1.4382
-1.442
-1.4465
-1.4547
-1.462
-1.4706
-1.4772
-1.4846
-1.4944
-1.5003
-1.5069
-1.5162
-1.521
-1.5301
-1.5351
-1.5407
-1.5482
-1.5527
-1.5585
-1.5649
-1.5701
-1.5761
-1.5817
-1.5876
-1.592
-1.597
-1.6018
-1.6066
-1.6108
-1.6158
-1.6182
-1.6218
-1.6245
-1.6271
-1.6279
-1.6295
-1.6317
-1.6312
-1.6308
-1.6306
-1.6283
-1.6288
-1.6287
-1.6265
-1.6254
-1.6218
-1.6196
-1.6161
-1.6086
-1.6065
-1.6043
-1.5995
-1.5962
-1.5887
-1.586
-1.582
-1.5757
-1.5712
-1.5674
-1.5594
-1.5533
-1.5444
-1.5396
-1.5362
-1.5302
-1.5268
-1.5225
-1.5156
-1.5126
-1.5064
-1.5014
-1.499
-1.4918
-1.4868
-1.4827
-1.4749
-1.4697
-1.4601
-1.4535
-1.4487
-1.4402
-1.4355
-1.431
-1.423
-1.4176
-1.4081
-1.4019
-1.3963
-1.3884
-1.3857
-1.3845
-1.3772
-1.3754
-1.3679
-1.3632
-1.3573
-1.3497
-1.3446
-1.3443
-1.3374
-1.3319
-1.321
-1.3187
-1.3128
-1.3001
-1.2905
-1.2807
-1.2633
-1.2516
-1.2353
-1.2204
-1.2034
-1.183
-1.1701
-1.162
-1.1513
-1.1452
-1.1407
-1.1371
-1.1347
-1.1357
-1.1344
-1.1371
-1.1461
-1.1501
-1.1601
-1.1646
-1.1719
-1.184
-1.1906
-1.1984
-1.2125
-1.2211
-1.2358
-1.2442
-1.2504
-1.2635
-1.2744
-1.2842
-1.3007
-1.309
-1.3232
-1.3321
-1.3408
-1.3564
-1.3648
-1.3742
-1.3866
-1.3954
-1.4066
-1.4139
-1.4222
-1.4332
-1.44
-1.4479
-1.4588
-1.4658
-1.4763
-1.4827
-1.4884
-1.4991
-1.5058
-1.5124
-1.5206
-1.5257
-1.5334
-1.5393
-1.5448
-1.5546
-1.5611
-1.5663
-1.5732
-1.5783
-1.5855
-1.59
-1.5953
-1.6009
-1.6043
-1.6077
-1.6123
-1.616
-1.6215
-1.6252
-1.6302
-1.6347
-1.6368
-1.6378
-1.6422
-1.6463
-1.6505
-1.6537
-1.6561
-1.6584
-1.6613
-1.6662
-1.6729
-1.6755
-1.6763
-1.6732
-1.673
-1.671
-1.6696
-1.6689
-1.6654
-1.6634
-1.6586
-1.655
-1.6525
-1.6499
-1.6496
-1.6479
-1.6437
-1.6406
-1.6364
-1.6337
-1.6302
-1.624
-1.6194
-1.6146
-1.6078
-1.6028
-1.5957
-1.5914
-1.587
-1.5807
-1.5766
-1.5724
-1.5643
-1.5599
-1.5525
