-0.20368,1.284,-7.3059,-0.048695,0.41923,-0.021118
-0.19373,1.2854,-7.3059,-0.045553,0.45605,-0.019548
-0.20124,1.2828,-7.3051,-0.053756,0.52273,-0.018151
-0.22881,1.2772,-7.3021,-0.065973,0.55292,-0.019199
-0.26424,1.2697,-7.299,-0.1035,0.60825,-0.024609
-0.29339,1.2601,-7.2986,-0.13439,0.63513,-0.031416
-0.32777,1.2558,-7.2986,-0.17157,0.6634,-0.042412
-0.35116,1.2607,-7.3009,-0.22462,0.7271,-0.072606
-0.34575,1.2725,-7.3077,-0.24155,0.75992,-0.093724
-0.33737,1.2881,-7.3176,-0.25639,0.79238,-0.11118
-0.32917,1.3025,-7.3314,-0.27018,0.84806,-0.13474
-0.30648,1.3123,-7.3471,-0.27,0.86603,-0.14102
-0.28641,1.3137,-7.3588,-0.25342,0.89099,-0.14277
-0.27681,1.3059,-7.3634,-0.24016,0.89989,-0.1384
-0.26669,1.2901,-7.3611,-0.22113,0.90879,-0.13038
-0.25813,1.2737,-7.3552,-0.1885,0.92817,-0.10751
-0.25115,1.2605,-7.3478,-0.17383,0.93969,-0.094422
-0.24225,1.2495,-7.3414,-0.14434,0.96499,-0.06929
-0.22811,1.242,-7.3353,-0.13073,0.97704,-0.059167
-0.21415,1.2353,-7.3297,-0.11921,0.98786,-0.050265
-0.20246,1.2292,-7.3255,-0.10332,1.0074,-0.037874
-0.1953,1.224,-7.3239,-0.099833,1.0163,-0.033685
-0.18919,1.2203,-7.3244,-0.097564,1.0243,-0.03159
-0.185,1.2175,-7.3285,-0.099484,1.0435,-0.030543
-0.18466,1.2181,-7.3342,-0.10263,1.054,-0.031416
-0.19042,1.2184,-7.3414,-0.14818,1.0718,-0.045728
-0.22131,1.216,-7.3403,-0.1946,1.0802,-0.065624
-0.27227,1.2165,-7.3318,-0.23632,1.0973,-0.087266
-0.30299,1.2326,-7.3337,-0.27,1.1425,-0.12671
-0.29828,1.2526,-7.3503,-0.27786,1.1643,-0.15149
-0.2981,1.2701,-7.3665,-0.28938,1.1868,-0.18466
-0.30421,1.2901,-7.3779,-0.31695,1.2298,-0.25866
-0.30578,1.3123,-7.3882,-0.3269,1.2521,-0.29531
-0.30456,1.3338,-7.4004,-0.34941,1.2837,-0.36512
-0.29967,1.3533,-7.4101,-0.36565,1.2907,-0.40108
-0.29775,1.3638,-7.4152,-0.38083,1.2959,-0.43651
-0.29217,1.3666,-7.4159,-0.4023,1.2935,-0.49707
-0.29252,1.3673,-7.4204,-0.40911,1.2914,-0.52447
-0.29356,1.3647,-7.4245,-0.42115,1.2882,-0.54978
-0.2913,1.3573,-7.4285,-0.44331,1.2746,-0.59586
-0.28676,1.3486,-7.4321,-0.45256,1.2662,-0.6175
-0.28676,1.3376,-7.4365,-0.47438,1.2469,-0.65712
-0.28554,1.3237,-7.4391,-0.48223,1.2374,-0.67579
-0.28484,1.3099,-7.4424,-0.4948,1.2259,-0.69621
-0.27751,1.295,-7.4442,-0.51906,1.2011,-0.73985
-0.26669,1.2792,-7.4468,-0.53721,1.1872,-0.76271
-0.25744,1.2631,-7.4501,-0.55624,1.1708,-0.78383
-0.25063,1.2444,-7.4533,-0.58224,1.1371,-0.82467
-0.24138,1.2237,-7.4548,-0.59271,1.1193,-0.84247
-0.23614,1.2022,-7.4592,-0.61121,1.0823,-0.87825
-0.22393,1.18,-7.4623,-0.61488,1.0638,-0.89623
-0.21206,1.1554,-7.4665,-0.62308,1.043,-0.91298
-0.20647,1.1294,-7.4714,-0.64315,1.0006,-0.94283
-0.19827,1.1025,-7.4754,-0.64699,0.97878,-0.95609
-0.19076,1.0737,-7.48,-0.65467,0.93375,-0.97686
-0.18361,1.0432,-7.4833,-0.65799,0.91054,-0.98541
-0.17471,1.0097,-7.4871,-0.65956,0.88645,-0.9917
-0.17157,0.97546,-7.4901,-0.66288,0.83898,-1.0006
-0.17139,0.94126,-7.4927,-0.66288,0.81542,-1.0039
-0.16703,0.90879,-7.4941,-0.66323,0.79308,-1.0079
-0.16458,0.87773,-7.4958,-0.66724,0.75346,-1.0161
-0.15673,0.84736,-7.4969,-0.66898,0.73513,-1.0215
-0.15341,0.81926,-7.4986,-0.67265,0.71803,-1.0264
-0.1501,0.79186,-7.4993,-0.67963,0.68382,-1.036
-0.14364,0.76428,-7.5,-0.67981,0.66689,-1.04
-0.14224,0.73758,-7.5007,-0.68487,0.63408,-1.0486
-0.13596,0.7107,-7.5009,-0.68522,0.61785,-1.0523
-0.1316,0.68434,-7.5025,-0.68749,0.60214,-1.0559
-0.13038,0.65816,-7.5037,-0.69063,0.57107,-1.0643
-0.12619,0.63268,-7.5056,-0.69185,0.55501,-1.0687
-0.12427,0.60877,-7.5084,-0.69307,0.53983,-1.0736
-0.11903,0.58486,-7.5107,-0.69621,0.51068,-1.0835
-0.11327,0.56269,-7.5129,-0.69708,0.49672,-1.0882
-0.11013,0.54105,-7.5154,-0.69674,0.47141,-1.0975
-0.10577,0.52063,-7.5178,-0.69639,0.45937,-1.1015
-0.10315,0.49969,-7.5206,-0.69691,0.4475,-1.1055
-0.099658,0.47979,-7.522,-0.69848,0.42412,-1.1125
-0.096168,0.45989,-7.5232,-0.69953,0.41277,-1.1154
-0.093201,0.43947,-7.525,-0.70005,0.40143,-1.1188
-0.088139,0.4187,-7.5264,-0.69447,0.37891,-1.1243
-0.086743,0.39863,-7.5288,-0.69324,0.36826,-1.1271
-0.083252,0.37961,-7.5295,-0.69115,0.34959,-1.1325
-0.081158,0.36163,-7.5311,-0.6908,0.34051,-1.1355
-0.080111,0.34488,-7.5327,-0.6901,0.33266,-1.139
-0.075922,0.32812,-7.5339,-0.68644,0.3159,-1.146
-0.074875,0.31067,-7.5356,-0.68365,0.3084,-1.1493
-0.07278,0.29356,-7.5346,-0.68295,0.29915,-1.1519
-0.068417,0.27471,-7.536,-0.67841,0.281,-1.1563
-0.066323,0.25779,-7.5376,-0.67544,0.27384,-1.1582
-0.063006,0.24016,-7.5376,-0.66829,0.25831,-1.1601
-0.062308,0.22532,-7.5379,-0.66759,0.25115,-1.1605
-0.059341,0.20839,-7.5381,-0.66445,0.24295,-1.1612
-0.056898,0.19338,-7.5384,-0.65904,0.22742,-1.1627
-0.055851,0.17872,-7.5402,-0.65781,0.21852,-1.1638
-0.052011,0.16424,-7.541,-0.65642,0.20926,-1.1641
-0.052011,0.14957,-7.5431,-0.65328,0.19146,-1.1659
-0.050091,0.13683,-7.5447,-0.65223,0.18483,-1.1671
-0.050789,0.12514,-7.5468,-0.65659,0.17279,-1.1716
-0.047473,0.11694,-7.5475,-0.65729,0.16842,-1.1746
-0.049916,0.10612,-7.551,-0.66061,0.16424,-1.1776
-0.049218,0.096342,-7.5534,-0.6641,0.15673,-1.184
-0.050091,0.088139,-7.5564,-0.66654,0.15184,-1.1865
-0.051313,0.077842,-7.5573,-0.67195,0.14923,-1.1891
-0.051487,0.069464,-7.5578,-0.67597,0.14155,-1.1962
-0.052185,0.061261,-7.5597,-0.67823,0.13753,-1.1997
-0.053058,0.051487,-7.5625,-0.68015,0.12566,-1.206
-0.05044,0.043284,-7.5651,-0.68155,0.1213,-1.2093
-0.049916,0.034034,-7.5679,-0.68417,0.11572,-1.2118
-0.048695,0.024086,-7.5691,-0.68626,0.10664,-1.2175
-0.045902,0.015359,-7.5709,-0.68644,0.10193,-1.2205
-0.045553,0.0064577,-7.5726,-0.68749,0.097913,-1.224
-0.042412,-0.0013963,-7.576,-0.6833,0.089535,-1.2319
-0.036826,-0.0095993,-7.578,-0.67823,0.087266,-1.236
-0.03351,-0.017628,-7.5798,-0.67806,0.081507,-1.2446
-0.032289,-0.024435,-7.5817,-0.67893,0.078016,-1.2484
-0.030892,-0.031416,-7.5836,-0.67806,0.075049,-1.2531
-0.029671,-0.038397,-7.5855,-0.6737,0.068068,-1.2619
-0.024784,-0.046426,-7.5889,-0.66881,0.063355,-1.2655
-0.02426,-0.055851,-7.5913,-0.66549,0.059167,-1.2682
-0.022515,-0.064577,-7.5922,-0.65659,0.050265,-1.273
-0.017628,-0.075049,-7.5931,-0.65293,0.045204,-1.2748
-0.016755,-0.084474,-7.5945,-0.64769,0.036128,-1.2764
-0.016232,-0.093899,-7.5953,-0.64682,0.030194,-1.2762
-0.015359,-0.10385,-7.5964,-0.6442,0.024958,-1.276
-0.014312,-0.11432,-7.5974,-0.63984,0.012915,-1.2751
-0.019722,-0.12427,-7.6004,-0.64228,0.0073304,-1.2748
-0.020944,-0.13334,-7.6023,-0.64019,0.0019199,-1.2746
-0.018151,-0.14224,-7.6051,-0.63355,-0.0080285,-1.2765
-0.015359,-0.15115,-7.607,-0.63076,-0.014137,-1.2769
-0.014312,-0.1597,-7.6098,-0.62465,-0.025133,-1.2772
-0.01117,-0.16808,-7.6116,-0.62134,-0.029671,-1.2772
-0.0089012,-0.17575,-7.6136,-0.61942,-0.033685,-1.2772
-0.0075049,-0.18291,-7.6152,-0.61558,-0.04119,-1.2776
-0.0054105,-0.18884,-7.6168,-0.61383,-0.043982,-1.2778
-0.002618,-0.1953,-7.6187,-0.61174,-0.047647,-1.2781
0.0017453,-0.20263,-7.6206,-0.60319,-0.056374,-1.2786
0.0036652,-0.21049,-7.6229,-0.59917,-0.061959,-1.2776
0.0048869,-0.21939,-7.6257,-0.59219,-0.074002,-1.2722
0.0071558,-0.22881,-7.628,-0.58835,-0.080809,-1.269
0.007854,-0.23789,-7.6308,-0.58346,-0.086568,-1.2655
0.0092502,-0.24574,-7.6341,-0.57404,-0.097215,-1.258
0.011345,-0.25203,-7.636,-0.57561,-0.09896,-1.2542
0.0080285,-0.25674,-7.6379,-0.57858,-0.10036,-1.2504
0.0099484,-0.26232,-7.6398,-0.57666,-0.10594,-1.2409
0.0097738,-0.26861,-7.6424,-0.57509,-0.10926,-1.2338
0.0085521,-0.27663,-7.6451,-0.57404,-0.11938,-1.2156
0.010647,-0.28519,-7.6473,-0.56776,-0.12462,-1.2062
0.0095993,-0.29374,-7.65,-0.56235,-0.12915,-1.1962
0.0080285,-0.3002,-7.6526,-0.55327,-0.13544,-1.1781
0.008203,-0.30351,-7.6557,-0.54978,-0.13491,-1.1715
0.01117,-0.30526,-7.6568,-0.54734,-0.13369,-1.1645
0.012566,-0.30613,-7.6596,-0.5496,-0.1316,-1.1512
0.014486,-0.30596,-7.6616,-0.54646,-0.13055,-1.1441
0.018326,-0.30665,-7.6627,-0.55083,-0.12811,-1.1282
0.017977,-0.3098,-7.6648,-0.55397,-0.12776,-1.12
0.017104,-0.30997,-7.6671,-0.55589,-0.12706,-1.1107
0.016406,-0.30997,-7.6704,-0.55868,-0.12392,-1.0936
0.01309,-0.30892,-7.6733,-0.5592,-0.12165,-1.0852
0.012043,-0.30526,-7.6744,-0.55833,-0.11886,-1.0776
0.01501,-0.30089,-7.6758,-0.56339,-0.10908,-1.0613
0.014661,-0.29897,-7.6798,-0.56601,-0.10524,-1.0514
0.016581,-0.29548,-7.6817,-0.55781,-0.095295,-1.0259
0.02426,-0.29234,-7.6836,-0.55501,-0.090932,-1.0144
0.023387,-0.28972,-7.6824,-0.54716,-0.085347,-1.0018
0.020944,-0.28292,-7.6824,-0.55693,-0.069115,-0.98035
0.025482,-0.27471,-7.6822,-0.55397,-0.060912,-0.9711
0.024435,-0.26477,-7.6833,-0.55048,-0.051836,-0.96115
0.03002,-0.25779,-7.6829,-0.55798,-0.037874,-0.94073
0.027402,-0.24871,-7.6831,-0.56095,-0.029496,-0.93148
0.023038,-0.23806,-7.6838,-0.56776,-0.011519,-0.91263
0.022689,-0.22689,-7.6856,-0.56828,-0.0022689,-0.90513
0.017802,-0.2145,-7.6883,-0.57212,0.007854,-0.8971
0.015882,-0.20106,-7.6894,-0.57613,0.028798,-0.88349
0.013614,-0.18692,-7.6915,-0.57578,0.038397,-0.87493
0.011345,-0.17436,-7.695,-0.57002,0.045553,-0.86673
0.016057,-0.16476,-7.6985,-0.56008,0.059865,-0.84771
0.01117,-0.15446,-7.7011,-0.5681,0.067021,-0.83706
0.0099484,-0.14277,-7.7023,-0.57177,0.082205,-0.81367
0.018326,-0.13317,-7.7025,-0.56968,0.090932,-0.80058
0.010297,-0.12165,-7.7041,-0.57509,0.098611,-0.78662
0.0073304,-0.1103,-7.7041,-0.58469,0.11257,-0.75381
-0.0045379,-0.098786,-7.7058,-0.58538,0.11781,-0.73548
-0.025482,-0.088663,-7.7088,-0.58451,0.12287,-0.71785
-0.026005,-0.081507,-7.7098,-0.57596,0.13334,-0.68469
-0.020944,-0.071558,-7.7137,-0.57229,0.14085,-0.66916
-0.020071,-0.056898,-7.7159,-0.56496,0.1604,-0.63966
-0.010996,-0.043459,-7.717,-0.55659,0.17331,-0.625
-0.014137,-0.029147,-7.7205,-0.55711,0.18675,-0.61069
-0.0080285,-0.01309,-7.7206,-0.54123,0.21991,-0.58434
-0.0034907,0.0047124,-7.7201,-0.53425,0.23841,-0.57125
0.0033161,0.023736,-7.7199,-0.52168,0.25587,-0.56008
0.015184,0.040492,-7.718,-0.49724,0.29409,-0.53878
0.015359,0.060388,-7.7178,-0.49218,0.31241,-0.52936
0.024435,0.081332,-7.7145,-0.47438,0.35151,-0.50999
0.028798,0.10245,-7.7144,-0.46757,0.36984,-0.49986
0.029496,0.12392,-7.7128,-0.45937,0.39078,-0.48939
0.031067,0.14556,-7.7112,-0.45448,0.42586,-0.46583
0.028798,0.16598,-7.71,-0.45117,0.44174,-0.45274
0.03159,0.18605,-7.7084,-0.44244,0.45797,-0.43808
0.029845,0.20403,-7.7065,-0.4393,0.4873,-0.40439
0.021817,0.22218,-7.7049,-0.43598,0.50318,-0.38397
0.020071,0.23963,-7.7034,-0.43581,0.53075,-0.33737
0.0050615,0.25534,-7.7023,-0.44454,0.54332,-0.31311
-0.0013963,0.26861,-7.6986,-0.44139,0.55816,-0.29025
-0.010821,0.28484,-7.6981,-0.4304,0.58783,-0.24906
-0.0095993,0.2995,-7.6978,-0.4187,0.60266,-0.22864
-0.0017453,0.31573,-7.6983,-0.39584,0.62169,-0.21136
0.010996,0.33214,-7.6988,-0.35238,0.66131,-0.18483
0.029322,0.35325,-7.6999,-0.32969,0.68138,-0.1768
0.052011,0.37577,-7.6993,-0.27995,0.72152,-0.16912
0.075922,0.40038,-7.7007,-0.25831,0.74002,-0.16773
0.098437,0.42499,-7.7016,-0.23824,0.76009,-0.16598
0.12322,0.44977,-7.7049,-0.19879,0.79727,-0.16546
0.13596,0.4749,-7.707,-0.18256,0.81751,-0.16493
0.14818,0.49969,-7.7086,-0.16755,0.83793,-0.16354
0.15813,0.52447,-7.7089,-0.14015,0.87947,-0.15952
0.17541,0.54786,-7.7084,-0.12497,0.90129,-0.15603
0.19356,0.57125,-7.7062,-0.083252,0.94265,-0.14923
0.22637,0.59184,-7.7041,-0.058992,0.9622,-0.14416
0.22864,0.61523,-7.7002,-0.04852,0.97826,-0.13526
0.21136,0.63478,-7.6938,-0.046426,1.0104,-0.10699
0.19792,0.64979,-7.6866,-0.040666,1.0268,-0.090757
0.19687,0.66253,-7.68,-0.014312,1.0605,-0.059865
0.20176,0.67544,-7.6742,-0.0029671,1.0769,-0.045029
0.20316,0.68818,-7.6671,0.0075049,1.0941,-0.030543
0.20787,0.70058,-7.6597,0.028972,1.1308,-0.0029671
0.21031,0.71419,-7.6531,0.041364,1.1491,0.0085521
0.21729,0.72763,-7.6461,0.054978,1.1666,0.019024
0.22288,0.74072,-7.6407,0.077144,1.1982,0.03927
0.22846,0.75259,-7.6353,0.085696,1.212,0.050789
0.23073,0.76271,-7.6292,0.10367,1.2395,0.076445
0.2351,0.77266,-7.6229,0.11188,1.2519,0.088837
0.23876,0.78191,-7.617,0.12008,1.2624,0.10036
0.2419,0.79238,-7.6124,0.13299,1.2818,0.11886
0.24574,0.80198,-7.6088,0.1405,1.2903,0.12549
0.24923,0.81437,-7.6068,0.14451,1.2982,0.13107
0.25482,0.82606,-7.6049,0.15603,1.3135,0.13893
0.26389,0.83811,-7.6061,0.15813,1.3193,0.14102
0.26634,0.84928,-7.6065,0.16005,1.3258,0.14608
0.27122,0.85765,-7.6068,0.16476,1.3282,0.1501
0.27663,0.86324,-7.606,0.17052,1.3312,0.15516
0.28292,0.8676,-7.6039,0.18221,1.3388,0.1693
0.28798,0.87127,-7.6004,0.1885,1.3429,0.1789
0.29287,0.87284,-7.5958,0.19286,1.3479,0.19042
0.29688,0.87301,-7.5887,0.20193,1.3566,0.21677
0.29671,0.87144,-7.5805,0.20543,1.3601,0.23422
0.30089,0.86673,-7.5712,0.21991,1.3638,0.26843
0.30473,0.86237,-7.5608,0.22462,1.3652,0.28623
0.30473,0.85853,-7.551,0.23073,1.3659,0.30543
0.31032,0.85416,-7.5423,0.24976,1.3641,0.33632
0.31852,0.85137,-7.5346,0.25953,1.361,0.34976
0.32568,0.85015,-7.529,0.26808,1.3556,0.36163
0.33161,0.84753,-7.5262,0.28571,1.3385,0.37804
0.33859,0.84561,-7.5248,0.29234,1.3296,0.38415
0.35046,0.83985,-7.5234,0.31241,1.3127,0.39514
0.3632,0.83444,-7.5208,0.32777,1.3069,0.4016
0.38345,0.83008,-7.5168,0.34226,1.3025,0.40876
0.3927,0.82502,-7.5119,0.36024,1.2919,0.42534
0.39898,0.82083,-7.5077,0.3625,1.2858,0.43511
0.40527,0.81489,-7.5042,0.38834,1.2697,0.45029
0.43092,0.80687,-7.5006,0.40806,1.265,0.45413
0.4468,0.80512,-7.4985,0.41766,1.2612,0.45902
0.46356,0.79988,-7.4946,0.43686,1.2516,0.46967
0.47735,0.79447,-7.4917,0.44296,1.2455,0.4749
0.48573,0.78924,-7.4892,0.45029,1.2371,0.47944
0.49515,0.78418,-7.4875,0.47333,1.2174,0.48433
0.50231,0.77929,-7.4862,0.47962,1.2072,0.48974
0.51225,0.76899,-7.4848,0.49602,1.1891,0.50108
0.52255,0.76044,-7.4831,0.50335,1.1825,0.50772
0.53704,0.75119,-7.4787,0.5133,1.1779,0.51435
0.55222,0.74421,-7.4744,0.5325,1.1736,0.52203
0.56217,0.74194,-7.4716,0.53739,1.1715,0.52587
0.57282,0.73775,-7.4683,0.53913,1.1699,0.53006
0.57648,0.73094,-7.4641,0.53634,1.1631,0.54576
0.5784,0.72396,-7.4592,0.53599,1.1587,0.55501
0.58678,0.71558,-7.4529,0.54262,1.1481,0.57247
0.59376,0.70756,-7.4471,0.54873,1.1411,0.58015
0.60231,0.6997,-7.4431,0.55536,1.1343,0.58765
0.61121,0.69063,-7.4412,0.56531,1.1167,0.60458
0.61296,0.67998,-7.4382,0.56845,1.1078,0.61488
0.6243,0.66689,-7.4342,0.57666,1.1013,0.62518
0.63495,0.65485,-7.4272,0.58015,1.0907,0.64664
0.64228,0.64909,-7.419,0.57753,1.0838,0.65467
0.64752,0.64176,-7.4143,0.57666,1.0669,0.66916
0.65642,0.63268,-7.4114,0.57997,1.0596,0.67614
0.66741,0.62291,-7.4058,0.58451,1.0503,0.68365
0.67649,0.61017,-7.4007,0.599,1.0355,0.70005
0.68749,0.59865,-7.3957,0.60214,1.0278,0.71052
0.69115,0.58922,-7.3885,0.59498,1.0167,0.71977
0.69394,0.58015,-7.3889,0.59341,0.99065,0.72693
0.69743,0.57491,-7.3916,0.5976,0.97669,0.72501
0.70494,0.57125,-7.393,0.60388,0.95155,0.72047
0.7189,0.56584,-7.3964,0.60074,0.93934,0.71908
0.7203,0.56182,-7.4004,0.60109,0.9252,0.71646
0.7271,0.55659,-7.4047,0.59935,0.89989,0.70808
0.73251,0.55432,-7.4093,0.60161,0.88942,0.70197
0.74054,0.55449,-7.4149,0.60074,0.8793,0.69464
0.74316,0.55467,-7.4227,0.59341,0.85591,0.67649
0.74386,0.55868,-7.4314,0.58818,0.84456,0.66567
0.75171,0.55973,-7.4402,0.58311,0.82572,0.6435
0.75311,0.56165,-7.448,0.57858,0.81437,0.63547
0.75992,0.55868,-7.4566,0.5784,0.80547,0.62779
0.76009,0.56095,-7.4649,0.56968,0.79238,0.61121
0.76341,0.56636,-7.4735,0.56566,0.78854,0.5997
0.76079,0.57491,-7.4836,0.55536,0.78505,0.58783
0.75835,0.58853,-7.4934,0.53617,0.78365,0.55606
0.75922,0.60074,-7.5032,0.52953,0.78592,0.53931
0.75869,0.61401,-7.5135,0.51051,0.79029,0.50597
0.75712,0.62553,-7.5234,0.50091,0.79203,0.49201
0.75259,0.63774,-7.5339,0.49288,0.79273,0.47647
0.74613,0.64909,-7.5458,0.47351,0.79412,0.44646
0.73531,0.66235,-7.5568,0.46914,0.79779,0.42953
0.73094,0.67736,-7.5683,0.45117,0.80983,0.39567
0.72082,0.69098,-7.5793,0.44384,0.81612,0.37751
0.72187,0.70494,-7.5892,0.4386,0.82641,0.35727
0.71384,0.72658,-7.6044,0.40823,0.84788,0.3187
0.7011,0.74683,-7.6161,0.39113,0.85608,0.29985
0.69429,0.76044,-7.6255,0.37891,0.86307,0.28327
0.68591,0.7751,-7.6339,0.35989,0.88122,0.24731
0.67876,0.79063,-7.6437,0.34243,0.89239,0.23143
0.67405,0.80285,-7.6501,0.31974,0.91735,0.19844
0.67038,0.81786,-7.6575,0.30718,0.93078,0.17994
0.65555,0.83723,-7.6658,0.29217,0.94318,0.16301
0.63809,0.85521,-7.676,0.24976,0.95766,0.13491
0.62518,0.86691,-7.6871,0.23248,0.96639,0.11938
0.61348,0.88244,-7.6966,0.21782,0.97983,0.10263
0.60319,0.90024,-7.7055,0.18902,1.0123,0.064926
0.59533,0.91926,-7.7138,0.17523,1.0331,0.045204
0.58364,0.94213,-7.7217,0.15184,1.0774,0.010123
0.57334,0.96011,-7.7281,0.14678,1.0985,-0.0066323
0.56287,0.98105,-7.733,0.13806,1.1188,-0.024609
0.55746,0.99658,-7.7381,0.12776,1.158,-0.055851
0.54751,1.0163,-7.7452,0.11938,1.1783,-0.072257
0.53826,1.032,-7.7514,0.10908,1.1945,-0.087965
0.52622,1.0489,-7.7585,0.079762,1.2224,-0.12043
0.50894,1.0643,-7.7643,0.06161,1.2348,-0.13474
0.4955,1.079,-7.7695,0.031067,1.2601,-0.16476
0.47874,1.0901,-7.7726,0.017802,1.2723,-0.17785
0.46548,1.1034,-7.7763,0.012392,1.2847,-0.19094
0.4564,1.1146,-7.7822,0.00087266,1.3066,-0.21485
0.44419,1.1273,-7.7884,-0.0099484,1.3135,-0.22602
0.43232,1.1373,-7.7939,-0.020769,1.3203,-0.23649
0.42167,1.1463,-7.799,-0.039968,1.3319,-0.25377
0.41225,1.1533,-7.8039,-0.047298,1.3364,-0.2611
0.40527,1.1585,-7.8074,-0.057247,1.347,-0.27175
0.40212,1.1603,-7.8103,-0.058294,1.3521,-0.27751
0.39863,1.1636,-7.8126,-0.061087,1.3575,-0.28292
0.3913,1.1685,-7.8149,-0.068766,1.3675,-0.29706
0.38868,1.1737,-7.817,-0.07278,1.3724,-0.30386
0.38397,1.1786,-7.8189,-0.076096,1.3764,-0.31102
0.37996,1.1839,-7.8215,-0.083078,1.3813,-0.32463
0.37594,1.188,-7.8238,-0.087092,1.3835,-0.33161
0.37525,1.1907,-7.8268,-0.092153,1.3844,-0.34732
0.36966,1.1945,-7.8299,-0.098786,1.3832,-0.35343
0.36495,1.1969,-7.8329,-0.1042,1.3816,-0.35919
0.36216,1.1983,-7.8365,-0.10926,1.3767,-0.36879
0.35919,1.1975,-7.8405,-0.1117,1.3727,-0.37176
0.35675,1.1947,-7.8446,-0.11467,1.365,-0.37612
0.35151,1.1912,-7.8484,-0.12078,1.3607,-0.37909
0.35064,1.1887,-7.8517,-0.12357,1.3586,-0.38397
0.34732,1.1898,-7.8552,-0.13142,1.3542,-0.39619
0.34732,1.1894,-7.8589,-0.13369,1.3521,-0.40265
0.34383,1.1917,-7.8627,-0.1384,1.3504,-0.40771
0.34191,1.1928,-7.8674,-0.14294,1.3455,-0.41434
0.33493,1.1926,-7.8716,-0.14521,1.3413,-0.41626
0.32882,1.1901,-7.8754,-0.14539,1.3287,-0.4194
0.32446,1.1863,-7.8788,-0.14242,1.3238,-0.4194
0.32201,1.1814,-7.8817,-0.13998,1.3203,-0.41888
0.31643,1.1779,-7.8852,-0.13823,1.3162,-0.41644
0.31521,1.1748,-7.8887,-0.13474,1.3144,-0.41539
0.32585,1.1716,-7.8936,-0.13038,1.313,-0.41521
0.36128,1.1652,-7.902,-0.11624,1.3083,-0.41364
0.44454,1.1558,-7.9231,-0.10699,1.3073,-0.4126
0.52116,1.1542,-7.946,-0.099135,1.3015,-0.41085
0.53791,1.1533,-7.957,-0.10664,1.2999,-0.40963
0.5435,1.1544,-7.9683,-0.1131,1.2992,-0.40736
0.55309,1.1554,-7.9854,-0.12147,1.2963,-0.4009
0.57107,1.1556,-8.0084,-0.12339,1.297,-0.39776
0.5798,1.1517,-8.0376,-0.12374,1.2982,-0.39444
0.60161,1.1455,-8.083,-0.10612,1.305,-0.37455
0.62029,1.1338,-8.1388,-0.089884,1.3104,-0.36565
0.6367,1.1163,-8.2018,-0.060388,1.3181,-0.36059
0.65485,1.0894,-8.2676,-0.057247,1.3212,-0.3625
0.6463,1.0507,-8.3294,-0.05969,1.3252,-0.36495
0.62675,1.0081,-8.3879,-0.06737,1.3343,-0.37472
0.60982,0.95644,-8.443,-0.068242,1.3367,-0.37978
0.5784,0.90216,-8.4921,-0.069464,1.3354,-0.38467
0.55554,0.84003,-8.5375,-0.068766,1.3326,-0.39514
0.52412,0.77946,-8.5743,-0.071035,1.3303,-0.39846
0.49009,0.72204,-8.6036,-0.072606,1.3228,-0.40439
0.46321,0.66532,-8.6324,-0.068766,1.3165,-0.40561
0.43406,0.61174,-8.6601,-0.063355,1.3078,-0.40684
0.41015,0.55711,-8.6888,-0.05428,1.2882,-0.40841
0.38188,0.49951,-8.72,-0.050615,1.2792,-0.4098
0.34191,0.44017,-8.7493,-0.044855,1.2662,-0.41539
0.30823,0.37629,-8.775,-0.04311,1.262,-0.41713
0.27559,0.3084,-8.8,-0.037001,1.2601,-0.41591
0.23928,0.23143,-8.8209,-0.025307,1.2619,-0.41452
0.20473,0.16197,-8.8319,-0.026529,1.26,-0.41277
0.17104,0.11118,-8.831,-0.029845,1.2559,-0.40579
0.14992,0.083601,-8.8167,-0.037699,1.2364,-0.38851
0.13788,0.099484,-8.7947,-0.039444,1.2205,-0.37333
0.12601,0.14591,-8.7638,-0.048346,1.2072,-0.36006
0.11816,0.1974,-8.7345,-0.076271,1.1908,-0.33388
0.094422,0.23719,-8.7027,-0.088314,1.1956,-0.31765
0.069813,0.26232,-8.6717,-0.097913,1.2038,-0.28082
0.050265,0.27245,-8.6581,-0.085347,1.2006,-0.26861
0.025307,0.27035,-8.661,-0.0747,1.2004,-0.2632
-0.00034907,0.26459,-8.6642,-0.073653,1.2106,-0.26145
-0.02234,0.25639,-8.6673,-0.072082,1.2182,-0.26162
-0.04468,0.24417,-8.6706,-0.0747,1.2247,-0.26215
-0.068591,0.23195,-8.6722,-0.084299,1.2395,-0.26564
-0.093375,0.22235,-8.6722,-0.092677,1.2474,-0.26459
-0.12113,0.2159,-8.6802,-0.088139,1.2613,-0.26599
-0.14486,0.21136,-8.6987,-0.080111,1.2697,-0.26808
-0.16895,0.20769,-8.7223,-0.068766,1.2798,-0.2707
-0.18954,0.20333,-8.7462,-0.042412,1.2999,-0.27733
-0.20874,0.19897,-8.7715,-0.031765,1.3067,-0.28117
-0.22253,0.19513,-8.7966,-0.016755,1.3092,-0.29217
-0.23353,0.19042,-8.8223,-0.012392,1.3073,-0.29706
-0.24766,0.18466,-8.8455,-0.0076794,1.3067,-0.30089
-0.26442,0.18064,-8.8661,0.0041888,1.3125,-0.30421
-0.28135,0.17959,-8.8858,0.012915,1.3163,-0.30299
-0.30159,0.18291,-8.9057,0.023562,1.3209,-0.30055
-0.31381,0.1885,-8.9293,0.049567,1.3202,-0.29514
-0.32428,0.19426,-8.957,0.060912,1.317,-0.29287
-0.33458,0.19687,-8.9813,0.081681,1.321,-0.28693
-0.34523,0.19705,-9.0017,0.092677,1.327,-0.28344
-0.35535,0.19181,-9.0162,0.098611,1.3315,-0.2796
-0.36844,0.18396,-9.0281,0.10786,1.3409,-0.27506
-0.38101,0.17837,-9.0408,0.11275,1.3441,-0.27489
-0.3927,0.17558,-9.057,0.11676,1.3455,-0.27489
-0.40282,0.17383,-9.0731,0.12689,1.3479,-0.27314
-0.41242,0.17209,-9.0892,0.13142,1.3481,-0.27157
-0.42097,0.16965,-9.1049,0.13439,1.3476,-0.27035
-0.42848,0.16616,-9.1188,0.13422,1.3474,-0.27018
-0.43494,0.16249,-9.1312,0.13317,1.3481,-0.2693
-0.44017,0.15795,-9.1413,0.12776,1.3477,-0.26738
-0.4468,0.15184,-9.1497,0.1227,1.3476,-0.26704
-0.45413,0.14643,-9.1586,0.11868,1.3479,-0.26738
-0.46042,0.14137,-9.1666,0.11083,1.3479,-0.26738
-0.46583,0.13701,-9.1728,0.10577,1.3474,-0.26669
-0.47176,0.13247,-9.1803,0.098262,1.3455,-0.26669
-0.47822,0.12811,-9.1893,0.096517,1.3453,-0.26773
-0.48346,0.12427,-9.2007,0.094771,1.3446,-0.26843
-0.48817,0.1213,-9.2166,0.093375,1.343,-0.27
-0.49201,0.11921,-9.2347,0.08971,1.342,-0.27
-0.49707,0.11746,-9.2511,0.087441,1.343,-0.2707
-0.50161,0.11432,-9.2693,0.086045,1.3477,-0.27157
-0.50702,0.11065,-9.2871,0.086917,1.3521,-0.27332
-0.51121,0.10804,-9.304,0.089012,1.3584,-0.27943
-0.51156,0.10664,-9.3218,0.089535,1.3596,-0.28205
-0.51348,0.10542,-9.3377,0.092677,1.3614,-0.28571
-0.51522,0.10263,-9.3483,0.094771,1.3664,-0.28554
-0.51801,0.10001,-9.352,0.09163,1.3668,-0.28397
-0.52238,0.098088,-9.3569,0.089012,1.365,-0.28414
-0.52587,0.096342,-9.363,0.087441,1.3655,-0.28362
-0.53023,0.093899,-9.3715,0.088663,1.3661,-0.28292
-0.53477,0.090757,-9.3825,0.097564,1.368,-0.28588
-0.53494,0.08779,-9.3951,0.099309,1.3696,-0.28833
-0.53721,0.086394,-9.4066,0.10228,1.3722,-0.29007
-0.53774,0.08395,-9.4178,0.10455,1.3736,-0.29566
-0.53739,0.079587,-9.4286,0.10263,1.3727,-0.29828
-0.53774,0.075049,-9.4391,0.10071,1.3717,-0.30089
-0.53826,0.071384,-9.4464,0.09512,1.3711,-0.30439
-0.54105,0.068417,-9.4518,0.091106,1.3701,-0.30508
-0.54105,0.064228,-9.4576,0.080634,1.3628,-0.30753
-0.53948,0.059516,-9.4637,0.0747,1.3582,-0.30962
-0.53756,0.05428,-9.4679,0.06737,1.3537,-0.31224
-0.53512,0.047822,-9.4698,0.049567,1.3467,-0.31695
-0.53407,0.041713,-9.4705,0.03927,1.3436,-0.31905
-0.53459,0.033859,-9.471,0.027925,1.3402,-0.31992
-0.53669,0.025831,-9.4712,0.0075049,1.3345,-0.32236
-0.53756,0.018675,-9.4721,-0.0024435,1.3322,-0.32393
-0.53756,0.011694,-9.4712,-0.025831,1.3265,-0.32673
-0.53774,0.0057596,-9.4693,-0.037525,1.324,-0.32847
-0.53704,-0.00034907,-9.4661,-0.049567,1.321,-0.33022
-0.53913,-0.0076794,-9.4633,-0.072606,1.3146,-0.33301
-0.53983,-0.014661,-9.4611,-0.080634,1.3128,-0.33441
-0.53843,-0.022515,-9.4558,-0.09163,1.309,-0.33458
-0.53669,-0.030718,-9.4494,-0.1206,1.2957,-0.33842
-0.5332,-0.038397,-9.4412,-0.13823,1.2896,-0.34086
-0.53215,-0.044855,-9.4318,-0.16284,1.2771,-0.34732
-0.53075,-0.051662,-9.4222,-0.16947,1.2701,-0.35081
-0.52849,-0.058818,-9.4112,-0.17698,1.2612,-0.3564
-0.52203,-0.06353,-9.4016,-0.20717,1.2444,-0.36739
-0.51766,-0.06929,-9.389,-0.2248,1.2369,-0.37001
-0.5154,-0.075573,-9.3757,-0.24208,1.2301,-0.37245
-0.51313,-0.08203,-9.3621,-0.27524,1.22,-0.37664
-0.51278,-0.088139,-9.3504,-0.29112,1.2182,-0.37751
-0.51278,-0.094422,-9.3393,-0.30247,1.2177,-0.37839
-0.51348,-0.10001,-9.3293,-0.31695,1.2163,-0.37996
-0.51243,-0.10629,-9.3195,-0.32149,1.2156,-0.37961
-0.51191,-0.11205,-9.3096,-0.33301,1.2137,-0.37909
-0.51505,-0.11711,-9.2988,-0.34226,1.213,-0.38205
-0.51243,-0.11938,-9.2923,-0.34819,1.2146,-0.38676
-0.50859,-0.12217,-9.2834,-0.35936,1.2149,-0.39026
-0.50789,-0.12741,-9.2735,-0.36355,1.2147,-0.3913
-0.50615,-0.13369,-9.2611,-0.36774,1.2149,-0.39287
-0.50492,-0.13858,-9.2462,-0.3817,1.2142,-0.39479
-0.50423,-0.14329,-9.2302,-0.39095,1.2127,-0.39724
-0.50388,-0.14608,-9.2185,-0.40649,1.2076,-0.40212
-0.50405,-0.14923,-9.207,-0.40823,1.209,-0.403
-0.50388,-0.15307,-9.1932,-0.41033,1.2106,-0.403
-0.50649,-0.15516,-9.1817,-0.41172,1.2127,-0.40422
-0.50737,-0.15638,-9.1689,-0.4105,1.2121,-0.40369
-0.50859,-0.15848,-9.1523,-0.40666,1.2135,-0.4023
-0.50964,-0.16179,-9.1317,-0.41085,1.2121,-0.39846
-0.50946,-0.16633,-9.1106,-0.41801,1.2099,-0.39846
-0.51016,-0.16982,-9.0932,-0.4297,1.2099,-0.40125
-0.51278,-0.17226,-9.0762,-0.43232,1.2127,-0.4023
-0.51557,-0.17471,-9.0602,-0.43406,1.2154,-0.403
-0.51662,-0.17663,-9.0459,-0.43214,1.2235,-0.40282
-0.51993,-0.17907,-9.0281,-0.43162,1.2266,-0.40143
-0.52046,-0.18151,-9.0103,-0.43284,1.2273,-0.39951
-0.52185,-0.18256,-8.9947,-0.43145,1.2292,-0.39794
-0.52273,-0.18396,-8.9781,-0.43249,1.231,-0.39759
-0.52377,-0.18605,-8.961,-0.43441,1.2331,-0.39759
-0.52569,-0.18797,-8.946,-0.43651,1.2336,-0.39828
-0.52744,-0.1885,-8.9321,-0.43546,1.2364,-0.39916
-0.52901,-0.1878,-8.9183,-0.43267,1.238,-0.39985
-0.53006,-0.18588,-8.9073,-0.42935,1.2388,-0.4002
-0.5311,-0.18326,-8.8966,-0.42586,1.2404,-0.4002
-0.53267,-0.17959,-8.8876,-0.4194,1.2418,-0.39951
-0.5339,-0.17488,-8.882,-0.41364,1.2444,-0.39933
-0.53617,-0.17052,-8.8774,-0.40195,1.2484,-0.39898
-0.53791,-0.16685,-8.8745,-0.39497,1.2512,-0.39968
-0.53966,-0.16284,-8.872,-0.38799,1.2524,-0.40038
-0.54,-0.1576,-8.8708,-0.37455,1.2568,-0.4016
-0.5421,-0.15202,-8.8685,-0.36844,1.2582,-0.40125
-0.54402,-0.14591,-8.8682,-0.36076,1.2594,-0.4009
-0.54489,-0.14015,-8.8698,-0.34383,1.2638,-0.40195
-0.54629,-0.13439,-8.8717,-0.3358,1.2666,-0.40247
-0.54873,-0.12915,-8.8741,-0.32149,1.2715,-0.40352
-0.55083,-0.12427,-8.8764,-0.31503,1.2737,-0.40404
-0.551,-0.11921,-8.878,-0.30927,1.2746,-0.40422
-0.5503,-0.1138,-8.8792,-0.29897,1.2771,-0.40527
-0.55013,-0.10926,-8.879,-0.29531,1.2774,-0.40561
-0.5503,-0.10524,-8.8776,-0.29304,1.2776,-0.40544
-0.55152,-0.10105,-8.8764,-0.2892,1.2772,-0.40579
-0.5517,-0.095993,-8.8755,-0.2878,1.2771,-0.40614
-0.55187,-0.092153,-8.8745,-0.28519,1.2769,-0.40649
-0.5524,-0.089186,-8.8736,-0.28397,1.2776,-0.40666
-0.55309,-0.08587,-8.8724,-0.28292,1.2776,-0.40684
-0.55344,-0.082554,-8.8719,-0.27925,1.279,-0.40701
-0.55362,-0.079238,-8.8715,-0.27611,1.2802,-0.40736
-0.55501,-0.075049,-8.8713,-0.27367,1.2814,-0.40736
-0.55571,-0.070511,-8.8712,-0.26686,1.2847,-0.40719
-0.55571,-0.065973,-8.8701,-0.26459,1.2863,-0.40684
-0.55624,-0.06161,-8.8689,-0.25831,1.2896,-0.40596
-0.55659,-0.05777,-8.8689,-0.25499,1.2914,-0.40579
-0.55833,-0.054803,-8.8701,-0.2515,1.2936,-0.40614
-0.56077,-0.052534,-8.872,-0.24295,1.2987,-0.40788
-0.56531,-0.047997,-8.8733,-0.2351,1.2984,-0.40911
-0.59202,-0.030543,-8.8687,-0.22916,1.3053,-0.4105
-0.62622,0.010647,-8.853,-0.24923,1.3156,-0.41015
-0.62884,0.051313,-8.8375,-0.24435,1.3148,-0.40527
-0.65031,0.091455,-8.83,-0.21171,1.3081,-0.39444
-0.71332,0.13352,-8.8223,-0.21363,1.3081,-0.39078
-0.80407,0.17122,-8.8125,-0.21276,1.3114,-0.38676
-0.93201,0.20543,-8.8057,-0.20735,1.3134,-0.38624
-1.0507,0.23091,-8.7951,-0.20333,1.3156,-0.38711
-1.1552,0.24801,-8.779,-0.20193,1.3179,-0.38921
-1.2495,0.2618,-8.7602,-0.20281,1.3216,-0.3941
-1.3336,0.26965,-8.7438,-0.20316,1.323,-0.39724
-1.4128,0.27105,-8.7265,-0.21991,1.3205,-0.40684
-1.4853,0.27245,-8.6998,-0.23318,1.3219,-0.41207
-1.5334,0.26477,-8.6778,-0.24714,1.3214,-0.41626
-1.5382,0.25621,-8.6551,-0.26058,1.3179,-0.42638
-1.5368,0.24749,-8.6303,-0.2625,1.3148,-0.4297
-1.5181,0.24208,-8.6122,-0.26285,1.3114,-0.4304
-1.4921,0.23789,-8.5923,-0.25325,1.2996,-0.4283
-1.4525,0.23789,-8.5731,-0.24155,1.2907,-0.42359
-1.4078,0.24278,-8.5626,-0.22794,1.2765,-0.41277
-1.3668,0.25063,-8.5516,-0.2248,1.2678,-0.40492
-1.3224,0.2597,-8.5406,-0.21747,1.2615,-0.39741
-1.2753,0.27419,-8.5298,-0.19338,1.2519,-0.37926
-1.2334,0.29339,-8.5233,-0.18692,1.2505,-0.366
-1.1898,0.3173,-8.5216,-0.18064,1.2521,-0.35256
-1.1414,0.34296,-8.5219,-0.15725,1.2552,-0.32777
-1.0877,0.36739,-8.524,-0.14294,1.2598,-0.31625
-1.042,0.39322,-8.5261,-0.13177,1.2648,-0.29391
-1.0064,0.41923,-8.5284,-0.12479,1.2682,-0.28327
-0.96866,0.44279,-8.5291,-0.11572,1.2727,-0.27384
-0.92485,0.46391,-8.5315,-0.094597,1.2856,-0.24923
-0.88314,0.48555,-8.5347,-0.081158,1.2905,-0.23806
-0.82153,0.50004,-8.5347,-0.061436,1.2973,-0.23387
-0.75677,0.52028,-8.5341,-0.066846,1.3106,-0.25237
-0.71401,0.5517,-8.5324,-0.10507,1.3207,-0.27332
-0.67021,0.59586,-8.5289,-0.17942,1.3947,-0.32638
-0.62518,0.64699,-8.5191,-0.20001,1.4481,-0.35605
-0.59655,0.71157,-8.5008,-0.2241,1.5071,-0.38973
-0.56758,0.77178,-8.4772,-0.2604,1.6387,-0.46565
-0.53459,0.83392,-8.445,-0.2625,1.7089,-0.50597
-0.49183,0.89413,-8.4118,-0.27035,1.7726,-0.55048
-0.45902,0.95278,-8.375,-0.32515,1.8759,-0.60929
-0.44227,0.99658,-8.3336,-0.355,1.9258,-0.62518
-0.41696,1.025,-8.2896,-0.38188,2.022,-0.63984
-0.38851,1.0524,-8.2474,-0.39497,2.0574,-0.64472
-0.3454,1.0657,-8.1968,-0.40474,2.082,-0.65188
-0.31433,1.0694,-8.1402,-0.4119,2.1192,-0.64856
-0.26721,1.0678,-8.0842,-0.3934,2.137,-0.64054
-0.20874,1.0589,-8.025,-0.38624,2.1501,-0.63373
-0.15289,1.0407,-7.955,-0.35675,2.166,-0.60476
-0.093724,1.0132,-7.8828,-0.33842,2.167,-0.5777
-0.011868,0.98454,-7.7976,-0.27088,2.1515,-0.50807
0.05428,0.94265,-7.7158,-0.25342,2.1347,-0.45989
0.091979,0.87947,-7.6438,-0.22358,2.096,-0.40911
0.13195,0.8039,-7.5766,-0.14696,1.9982,-0.3098
0.12374,0.73339,-7.5135,-0.13858,1.942,-0.25656
0.11345,0.66061,-7.4581,-0.14032,1.8783,-0.19495
0.08587,0.59603,-7.4077,-0.14451,1.7439,-0.061087
0.045902,0.52936,-7.3581,-0.17157,1.6628,0.022515
0.00069813,0.46094,-7.3196,-0.21677,1.5062,0.17523
-0.049218,0.39444,-7.282,-0.23475,1.4338,0.23911
-0.099658,0.33755,-7.2501,-0.26721,1.358,0.31102
-0.13736,0.27506,-7.2295,-0.34069,1.2003,0.46129
-0.18099,0.2159,-7.211,-0.37001,1.1252,0.53285
-0.21834,0.16319,-7.1895,-0.40038,1.0585,0.6086
-0.23579,0.10315,-7.1747,-0.45797,0.91577,0.75381
-0.24976,0.052883,-7.1581,-0.47106,0.84701,0.81542
-0.28222,0.0097738,-7.1384,-0.53128,0.71244,0.9444
-0.31154,-0.029845,-7.1241,-0.57474,0.64472,1.005
-0.35587,-0.068941,-7.1199,-0.61383,0.58277,1.0592
-0.38642,-0.094597,-7.1208,-0.66235,0.46251,1.1402
-0.41015,-0.11886,-7.1253,-0.69342,0.40579,1.1692
-0.43302,-0.13509,-7.1398,-0.7271,0.36355,1.1912
-0.43371,-0.12776,-7.1548,-0.77615,0.29356,1.2146
-0.4571,-0.12113,-7.1661,-0.81769,0.26669,1.2217
-0.47682,-0.10577,-7.1881,-0.90164,0.22777,1.2231
-0.4962,-0.075747,-7.2161,-0.94073,0.21537,1.2142
-0.5222,-0.042761,-7.2443,-0.98489,0.20036,1.1971
-0.53093,-0.011345,-7.277,-1.0462,0.18954,1.15
-0.54699,0.028274,-7.3142,-1.0821,0.18413,1.12
-0.56252,0.069988,-7.3505,-1.1088,0.18745,1.088
-0.56845,0.11589,-7.3901,-1.1631,0.1967,1.0238
-0.58294,0.16371,-7.4269,-1.1975,0.20298,0.99606
-0.5983,0.21014,-7.4601,-1.254,0.22358,0.93567
-0.62745,0.25656,-7.4948,-1.2718,0.24103,0.90478
-0.63687,0.30281,-7.5306,-1.2884,0.25779,0.87179
-0.65345,0.34994,-7.5637,-1.3198,0.29932,0.80303
-0.68068,0.40177,-7.5985,-1.3359,0.32044,0.76794
-0.73409,0.46164,-7.6308,-1.361,0.34523,0.73461
-0.76952,0.514,-7.6575,-1.3861,0.40893,0.64752
-0.78278,0.57177,-7.6808,-1.3888,0.44541,0.59882
-0.79098,0.62867,-7.6983,-1.3949,0.52011,0.49375
-0.79255,0.68382,-7.7105,-1.3961,0.56112,0.43895
-0.77929,0.74054,-7.7163,-1.4027,0.59795,0.38467
-0.76114,0.79343,-7.7175,-1.4092,0.67579,0.2817
-0.7388,0.83392,-7.713,-1.405,0.70895,0.23544
-0.71611,0.86952,-7.706,-1.4036,0.7395,0.19268
-0.68818,0.89134,-7.6943,-1.3985,0.78679,0.11921
-0.65747,0.90216,-7.6798,-1.3964,0.80617,0.088663
-0.63652,0.9053,-7.6641,-1.4038,0.84422,0.03735
-0.61837,0.90216,-7.6452,-1.4151,0.86149,0.019897
-0.59062,0.89099,-7.6194,-1.4198,0.87633,0.0054105
-0.56304,0.87458,-7.5913,-1.4022,0.90844,-0.011519
-0.53372,0.85364,-7.5585,-1.3877,0.92084,-0.013788
-0.50702,0.82624,-7.5238,-1.371,0.93183,-0.011345
-0.47717,0.79273,-7.4883,-1.3207,0.94126,0.0068068
-0.44157,0.75747,-7.4466,-1.2839,0.95016,0.019373
-0.41207,0.71768,-7.4005,-1.2341,0.9512,0.056374
-0.37769,0.6709,-7.355,-1.1952,0.94928,0.079587
-0.34016,0.61767,-7.3056,-1.1561,0.9437,0.10699
-0.31276,0.55955,-7.2541,-1.083,0.92677,0.17139
-0.30805,0.49532,-7.2066,-1.0549,0.91001,0.2063
-0.31329,0.43441,-7.1653,-1.0139,0.85957,0.27629
-0.31294,0.37263,-7.1271,-0.99606,0.83043,0.31678
-0.31364,0.31102,-7.0907,-0.98122,0.79901,0.36233
-0.31224,0.25028,-7.0497,-0.943,0.73967,0.46199
-0.31433,0.19181,-7.0073,-0.92869,0.71,0.52081
-0.31957,0.12985,-6.967,-0.91438,0.67963,0.58224
-0.33214,0.074176,-6.9267,-0.90722,0.62169,0.74299
-0.34645,0.012217,-6.8787,-0.89832,0.59341,0.83217
-0.34732,-0.045553,-6.8202,-0.86935,0.53617,1.0172
-0.36966,-0.089012,-6.7673,-0.88401,0.50388,1.1168
-0.37839,-0.12636,-6.7253,-0.90111,0.47037,1.2163
-0.41504,-0.16057,-6.6862,-0.92293,0.39689,1.3907
-0.45291,-0.19146,-6.6495,-0.93235,0.35797,1.469
-0.49742,-0.22201,-6.6197,-0.954,0.32498,1.5432
-0.53407,-0.25255,-6.5935,-0.98611,0.2632,1.6694
-0.57701,-0.27419,-6.5762,-0.99344,0.23353,1.7293
-0.61575,-0.29182,-6.5633,-1.0236,0.18012,1.8331
-0.65048,-0.30508,-6.5556,-1.0416,0.15307,1.8827
-0.67911,-0.3173,-6.5528,-1.0516,0.12706,1.9234
-0.70511,-0.32271,-6.5518,-1.1092,0.075049,2.0056
-0.73426,-0.32289,-6.5495,-1.1418,0.051487,2.0447
-0.7395,-0.32533,-6.5548,-1.1629,0.024784,2.0839
-0.76498,-0.3173,-6.5631,-1.2226,-0.024958,2.1419
-0.78889,-0.30142,-6.5769,-1.2634,-0.057072,2.1656
-0.80809,-0.28868,-6.5996,-1.3764,-0.1117,2.2003
-0.84404,-0.26005,-6.6261,-1.4254,-0.13247,2.203
-0.88052,-0.22602,-6.6614,-1.4694,-0.15184,2.1932
