-16.45,68.57,180.55,-1.4,24.49,-0.29
-16.6,68.47,180.53,-1.71,26.64,-0.3
-16.7,68.38,180.5,-2.24,30.76,-0.31
-16.8,68.31,180.48,-2.49,32.7,-0.3
-16.9,68.27,180.5,-2.89,36.44,-0.26
-16.98,68.27,180.54,-2.97,38.23,-0.25
-17.05,68.25,180.54,-3.06,40,-0.28
-17.08,68.28,180.54,-3.26,43.23,-0.35
-17.1,68.29,180.52,-3.28,44.73,-0.37
-17.12,68.28,180.49,-3.33,46.12,-0.41
-17.13,68.26,180.5,-3.48,48.68,-0.48
-17.13,68.22,180.48,-3.5,49.85,-0.45
-17.15,68.13,180.49,-3.68,52.09,-0.46
-17.18,68.07,180.51,-3.72,53.17,-0.45
-17.24,68.01,180.53,-3.76,54.23,-0.45
-17.3,67.96,180.54,-3.98,56.22,-0.42
-17.36,67.94,180.55,-4.14,57.17,-0.42
-17.52,67.89,180.56,-4.62,58.99,-0.63
-17.76,67.8,180.52,-4.77,59.97,-0.94
-17.89,67.84,180.33,-4.71,60.92,-1.16
-18.01,67.9,180.08,-5.51,62.46,-1.77
-18.85,67.54,179.83,-6.48,63.38,-2.16
-19.85,67.45,179.52,-7.42,64.47,-2.92
-20.47,67.68,178.88,-8.5,66.88,-4.75
-21.05,68.03,177.92,-9.08,68.09,-5.78
-21.66,68.29,176.91,-9.76,70.54,-7.84
-22.26,68.55,175.86,-9.66,71.84,-8.96
-23.01,68.64,174.75,-8.97,73.26,-10.14
-23.6,68.85,173.43,-7.84,75.84,-12.93
-24.18,69.1,171.77,-7.08,77.05,-14.64
-24.9,69.31,169.81,-6.56,78.06,-16.73
-25.68,69.47,167.76,-7.05,79.16,-21.62
-26.6,69.56,165.67,-7.72,79.6,-24.27
-27.73,69.75,163.68,-9.46,80,-29.21
-29.07,69.6,161.96,-10.07,80.26,-31.5
-30.18,69.27,160.36,-10.95,80.37,-33.67
-32.09,68.65,158.93,-13.57,80.35,-37.65
-33.53,67.95,157.69,-14.92,80.44,-39.61
-34.78,67.25,156.51,-16.29,80.42,-41.52
-35.67,66.6,155.4,-19.08,80.34,-45.04
-36.23,65.87,154.41,-20.35,80.2,-46.6
-35.97,65.17,153.4,-22.74,79.6,-49.27
-35.94,64.4,152.41,-24.14,79.15,-50.37
-35.28,63.45,151.5,-25.43,78.45,-51.5
-34.95,62.68,150.74,-27.7,77.73,-53.55
-35.17,61.74,150.32,-28.79,77.44,-54.32
-35.14,60.66,150.26,-29.56,77.07,-54.78
-35.49,59.07,150.69,-31.63,76.18,-54.52
-35.98,56.99,151.61,-32.63,75.35,-53.72
-36.04,54.88,152.96,-34.19,73.03,-51.5
-36.39,52.77,154.57,-35,71.57,-50.07
-36.69,50.61,156.47,-35.66,70.04,-48.47
-37.57,48.18,158.42,-37.43,66.71,-44.56
-38.13,45.93,160.22,-37.8,64.81,-42.3
-38.38,43.66,162.41,-38.18,60.78,-38.04
-38.61,41.55,164.77,-38.19,58.51,-35.77
-37.69,39.53,166.86,-38.05,56.3,-33.58
-38.2,37.57,168.88,-38.92,52.11,-29.11
-39.05,35.38,170.9,-39.3,49.92,-26.83
-39.63,33.29,172.64,-39.29,47.73,-24.59
-40.7,30.96,174.53,-40.07,43.19,-20.16
-41.99,28.59,176.41,-39.99,40.63,-18.13
-43.02,26.24,178.26,-40.8,35.06,-14.45
-43.84,23.84,180.33,-40.68,32.29,-12.73
-45.11,21.47,182.08,-40.6,29.82,-10.95
-46.5,19.24,183.54,-41.33,25.48,-7.55
-47.51,17.12,184.96,-41.98,23.61,-6.04
-49.19,14.98,186.09,-42.06,21.79,-4.72
-49.02,13.32,186.85,-43.06,18.44,-2.44
-50.33,11.61,187.79,-43.54,17.11,-1.58
-51.23,10.12,188.49,-44.46,14.16,-0.11
-52.13,8.68,188.91,-44.66,12.81,0.46
-52.01,7.38,189.19,-44.61,11.45,1.01
-52.74,6.14,189.13,-45.23,8.99,2.97
-53.7,4.96,189.08,-47.12,7.81,3.68
-54.87,3.88,189.36,-47.72,6.68,3.85
-56.07,2.73,189.32,-48.6,4.95,4.05
-56.16,2.05,188.75,-49.79,4.27,3.68
-56.13,1.76,187.79,-51.35,3.74,2
-55.13,2.13,186.5,-52.28,3.93,0.45
-55.08,2.83,184.89,-53.54,4.68,-1.34
-54.26,4.23,183,-55.49,7.39,-5.32
-53.71,5.9,181.07,-55.67,9.17,-7.21
-52.83,7.8,179.49,-55.59,10.99,-9.18
-51.85,9.7,177.96,-54.19,14.72,-12.63
-50.7,11.53,176.54,-53.57,16.59,-14.16
-49.84,13.26,175.26,-52.23,20.21,-17.22
-49.45,15.06,173.86,-51.24,21.72,-18.65
-49.01,16.69,172.33,-50.48,23.16,-19.97
-48.63,18.1,171.01,-48.88,26.03,-23.04
-48.29,19.44,169.72,-47.9,27.52,-24.61
-47.64,20.92,168.44,-47.42,28.92,-26.23
-47.79,22.36,167.15,-46.92,31.77,-29.21
-48.32,23.5,166.03,-46.61,33.03,-30.63
-47.91,24.63,165.03,-45.79,35.33,-33.63
-47.67,25.58,164.25,-45.6,36.39,-35.16
-47.06,26.56,163.51,-45.65,37.47,-36.65
-46.62,27.52,162.72,-46,39.59,-39.55
-46.25,28.35,161.96,-46.04,39.4,-40.6
-46.71,28.79,161.1,-47.75,40.48,-41.69
-48.31,28.86,160.29,-49.4,42.71,-43.39
-48.11,29.11,159.45,-49.46,43.78,-44.11
-48.19,29.17,158.81,-49.82,45.44,-45.67
-47.45,29.31,158.41,-50.26,46.2,-46.4
-46.77,29.4,158.3,-50.58,47.01,-47.12
-45.79,29.39,158.47,-50.99,48.5,-48.37
-44.59,29.4,158.89,-51.27,49.18,-48.82
-43.51,29.27,159.55,-51.52,49.79,-49.11
-42.66,28.87,160.49,-51.83,51.15,-49.67
-41.91,28.4,161.82,-52.06,51.65,-49.69
-40.99,27.8,163.08,-52.93,52.57,-48.57
-40.74,26.84,164.37,-53.26,52.76,-47.65
-39.93,25.92,165.92,-53.15,52.62,-46.66
-39.29,24.96,167.58,-52.92,50.77,-44.63
-37.36,23.74,169.64,-52.52,49.57,-43.77
-36.46,22.55,171.84,-51.21,48.77,-42.8
-35.8,21.33,173.56,-50.96,47.4,-40.18
-35.78,19.97,175.14,-50.36,46.67,-38.78
-35.65,18.64,176.6,-49.83,45.25,-35.69
-36.27,17.16,178.47,-50.99,44.52,-33.79
-36.46,15.61,180.17,-52.2,43.68,-31.95
-36.44,14.23,181.85,-51.81,41.73,-27.91
-36.2,12.98,183.62,-51.71,40.73,-25.74
-35.64,11.57,185.31,-52.28,38.14,-20.74
-36.31,9.86,186.76,-53.73,36.76,-17.44
-36.61,7.96,187.94,-55.25,35.16,-14.6
-37.16,6.09,189.27,-53.89,31.39,-9.76
-36.56,4.49,190.57,-53.16,29.73,-7.62
-36.61,3.09,191.68,-53.36,28.17,-5.61
-35.92,2.11,192.79,-51.94,25.29,-2.33
-35.42,1.17,193.8,-51.52,23.99,-0.96
-34.88,0.37,194.65,-50,21.58,0.97
-34.25,-0.26,195.18,-48.32,20.03,1.29
-32.37,-0.72,195.51,-47.05,19.08,1.96
-31.41,-1.1,195.96,-44.72,17.2,3
-30.71,-1.35,196.24,-44.23,16.52,3.68
-30.71,-1.64,196.54,-44.15,15.67,4.22
-30.66,-1.96,197.06,-43.17,13.99,5.29
-30.05,-2.27,197.57,-42.92,13.14,5.76
-30.53,-2.49,198.01,-42.13,11.64,7.14
-30.02,-2.59,198,-42.21,11.03,7.86
-30.17,-2.71,198.12,-42.35,10.33,8.59
-29.67,-2.61,198.4,-42.38,9.52,9.8
-30.44,-2.69,198.55,-42.77,9.11,10.2
-30.41,-2.55,198.61,-43.27,8.75,10.42
-30.29,-2.26,198.65,-43.32,8.71,10.02
-30.38,-1.94,198.54,-42.44,9.22,9.33
-30.05,-1.33,197.93,-43.72,10.28,8.41
-30.48,-0.42,197.16,-44.45,11.26,7.57
-30.84,0.66,196.25,-45.32,12.18,6.6
-31.17,1.9,195.22,-48.41,14.18,4.02
-32.1,3.21,194.01,-49.66,15.38,2.67
-33.03,4.63,192.6,-50.41,16.84,1.3
-33.32,6.21,191.14,-51.32,20.07,-1.62
-34.79,7.78,189.86,-52.01,22.02,-2.82
-36.16,9.66,188.83,-51.79,26.38,-5.88
-35.8,11.87,187.47,-50.77,28.55,-7.41
-35.79,14.08,186.15,-49.89,30.75,-9.01
-35.77,16.3,184.73,-47.84,35.03,-12.21
-36.01,18.41,183.38,-46.82,36.9,-13.89
-35.76,20.44,182.14,-45.95,38.59,-15.51
-35.8,22.24,180.88,-45.15,41.65,-18.74
-36.01,23.87,179.58,-44.98,42.92,-20.39
-35.85,25.34,178.44,-44.58,44.81,-23.39
-35.86,26.6,177.25,-44.24,45.56,-25.05
-35.75,27.71,176.03,-44.05,46.17,-26.54
-35.88,28.56,174.88,-44.22,47.23,-29.51
-35.92,29.32,173.78,-44.2,47.7,-30.99
-35.89,30,172.84,-44,48.17,-32.33
-36.08,30.48,172.09,-44.57,48.74,-34.48
-36,30.8,171.41,-44.32,48.83,-35.25
-35.5,31.2,170.94,-43.77,49.45,-36.63
-35.44,31.35,170.6,-44.21,49.7,-37.18
-35.54,31.42,170.33,-44.26,49.96,-37.53
-35.79,31.3,170.01,-44.02,50.45,-37.69
-36.15,31.04,169.89,-44.47,50.85,-37.78
-36.63,30.81,170.01,-44.96,51.19,-37.86
-37.08,30.57,170.23,-45.49,51.95,-37.88
-37.13,30.31,170.51,-45.81,52.31,-37.8
-37.15,30.09,170.94,-46.06,52.82,-37.48
-37.07,29.85,171.48,-46.25,53.03,-37.23
-37.19,29.49,172.1,-46.48,53.24,-36.89
-37.08,29.03,172.8,-46.88,53.33,-35.97
-36.89,28.56,173.59,-46.7,53.3,-35.44
-36.93,28.01,174.42,-46.76,53.11,-34.88
-36.99,27.37,175.24,-47.03,52.64,-33.46
-36.83,26.65,176.13,-47.11,52.22,-32.65
-36.72,25.79,177.03,-46.85,51.22,-30.72
-36.67,24.75,177.99,-46.92,50.58,-29.6
-36.67,23.57,178.97,-47.03,49.92,-28.33
-36.57,22.35,180.11,-46.85,48.29,-25.65
-36.49,21.06,181.27,-46.84,47.34,-24.14
-36.6,19.86,182.67,-47.01,46.46,-22.79
-36.19,18.7,184.02,-46.37,44.63,-19.84
-35.66,17.6,185.35,-46.28,43.76,-18.4
-35.65,16.44,186.88,-45.99,41.87,-15.32
-35.05,15.5,188.32,-45.69,40.97,-13.76
-34.37,14.59,189.71,-45.28,39.93,-12.08
-33.18,13.77,190.9,-45.26,37.98,-8.34
-33.34,12.6,192.2,-45.83,36.79,-6.56
-33.22,11.46,193.47,-45.75,35.6,-4.86
-33.61,10.33,194.81,-45.24,32.68,-2.04
-34.03,9.12,196.02,-45.01,31.17,-0.79
-34.27,7.99,197.04,-44.2,28.09,1.72
-34.7,6.85,198.14,-43.77,26.66,2.95
-34.74,5.89,199.22,-43.49,25.34,4.18
-35.18,4.97,200.24,-43.02,22.88,6.84
-35.58,4.04,201.3,-43.07,21.71,8.25
-35.88,3.1,202.28,-43.44,20.42,9.66
-35.73,2.3,203.24,-43.65,17.95,11.87
-35.61,1.54,204.11,-43.41,16.65,12.84
-35.79,0.86,204.82,-43.35,14.56,14.46
-35.92,0.29,205.45,-43.07,13.83,15.1
-36.27,-0.16,205.9,-43.08,13.38,15.66
-35.89,-0.23,206.55,-43.53,13,16.25
-36.13,-0.09,207.22,-43.43,13.1,16.77
-36.45,0.24,207.69,-43.86,13.17,17.49
-36.76,0.56,208.2,-43.72,13.34,19.03
-36.84,0.94,208.73,-43.54,13.36,19.75
-37.59,1.13,209.19,-43.96,13.27,21.27
-38.45,1.22,209.54,-45.43,13.13,22.07
-38.35,1.67,209.94,-45.76,13.44,22.49
-38.76,1.96,210.16,-45.55,13.63,23.43
-39.24,2.34,210.08,-46.05,14.03,23.5
-40.24,2.76,209.72,-46.48,14.46,23.5
-40.89,3.34,209.07,-47.31,16.28,22.56
-41.69,4.2,208.12,-48.18,17.36,21.79
-42.82,5.3,206.95,-50.48,20.02,20.68
-44.14,6.55,205.87,-52.55,21.37,19.85
-44.79,8.05,204.72,-53.65,23,18.82
-44.89,9.78,203.25,-52.08,27.16,15.97
-44.99,11.69,201.71,-51.71,29.12,14.15
-44.43,13.84,200.04,-51.39,31.07,12.12
-44.02,15.99,198.32,-49.64,35.09,8.11
-43.35,18.2,196.72,-49.15,36.77,6.06
-42.78,20.31,195.12,-47.72,39.89,2.27
-41.9,22.29,193.63,-46.78,41.08,0.53
-40.94,24.05,192.42,-45.28,42.21,-1.22
-39.97,25.54,191.29,-42.91,43.78,-4.5
-39.34,26.86,190.07,-42.82,44.6,-5.79
-39.05,28,188.85,-40.84,46.26,-8.09
-38.8,29.08,187.75,-40.18,46.84,-9.42
-38.44,30.02,186.83,-39.84,47.29,-10.66
-38.12,30.76,185.98,-39.07,48.24,-13.03
-38.07,31.38,185.21,-38.85,48.61,-14.26
-37.64,31.94,184.37,-38.48,48.94,-15.31
-37.55,32.38,183.49,-38.35,49.51,-16.93
-37.66,32.58,182.53,-38.56,49.84,-17.74
-37.87,32.77,181.73,-38.52,50.52,-19.91
-37.94,32.98,181.07,-38.85,50.85,-21.07
-38.18,33.2,180.45,-39.46,51.26,-22.24
-38.62,33.38,179.79,-40.56,52.14,-24.51
-38.87,33.51,179.12,-41,52.59,-25.65
-39.39,33.61,178.48,-41.46,52.76,-26.58
-39,33.64,177.81,-43.3,53.51,-27.92
-39.81,33.38,177.57,-44,53.91,-28.62
-40.13,33.2,177.33,-45.11,54.7,-29.73
-40.71,32.89,177.18,-45.72,55.14,-30.04
-41.34,32.47,177.04,-46.32,55.59,-30.2
-41.7,32.09,177.09,-47.49,56.29,-30.25
-41.96,31.66,177.31,-47.88,56.6,-30.17
-42.04,31.14,177.7,-48.11,56.86,-29.97
-41.61,30.7,178.28,-47.96,56.9,-29.21
-41.48,30.05,179.02,-48.16,56.79,-28.61
-41.37,29.3,179.89,-49.72,56.57,-26.91
-41.72,28.38,180.92,-50.24,56.48,-25.78
-42.33,27.45,182.05,-50.39,56.39,-24.57
-42.22,26.57,183.21,-49.97,55.93,-22.03
-42.47,25.58,184.57,-49.78,55.44,-20.53
-42.8,24.32,185.97,-49.81,54.49,-18.91
-40.84,23.14,187.65,-49.16,52.04,-16.21
-39.7,22.01,189.45,-48.36,50.95,-14.91
-38.9,21.08,191.44,-47.47,48.9,-11.82
-38.38,20.15,193.35,-46.69,47.95,-10.09
-38.72,19.14,195.21,-46.13,47.03,-8.22
-40.15,17.91,197.11,-45.56,44.86,-4.1
-40.85,16.83,198.88,-45.56,43.73,-2.15
-41.69,15.59,200.53,-45.75,42.74,-0.25
-42.89,14.17,201.79,-47.28,40.55,3.41
-43.28,12.9,202.87,-47.1,39.39,5.01
-42.49,11.86,203.83,-45.58,36.84,7.89
-41.75,10.83,204.79,-45.3,35.6,9.21
-41.25,9.84,205.71,-44.78,34.33,10.63
-40.61,8.92,206.58,-43.87,31.76,13.23
-38.98,8.09,207.74,-43.11,30.51,13.96
-36.86,7.72,209.2,-42.36,29.39,14.54
-34.85,7.36,210.17,-40.51,27.37,16.55
-34.83,6.88,211.01,-40.65,26.43,17.59
-34.52,6.4,211.81,-40.01,24.58,19.68
-34.22,5.95,212.48,-40.04,23.53,20.78
-34.92,5.42,213.23,-40.76,22.66,21.79
-35.68,4.85,213.93,-40.98,20.81,23.73
-36.1,4.36,214.74,-40.64,19.93,24.16
-35.43,4.2,215.75,-39.66,19.51,24.45
-36.22,4.01,216.31,-40.16,18.73,25.49
-37.04,4.07,216.55,-40.32,18.55,26
-37.48,4.23,216.76,-40.59,18.3,27.16
-38.52,4.27,216.95,-41.13,18.12,27.76
-38.22,4.41,217.01,-41.14,17.85,28.43
-38.02,4.56,217.18,-41,17.62,29.53
-38.16,4.86,217.33,-41.34,17.72,30.06
-38.53,5.28,217.36,-41.66,17.86,30.46
-39.01,5.65,217.22,-42.08,18.37,30.51
-39.27,6.08,216.88,-42.55,18.59,30.43
-39.26,6.63,216.48,-43.88,19.44,29.79
-39.6,7.28,215.96,-44.98,20.09,29.58
-39.3,8.13,215.53,-46.1,20.69,29.37
-38.91,9.2,215.03,-47.11,22.48,28.8
-38.97,10.26,214.36,-47.54,23.4,28.31
-38.85,11.35,213.67,-48.12,24.3,27.61
-39.01,12.42,212.98,-48.58,26.26,25.95
-38.66,13.47,212.07,-48.77,27.23,25.1
-38.7,14.56,211.14,-49.22,29.55,23.23
-38.12,15.84,210.11,-48.68,30.9,22.27
-37.96,17.14,208.96,-48.25,32.15,21.08
-37.02,18.48,207.34,-46.62,34.88,18.48
-36.68,19.73,205.81,-46.05,35.8,16.86
-36.33,20.8,204.15,-45.49,36.73,15.26
-36.37,21.72,202.59,-44.97,38.44,11.95
-36.37,22.68,201.14,-44.65,39.41,10.4
-36.44,23.58,199.69,-43.8,41.26,7.69
-35.91,24.66,198.15,-42.52,42.35,6.5
-35.34,25.62,196.19,-41.05,43.5,5.52
-35.29,26.46,194.31,-39.63,45.57,3.08
-35.77,27.27,192.77,-39.42,46.71,1.52
-36.06,28.13,191.39,-38.92,47.73,-0.15
-36.61,28.87,190.13,-38.66,49.35,-3.36
-37.14,29.49,188.96,-38.95,49.92,-4.9
-37.57,30.01,187.89,-38.97,50.87,-7.71
-37.42,30.52,186.94,-38.97,51.18,-9.02
-37.63,30.78,186.05,-39.16,51.48,-10.28
-38.22,30.92,185.24,-40.19,52.13,-12.6
-38.99,30.94,184.41,-40.76,52.42,-13.67
-39.81,30.82,183.55,-41.18,52.67,-14.68
-40.69,30.63,182.75,-42.37,53.06,-16.57
-41.34,30.35,182.05,-42.91,53.21,-17.37
-42.27,29.97,181.44,-44.01,53.39,-18.88
-42.84,29.62,180.92,-44.43,53.47,-19.54
-43.58,29.18,180.5,-44.92,53.51,-20.15
-44.13,28.8,180.14,-45.84,53.74,-21.22
-44.66,28.41,179.85,-46.24,53.89,-21.68
-45.31,27.92,179.61,-46.65,54.04,-22.06
-45.69,27.44,179.46,-48.05,54.32,-22.8
-46.13,27.02,179.38,-48.5,54.39,-23.14
-46.43,26.52,179.33,-49.54,54.45,-23.49
-46.91,26.01,179.48,-50.09,54.37,-23.49
-47.09,25.4,179.73,-50.28,54.21,-23.31
