-0.64891,1.2046,-120.49,0.017453,0.46827,-0.0045379
-0.64909,1.205,-120.5,0.020246,0.55083,-0.0061087
-0.64944,1.2053,-120.51,0.021817,0.58905,-0.0071558
-0.65014,1.2053,-120.51,0.024958,0.62588,-0.0075049
-0.64891,1.2055,-120.52,0.030369,0.69569,-0.0092502
-0.64874,1.2055,-120.53,0.030369,0.72867,-0.0095993
-0.64909,1.2051,-120.54,0.03194,0.75992,-0.0094248
-0.64804,1.205,-120.55,0.035954,0.81978,-0.0095993
-0.64996,1.2041,-120.55,0.033859,0.84771,-0.0090757
-0.65188,1.2036,-120.56,0.030369,0.89902,-0.0062832
-0.65467,1.2027,-120.57,0.03002,0.92328,-0.005236
-0.6552,1.2027,-120.58,0.029671,0.94632,-0.0047124
-0.65677,1.2024,-120.58,0.025656,0.991,-0.0015708
-0.65886,1.2022,-120.59,0.022864,1.0116,-0.00069813
-0.66096,1.2022,-120.6,0.023387,1.0505,0.0010472
-0.662,1.2024,-120.61,0.023038,1.0688,0.0017453
-0.66357,1.2027,-120.62,0.02234,1.0866,0.0022689
-0.6648,1.2029,-120.62,0.020944,1.1172,0.0050615
-0.66392,1.2032,-120.63,0.023736,1.1322,0.0059341
-0.66026,1.2041,-120.64,0.028972,1.1442,0.0075049
-0.64804,1.2064,-120.65,0.046949,1.1671,0.0089012
-0.64158,1.2079,-120.65,0.052883,1.1783,0.015184
-0.6346,1.212,-120.65,0.074351,1.2034,0.023387
-0.62256,1.2186,-120.65,0.088663,1.2189,0.028274
-0.61139,1.2282,-120.66,0.1035,1.2319,0.036652
-0.59236,1.2413,-120.66,0.15394,1.2666,0.052011
-0.57072,1.2565,-120.66,0.18483,1.2847,0.062657
-0.55275,1.2729,-120.67,0.2159,1.3078,0.072431
-0.52849,1.2921,-120.67,0.27541,1.3607,0.087266
-0.5133,1.3095,-120.67,0.30421,1.3875,0.094248
-0.51278,1.3254,-120.68,0.34069,1.4326,0.10542
-0.50597,1.3376,-120.69,0.35552,1.4504,0.10943
-0.50702,1.3427,-120.69,0.36547,1.4669,0.11414
-0.51627,1.3423,-120.7,0.36006,1.4903,0.12043
-0.51452,1.3387,-120.71,0.36704,1.4996,0.1206
-0.52081,1.3303,-120.72,0.37088,1.5209,0.11676
-0.52796,1.3235,-120.73,0.36477,1.5307,0.11554
-0.53442,1.317,-120.75,0.36861,1.5392,0.11414
-0.53442,1.3104,-120.76,0.37839,1.5533,0.10926
-0.53896,1.3031,-120.78,0.37821,1.5595,0.10612
-0.54768,1.2929,-120.8,0.37629,1.5649,0.10297
-0.56287,1.2798,-120.81,0.35186,1.5677,0.10088
-0.57002,1.2666,-120.83,0.3468,1.5643,0.098611
-0.57788,1.2504,-120.85,0.34366,1.5521,0.091455
-0.58713,1.2308,-120.86,0.33423,1.546,0.08971
-0.59376,1.2116,-120.87,0.32603,1.5403,0.087616
-0.60458,1.194,-120.88,0.32201,1.5273,0.085521
-0.61418,1.1783,-120.9,0.31695,1.5204,0.086394
-0.61697,1.162,-120.91,0.31084,1.5142,0.087266
-0.61907,1.147,-120.92,0.31381,1.4975,0.085172
-0.62046,1.1306,-120.93,0.31398,1.4879,0.083078
-0.62012,1.1119,-120.94,0.31556,1.4687,0.076096
-0.6182,1.0929,-120.95,0.31713,1.4579,0.070686
-0.61802,1.0727,-120.96,0.31957,1.4497,0.063879
-0.62273,1.0533,-120.96,0.31608,1.4324,0.051313
-0.62657,1.0357,-120.98,0.30927,1.4224,0.048171
-0.63774,1.0181,-120.99,0.29426,1.401,0.04119
-0.64193,0.99885,-121,0.28868,1.3886,0.035954
-0.64769,0.97808,-121.02,0.28117,1.3757,0.030369
-0.65572,0.95592,-121.03,0.26546,1.3458,0.020071
-0.66113,0.93375,-121.04,0.25901,1.3294,0.016057
-0.66986,0.91141,-121.05,0.25115,1.3132,0.012043
-0.6723,0.88959,-121.07,0.23579,1.2774,0.0055851
-0.6744,0.86656,-121.08,0.22899,1.2586,0.0024435
-0.67876,0.84212,-121.09,0.21101,1.2205,-0.00087266
-0.67823,0.81873,-121.09,0.2063,1.2053,-0.0047124
-0.68661,0.79744,-121.1,0.19879,1.1898,-0.0062832
-0.68853,0.77789,-121.11,0.19024,1.1612,-0.012043
-0.68888,0.75904,-121.13,0.18588,1.1469,-0.016232
-0.69132,0.73915,-121.14,0.17977,1.1334,-0.019722
-0.69377,0.72047,-121.15,0.17,1.1055,-0.027925
-0.69813,0.7018,-121.16,0.16616,1.0924,-0.032638
-0.69813,0.6826,-121.17,0.15341,1.0664,-0.042761
-0.70407,0.66445,-121.18,0.14661,1.0535,-0.047647
-0.70703,0.64612,-121.19,0.13928,1.0407,-0.052185
-0.71,0.62867,-121.21,0.12095,1.0135,-0.057596
-0.71942,0.60929,-121.22,0.10699,1.0001,-0.058119
-0.72833,0.5894,-121.23,0.086917,0.97634,-0.061959
-0.73321,0.57247,-121.24,0.083427,0.96482,-0.064577
-0.73827,0.55693,-121.25,0.073827,0.95487,-0.067195
-0.74211,0.54227,-121.26,0.06353,0.93689,-0.07278
-0.74613,0.52779,-121.27,0.058818,0.92712,-0.075747
-0.75049,0.51348,-121.28,0.053582,0.91822,-0.078889
-0.75294,0.49882,-121.29,0.044331,0.89745,-0.084823
-0.75451,0.48415,-121.3,0.040143,0.8861,-0.087266
-0.75887,0.46862,-121.31,0.028798,0.86499,-0.091455
-0.76253,0.45326,-121.32,0.02426,0.85347,-0.092502
-0.76812,0.43738,-121.33,0.015882,0.84264,-0.092677
-0.77353,0.42185,-121.34,-0.00034907,0.821,-0.090583
-0.77859,0.40858,-121.35,-0.0017453,0.81105,-0.091455
-0.78069,0.39497,-121.36,-0.0059341,0.80111,-0.093375
-0.78784,0.37943,-121.37,-0.012566,0.77877,-0.096168
-0.79046,0.36477,-121.38,-0.014486,0.76707,-0.10001
-0.79622,0.34907,-121.39,-0.019024,0.74508,-0.10821
-0.80006,0.33266,-121.4,-0.02426,0.73513,-0.11275
-0.80198,0.31817,-121.41,-0.029147,0.72606,-0.11746
-0.80599,0.30578,-121.42,-0.037001,0.70948,-0.12584
-0.81001,0.29409,-121.43,-0.043982,0.70197,-0.13038
-0.81367,0.28274,-121.44,-0.05428,0.68714,-0.1384
-0.81804,0.27088,-121.46,-0.061261,0.67893,-0.14242
-0.82135,0.25866,-121.47,-0.067195,0.67038,-0.14573
-0.82572,0.24627,-121.48,-0.077144,0.65188,-0.15237
-0.83095,0.23405,-121.49,-0.079762,0.64368,-0.15533
-0.83322,0.22166,-121.5,-0.083078,0.63495,-0.15743
-0.83706,0.21014,-121.51,-0.090234,0.62046,-0.15865
-0.84195,0.20036,-121.52,-0.094422,0.61366,-0.15795
-0.84683,0.19059,-121.53,-0.098262,0.59533,-0.15708
-0.84561,0.17907,-121.54,-0.10105,0.58242,-0.15656
-0.85469,0.16249,-121.54,-0.11083,0.56531,-0.15341
-0.86272,0.14329,-121.55,-0.12252,0.52534,-0.14748
-0.8683,0.12287,-121.55,-0.12689,0.50492,-0.14556
-0.87109,0.10385,-121.55,-0.12305,0.48538,-0.14504
-0.87389,0.085696,-121.55,-0.13212,0.44907,-0.13998
-0.8765,0.070686,-121.56,-0.13614,0.43406,-0.13683
-0.88122,0.058119,-121.56,-0.14661,0.40963,-0.13055
-0.88558,0.047473,-121.57,-0.15202,0.39985,-0.12793
-0.88977,0.038746,-121.57,-0.15743,0.39095,-0.12497
-0.8964,0.030543,-121.58,-0.16738,0.37176,-0.11973
-0.90251,0.021991,-121.58,-0.17453,0.3639,-0.11711
-0.90967,0.01309,-121.59,-0.19146,0.35168,-0.10961
-0.92049,0.0057596,-121.59,-0.20159,0.34697,-0.10367
-0.93445,-0.00087266,-121.6,-0.21241,0.34243,-0.097564
-0.93585,-0.0062832,-121.6,-0.21694,0.32777,-0.091455
-0.93131,-0.012392,-121.61,-0.20909,0.32097,-0.093201
-0.92153,-0.021642,-121.61,-0.20577,0.31224,-0.093026
-0.92118,-0.027751,-121.61,-0.21345,0.2981,-0.090059
-0.92642,-0.03159,-121.61,-0.21625,0.29461,-0.087266
-0.93061,-0.033859,-121.62,-0.22323,0.29444,-0.082729
-0.93166,-0.033859,-121.62,-0.22724,0.29583,-0.078889
-0.93777,-0.032463,-121.62,-0.23213,0.29828,-0.075573
-0.94213,-0.029671,-121.63,-0.23265,0.3077,-0.068941
-0.94527,-0.025656,-121.63,-0.23422,0.31241,-0.06545
-0.95871,-0.022689,-121.64,-0.23579,0.31748,-0.062657
-0.93916,-0.018326,-121.64,-0.22218,0.32166,-0.062657
-0.94352,-0.016057,-121.65,-0.22183,0.32323,-0.061785
-0.94126,-0.013265,-121.65,-0.23597,0.32812,-0.056549
-0.94789,-0.010297,-121.66,-0.23998,0.33283,-0.054629
-0.95312,-0.0059341,-121.66,-0.2419,0.33859,-0.053756
-0.96517,-0.0015708,-121.67,-0.25377,0.35081,-0.05044
-0.97738,0.002618,-121.68,-0.2604,0.35448,-0.048869
-0.9793,0.0073304,-121.69,-0.26581,0.35762,-0.04852
-0.98611,0.010123,-121.7,-0.27821,0.36198,-0.045029
-0.98733,0.01309,-121.7,-0.28362,0.36495,-0.042237
-0.98698,0.017104,-121.71,-0.28676,0.37158,-0.03543
-0.98663,0.022515,-121.71,-0.28885,0.37664,-0.03159
-0.98541,0.028972,-121.72,-0.28728,0.38345,-0.0281
-0.97878,0.037001,-121.72,-0.28082,0.39724,-0.021642
-0.97459,0.046077,-121.73,-0.28222,0.40317,-0.01693
-0.96447,0.054803,-121.73,-0.28746,0.40788,-0.010647
-0.9622,0.063355,-121.73,-0.27506,0.42359,-0.0036652
-0.95504,0.073304,-121.74,-0.26477,0.43232,-0.0005236
-0.95522,0.083252,-121.74,-0.26442,0.45099,0.0073304
-0.95103,0.094248,-121.75,-0.25883,0.46077,0.0097738
-0.94928,0.1035,-121.75,-0.25464,0.46967,0.011694
-0.94649,0.11257,-121.76,-0.25168,0.48625,0.016406
-0.94527,0.12113,-121.77,-0.24801,0.49306,0.018151
-0.93811,0.13003,-121.77,-0.24435,0.49759,0.020071
-0.93602,0.13806,-121.78,-0.2426,0.50911,0.028449
-0.93148,0.14713,-121.78,-0.23894,0.51836,0.030718
-0.92747,0.15795,-121.79,-0.22305,0.53477,0.038746
-0.93166,0.1686,-121.79,-0.23405,0.54053,0.050091
-0.93672,0.17925,-121.8,-0.24627,0.54018,0.064577
-0.93724,0.18413,-121.81,-0.23928,0.54891,0.075224
-0.93201,0.18832,-121.8,-0.23091,0.55327,0.07662
-0.91944,0.19478,-121.8,-0.21468,0.56688,0.082903
-0.90879,0.20438,-121.81,-0.20298,0.57735,0.084474
-0.89151,0.21625,-121.81,-0.19181,0.58818,0.085172
-0.87912,0.22969,-121.82,-0.17052,0.61261,0.084299
-0.86568,0.24417,-121.82,-0.16424,0.62361,0.084648
-0.85277,0.25569,-121.83,-0.15917,0.63146,0.085172
-0.84648,0.26599,-121.83,-0.15429,0.65031,0.085696
-0.83915,0.27681,-121.84,-0.1501,0.66043,0.086045
-0.83723,0.28728,-121.84,-0.14923,0.68155,0.086568
-0.83182,0.2981,-121.85,-0.14765,0.69063,0.089361
-0.83619,0.3098,-121.86,-0.15603,0.70058,0.092677
-0.82973,0.32149,-121.87,-0.15429,0.72431,0.089361
-0.82118,0.3365,-121.87,-0.14731,0.73234,0.089186
-0.82013,0.34627,-121.88,-0.15237,0.73793,0.088488
-0.82275,0.35483,-121.89,-0.17017,0.75014,0.087441
-0.82973,0.3639,-121.9,-0.17715,0.75887,0.087616
-0.82938,0.37402,-121.91,-0.18047,0.78138,0.086743
-0.82938,0.38589,-121.92,-0.17802,0.79325,0.086917
-0.82764,0.40038,-121.93,-0.17663,0.80512,0.087092
-0.83008,0.41539,-121.94,-0.19076,0.83287,0.086219
-0.83043,0.42743,-121.95,-0.19007,0.8498,0.08046
-0.82257,0.4386,-121.95,-0.18518,0.86254,0.072955
-0.8142,0.44995,-121.95,-0.18204,0.88087,0.072431
-0.8128,0.46147,-121.96,-0.17925,0.88925,0.072955
-0.80372,0.47316,-121.96,-0.17541,0.91385,0.069464
-0.79814,0.48817,-121.97,-0.17925,0.9266,0.068417
-0.79604,0.50231,-121.98,-0.18134,0.93654,0.070162
-0.78435,0.51522,-121.99,-0.18169,0.95766,0.062483
-0.77824,0.52761,-122,-0.18378,0.96988,0.060388
-0.77405,0.5407,-122.01,-0.18535,0.99676,0.057072
-0.78435,0.55327,-122.01,-0.18675,1.0116,0.057072
-0.79447,0.56706,-122.03,-0.18815,1.0275,0.055851
-0.78924,0.58172,-122.04,-0.21468,1.0599,0.06353
-0.7943,0.59481,-122.05,-0.21939,1.0743,0.066323
-0.78208,0.60964,-122.07,-0.21537,1.09,0.069115
-0.77475,0.62902,-122.08,-0.2056,1.1215,0.071733
-0.77946,0.64752,-122.09,-0.21468,1.1383,0.075747
-0.77894,0.66864,-122.1,-0.21433,1.1641,0.08395
-0.78767,0.68783,-122.11,-0.21433,1.1776,0.086219
-0.77929,0.70494,-122.12,-0.20735,1.1891,0.088488
-0.77196,0.71977,-122.13,-0.18919,1.213,0.098262
-0.77981,0.73548,-122.15,-0.1864,1.2243,0.10036
-0.76585,0.75485,-122.16,-0.17418,1.236,0.097215
-0.74944,0.77545,-122.16,-0.15743,1.2594,0.08971
-0.74421,0.79692,-122.16,-0.14486,1.2706,0.090757
-0.73967,0.81908,-122.17,-0.1131,1.2952,0.091106
-0.72798,0.8402,-122.17,-0.097913,1.3106,0.09355
-0.72693,0.86132,-122.17,-0.080809,1.3258,0.096168
-0.71436,0.88418,-122.18,-0.038921,1.3603,0.1021
-0.71035,0.90617,-122.18,-0.0185,1.3802,0.10664
-0.70284,0.92782,-122.19,0.023736,1.4183,0.11222
-0.68714,0.94946,-122.19,0.046949,1.4371,0.11292
-0.66951,0.9718,-122.2,0.069813,1.4568,0.1138
-0.6524,0.99362,-122.21,0.10786,1.4903,0.11746
-0.63914,1.0137,-122.22,0.12846,1.5059,0.11624
-0.61628,1.0315,-122.22,0.14783,1.5177,0.11502
-0.60371,1.0442,-122.23,0.17575,1.5416,0.1138
-0.58783,1.0561,-122.24,0.1857,1.5499,0.11449
-0.58172,1.0662,-122.25,0.21118,1.5605,0.11222
-0.56706,1.0732,-122.26,0.22183,1.5659,0.10838
-0.56112,1.0781,-122.27,0.22811,1.5675,0.10734
-0.56252,1.0802,-122.28,0.22323,1.5692,0.1117
-0.56182,1.0798,-122.29,0.22323,1.5711,0.11153
-0.56339,1.0802,-122.3,0.22846,1.5718,0.11414
-0.56426,1.079,-122.31,0.23335,1.5724,0.11519
-0.56287,1.0776,-122.32,0.23736,1.5734,0.11554
-0.56235,1.0774,-122.32,0.24609,1.5736,0.11572
-0.5592,1.0783,-122.33,0.25412,1.5739,0.10926
-0.55571,1.0746,-122.34,0.26494,1.571,0.10385
-0.55868,1.0688,-122.35,0.25587,1.5582,0.093899
-0.56112,1.0606,-122.37,0.25133,1.5502,0.091281
-0.56706,1.0503,-122.38,0.24033,1.531,0.084299
-0.57212,1.0392,-122.39,0.2337,1.5211,0.081856
-0.58259,1.0276,-122.4,0.22585,1.5094,0.08046
-0.59394,1.0149,-122.41,0.20769,1.4844,0.077842
-0.60057,1.0009,-122.42,0.20019,1.4715,0.07662
-0.60912,0.98698,-122.44,0.19129,1.4617,0.072606
-0.59795,0.9725,-122.45,0.19094,1.4385,0.063181
-0.60912,0.95888,-122.46,0.18605,1.4273,0.05969
-0.6072,0.94649,-122.47,0.16825,1.4064,0.053407
-0.61959,0.93323,-122.48,0.1665,1.3963,0.04852
-0.62221,0.91944,-122.5,0.16197,1.3846,0.042761
-0.63076,0.90495,-122.51,0.14329,1.3603,0.035779
-0.64246,0.89082,-122.52,0.13317,1.3463,0.032638
-0.64804,0.87546,-122.53,0.11589,1.3193,0.027227
-0.65869,0.85975,-122.55,0.10734,1.3052,0.024784
-0.66584,0.84369,-122.56,0.098262,1.291,0.023562
-0.67841,0.82746,-122.57,0.07854,1.2629,0.020944
-0.68399,0.81175,-122.58,0.074002,1.2484,0.019024
-0.69185,0.79587,-122.59,0.067195,1.2338,0.016755
-0.68975,0.77981,-122.6,0.065101,1.2001,0.010472
-0.70197,0.75992,-122.61,0.052011,1.1788,0.0090757
-0.70459,0.73862,-122.62,0.034558,1.1406,0.0064577
-0.71209,0.71855,-122.63,0.027053,1.1247,0.0062832
-0.71908,0.7011,-122.64,0.01885,1.1114,0.0055851
-0.72553,0.68731,-122.65,0.0005236,1.0901,0.0094248
-0.73234,0.67509,-122.66,-0.0071558,1.0826,0.010123
-0.73793,0.66549,-122.67,-0.010123,1.0751,0.011345
-0.75311,0.6552,-122.68,-0.031765,1.0613,0.01885
-0.758,0.64577,-122.69,-0.038223,1.0547,0.021817
-0.76219,0.63565,-122.7,-0.038746,1.0427,0.024086
-0.76358,0.62657,-122.71,-0.040666,1.0366,0.024435
-0.76411,0.61645,-122.72,-0.039619,1.0304,0.023213
-0.76585,0.60598,-122.73,-0.039794,1.0158,0.018675
-0.76829,0.59376,-122.74,-0.042586,1.0074,0.016232
-0.76969,0.58172,-122.75,-0.045379,0.98663,0.0087266
-0.77126,0.56793,-122.77,-0.0466,0.97529,0.005236
-0.77126,0.55309,-122.78,-0.047647,0.96342,0.0020944
-0.77248,0.53704,-122.79,-0.054105,0.93864,-0.0041888
-0.77248,0.52116,-122.8,-0.054105,0.9259,-0.0080285
-0.77754,0.50562,-122.81,-0.055676,0.91368,-0.01117
-0.77754,0.49044,-122.82,-0.058294,0.89082,-0.019897
-0.77772,0.47613,-122.83,-0.060388,0.88069,-0.024435
-0.78069,0.46269,-122.84,-0.064752,0.86027,-0.032812
-0.78243,0.44872,-122.86,-0.069639,0.84875,-0.037176
-0.78557,0.43249,-122.87,-0.074526,0.83706,-0.041713
-0.78487,0.41801,-122.88,-0.08046,0.81559,-0.049567
-0.78871,0.40439,-122.89,-0.084823,0.80564,-0.053058
-0.78837,0.39078,-122.9,-0.090408,0.79639,-0.055152
-0.79622,0.37734,-122.91,-0.097738,0.77772,-0.059341
-0.79412,0.36373,-122.92,-0.098611,0.76812,-0.062657
-0.79709,0.35064,-122.93,-0.10559,0.74892,-0.066672
-0.80023,0.33824,-122.94,-0.111,0.73793,-0.067719
-0.80582,0.32411,-122.95,-0.11659,0.72693,-0.069115
-0.80687,0.30962,-122.96,-0.12549,0.70058,-0.070511
-0.81489,0.29304,-122.97,-0.13561,0.68696,-0.068941
-0.82345,0.27663,-122.98,-0.14992,0.65607,-0.062832
-0.82467,0.25831,-122.99,-0.15149,0.63931,-0.06161
-0.82572,0.23963,-123,-0.15359,0.62273,-0.059167
-0.83078,0.22235,-123,-0.16162,0.58783,-0.054105
-0.83392,0.20508,-123.01,-0.16319,0.57125,-0.051836
-0.83514,0.18867,-123.01,-0.16842,0.55659,-0.049393
-0.84003,0.17261,-123.02,-0.17523,0.52255,-0.044157
-0.84282,0.15656,-123.02,-0.17,0.5051,-0.042935
-0.84893,0.13317,-123.03,-0.18832,0.45221,-0.032289
-0.84177,0.11222,-123.04,-0.1857,0.42848,-0.032463
-0.85102,0.090932,-123.04,-0.1878,0.41033,-0.034383
-0.85155,0.074526,-123.04,-0.19914,0.38572,-0.030194
-0.85067,0.064926,-123.05,-0.20124,0.37455,-0.028449
-0.84736,0.057072,-123.06,-0.20438,0.36687,-0.025307
-0.8491,0.047997,-123.06,-0.20839,0.34924,-0.021817
-0.8498,0.039794,-123.06,-0.20996,0.33964,-0.017453
-0.85539,0.030369,-123.07,-0.23003,0.32062,-0.0040143
-0.86132,0.021642,-123.08,-0.23213,0.31276,0.00034907
-0.86848,0.013963,-123.08,-0.23405,0.30718,0.0048869
-0.87301,0.011345,-123.08,-0.24539,0.2988,0.020944
-0.88593,0.0059341,-123.09,-0.24592,0.29845,0.026529
-0.88052,0.0034907,-123.09,-0.2447,0.29932,0.03002
-0.87982,0.0045379,-123.09,-0.23702,0.30613,0.036303
-0.87354,0.0087266,-123.1,-0.23335,0.31381,0.036652
-0.85992,0.013614,-123.1,-0.22532,0.31782,0.033859
-0.86027,0.013788,-123.11,-0.22881,0.32341,0.029671
-0.84142,0.01693,-123.11,-0.2166,0.33091,0.020071
-0.83078,0.021817,-123.12,-0.19042,0.33929,0.0095993
-0.83217,0.025307,-123.13,-0.20106,0.34592,0.010647
-0.83008,0.032463,-123.13,-0.20159,0.3646,0.015184
-0.82938,0.04119,-123.14,-0.19827,0.37053,0.018151
-0.83444,0.050265,-123.14,-0.20665,0.37821,0.021293
-0.83531,0.058294,-123.15,-0.21049,0.39462,0.026529
-0.83566,0.065973,-123.15,-0.20979,0.4023,0.026878
-0.83514,0.073129,-123.16,-0.20979,0.40963,0.027402
-0.83339,0.081681,-123.16,-0.21153,0.42691,0.028274
-0.83654,0.091281,-123.17,-0.21241,0.43633,0.029845
-0.83305,0.10088,-123.18,-0.21171,0.45379,0.031241
-0.83043,0.11135,-123.18,-0.21014,0.46164,0.03194
-0.83095,0.1199,-123.19,-0.21136,0.46827,0.03351
-0.82606,0.12933,-123.19,-0.21363,0.48031,0.039968
-0.82222,0.1391,-123.2,-0.21433,0.48799,0.044506
-0.81978,0.14835,-123.2,-0.21852,0.49829,0.048171
-0.81821,0.16197,-123.2,-0.21485,0.51819,0.057247
-0.81524,0.17506,-123.21,-0.2166,0.5243,0.062832
-0.81071,0.18762,-123.21,-0.22148,0.54053,0.071908
-0.81472,0.19827,-123.22,-0.22078,0.5496,0.0747
-0.81455,0.20961,-123.22,-0.21939,0.55885,0.078191
-0.80931,0.22462,-123.23,-0.21398,0.5784,0.084998
-0.80687,0.23684,-123.23,-0.20857,0.58975,0.087266
-0.80721,0.24784,-123.24,-0.21084,0.60301,0.090583
-0.80582,0.26354,-123.24,-0.2159,0.63321,0.10036
-0.80006,0.27995,-123.25,-0.20682,0.64822,0.10088
-0.78976,0.29793,-123.25,-0.1885,0.67876,0.097913
-0.78592,0.31503,-123.26,-0.18902,0.6901,0.097215
-0.77859,0.32899,-123.27,-0.19373,0.69918,0.10123
