-0.66951,1.1879,-98.835,0.0033161,0.47351,-0.0024435
-0.67056,1.1873,-98.843,0.0045379,0.51627,-0.0031416
-0.66986,1.187,-98.851,0.0055851,0.59655,-0.0041888
-0.67056,1.1865,-98.859,0.0054105,0.63443,-0.0047124
-0.67125,1.186,-98.868,0.0068068,0.70529,-0.0061087
-0.67056,1.186,-98.876,0.0069813,0.73827,-0.0069813
-0.66986,1.1854,-98.885,0.0075049,0.77021,-0.0071558
-0.66846,1.1851,-98.893,0.0090757,0.83008,-0.0085521
-0.66794,1.1846,-98.902,0.0090757,0.85853,-0.0095993
-0.66741,1.1842,-98.91,0.0099484,0.88558,-0.010472
-0.66741,1.183,-98.919,0.0087266,0.93794,-0.012217
-0.66951,1.1825,-98.927,0.005236,0.96237,-0.012915
-0.67073,1.1823,-98.936,0.0041888,1.0069,-0.014486
-0.67056,1.1825,-98.945,0.0054105,1.028,-0.01501
-0.66898,1.1823,-98.954,0.005236,1.0488,-0.015184
-0.66916,1.1818,-98.962,0.0040143,1.088,-0.015708
-0.66829,1.1825,-98.97,0.0061087,1.106,-0.016232
-0.66724,1.1828,-98.978,0.012915,1.1371,-0.014486
-0.66218,1.1844,-98.986,0.019548,1.1502,-0.011868
-0.65869,1.1853,-98.994,0.02426,1.1648,-0.0068068
-0.65642,1.1861,-99.001,0.032987,1.1889,0.0019199
-0.65101,1.1879,-99.007,0.044331,1.1983,0.007854
-0.63478,1.1908,-99.011,0.060912,1.2127,0.015533
-0.62046,1.1983,-99.011,0.095644,1.2428,0.024958
-0.60633,1.2086,-99.01,0.11345,1.2601,0.033336
-0.59917,1.2212,-99.009,0.14608,1.2996,0.056549
-0.59376,1.2339,-99.01,0.16074,1.3177,0.071035
-0.58818,1.2467,-99.012,0.17349,1.3347,0.083427
-0.5777,1.2587,-99.016,0.20892,1.3586,0.10297
-0.5613,1.2676,-99.025,0.23422,1.3732,0.10961
-0.54454,1.2792,-99.032,0.25237,1.3998,0.11397
-0.5222,1.2924,-99.038,0.27506,1.4092,0.11449
-0.4969,1.3034,-99.044,0.30212,1.4203,0.11327
-0.48782,1.3079,-99.051,0.32114,1.4467,0.11222
-0.49201,1.3104,-99.056,0.31992,1.4572,0.1138
-0.49759,1.3083,-99.063,0.32271,1.4649,0.11519
-0.50702,1.3011,-99.071,0.32533,1.4696,0.11659
-0.51156,1.2922,-99.079,0.32411,1.4682,0.11397
-0.5154,1.2802,-99.088,0.33266,1.4643,0.10071
-0.50946,1.2669,-99.094,0.33737,1.4612,0.092502
-0.50737,1.2531,-99.103,0.33772,1.4587,0.085347
-0.50946,1.2392,-99.112,0.3351,1.457,0.073129
-0.51156,1.2264,-99.121,0.33266,1.4565,0.069115
-0.51522,1.2149,-99.132,0.32917,1.4565,0.066148
-0.52255,1.2041,-99.143,0.31957,1.4561,0.063355
-0.52971,1.1926,-99.154,0.31748,1.4558,0.062483
-0.54262,1.1812,-99.163,0.30892,1.4561,0.061436
-0.55397,1.1702,-99.174,0.30439,1.4537,0.062134
-0.56531,1.158,-99.184,0.30055,1.4497,0.06353
-0.57299,1.1455,-99.195,0.29252,1.4383,0.063355
-0.58381,1.1311,-99.202,0.29548,1.4338,0.060039
-0.58905,1.1172,-99.208,0.29444,1.4298,0.056723
-0.5983,1.1039,-99.216,0.28623,1.4177,0.054803
-0.60511,1.091,-99.228,0.28117,1.4102,0.054454
-0.6147,1.0756,-99.238,0.26738,1.3957,0.052534
-0.62378,1.0612,-99.248,0.25813,1.3874,0.051487
-0.63443,1.0453,-99.26,0.2508,1.3781,0.051138
-0.64385,1.0289,-99.27,0.22689,1.3579,0.049742
-0.65921,1.0119,-99.281,0.21799,1.3465,0.049567
-0.67021,0.99501,-99.293,0.19984,1.3224,0.049567
-0.67597,0.97826,-99.302,0.19391,1.3107,0.048171
-0.68207,0.9615,-99.311,0.18902,1.2994,0.0466
-0.68993,0.94422,-99.32,0.17802,1.2772,0.043284
-0.69429,0.92712,-99.328,0.17401,1.2678,0.04119
-0.7004,0.91176,-99.338,0.16773,1.2586,0.040143
-0.70267,0.89832,-99.348,0.15795,1.2416,0.037001
-0.71017,0.88366,-99.359,0.15115,1.2339,0.035256
-0.71489,0.86952,-99.371,0.13439,1.2202,0.034383
-0.72902,0.85765,-99.383,0.12846,1.213,0.033336
-0.7285,0.84614,-99.395,0.12723,1.2055,0.031241
-0.73077,0.83427,-99.406,0.11781,1.1886,0.028274
-0.73705,0.82153,-99.416,0.11292,1.1809,0.026878
-0.7374,0.80756,-99.424,0.11135,1.1725,0.025482
-0.74421,0.79395,-99.432,0.10123,1.1558,0.023213
-0.74805,0.78086,-99.442,0.096866,1.1474,0.022515
-0.74718,0.76882,-99.452,0.092677,1.1324,0.019373
-0.74944,0.75695,-99.461,0.090932,1.1256,0.018675
-0.74735,0.7463,-99.471,0.090059,1.1191,0.017977
-0.74718,0.73601,-99.481,0.08971,1.1076,0.016232
-0.74735,0.72623,-99.489,0.089361,1.1022,0.014835
-0.74543,0.71716,-99.498,0.088488,1.0968,0.013788
-0.74648,0.70773,-99.508,0.084998,1.0856,0.010472
-0.74875,0.69848,-99.518,0.082205,1.0793,0.0085521
-0.75503,0.68696,-99.528,0.074351,1.0647,0.0036652
-0.75346,0.67614,-99.539,0.068591,1.0591,0.0027925
-0.76306,0.66549,-99.55,0.062657,1.0538,0.0020944
-0.76812,0.65624,-99.561,0.04852,1.0449,0.0036652
-0.77405,0.64769,-99.573,0.043459,1.0393,0.0048869
-0.77248,0.63739,-99.585,0.035779,1.0276,0.0045379
-0.77807,0.62745,-99.594,0.033336,1.021,0.0027925
-0.77336,0.61628,-99.604,0.03351,1.0139,0.00069813
-0.77807,0.60388,-99.613,0.02426,0.99449,-0.0017453
-0.77528,0.59044,-99.623,0.021118,0.98506,-0.002618
-0.78034,0.57666,-99.633,0.01693,0.97564,-0.0034907
-0.78086,0.56392,-99.641,0.01117,0.95871,-0.0041888
-0.78295,0.55257,-99.651,0.0071558,0.95208,-0.0034907
-0.78226,0.54332,-99.66,0.0045379,0.94073,-0.0034907
-0.7833,0.5339,-99.669,0.0043633,0.93497,-0.0043633
-0.78086,0.52482,-99.679,0.0020944,0.92974,-0.0054105
-0.78243,0.51487,-99.689,0.0010472,0.91682,-0.0099484
-0.77999,0.50457,-99.7,0.00017453,0.90949,-0.012915
-0.78086,0.49253,-99.71,-0.0069813,0.89064,-0.017802
-0.78051,0.48084,-99.721,-0.012392,0.87965,-0.017453
-0.78278,0.46653,-99.731,-0.014486,0.87005,-0.019548
-0.78243,0.45256,-99.739,-0.020246,0.85416,-0.024958
-0.78732,0.44087,-99.747,-0.026005,0.84666,-0.025482
-0.78662,0.4304,-99.758,-0.027576,0.84038,-0.026529
-0.78575,0.42062,-99.769,-0.03194,0.82938,-0.03159
-0.784,0.41103,-99.78,-0.033859,0.82222,-0.034034
-0.7847,0.4002,-99.79,-0.043459,0.80617,-0.039619
-0.78557,0.38729,-99.801,-0.047822,0.79779,-0.042062
-0.7847,0.37542,-99.812,-0.051138,0.78941,-0.045029
-0.78383,0.36373,-99.822,-0.052709,0.77458,-0.050615
-0.78086,0.35273,-99.833,-0.055676,0.76812,-0.052011
-0.78295,0.34226,-99.843,-0.062134,0.758,-0.053407
-0.78365,0.33318,-99.853,-0.063355,0.75276,-0.054978
-0.7833,0.32271,-99.863,-0.06545,0.7463,-0.056898
-0.77859,0.31294,-99.872,-0.061959,0.72606,-0.061785
-0.77999,0.29932,-99.882,-0.066148,0.71297,-0.065275
-0.77213,0.28484,-99.892,-0.066323,0.69953,-0.067893
-0.77528,0.26965,-99.902,-0.074526,0.67021,-0.071733
-0.77877,0.2529,-99.913,-0.079936,0.65607,-0.073653
-0.77894,0.23667,-99.92,-0.088663,0.63041,-0.078191
-0.78645,0.22113,-99.927,-0.092328,0.61767,-0.080634
-0.784,0.20735,-99.934,-0.095644,0.60511,-0.083252
-0.78959,0.19391,-99.942,-0.10681,0.57893,-0.085696
-0.79308,0.17994,-99.951,-0.11153,0.56496,-0.086394
-0.79517,0.16424,-99.959,-0.1131,0.54926,-0.088139
-0.79692,0.14783,-99.966,-0.11729,0.51993,-0.091455
-0.80093,0.13107,-99.97,-0.12566,0.50475,-0.092153
-0.80669,0.11746,-99.977,-0.13509,0.47927,-0.093724
-0.80931,0.10664,-99.985,-0.13701,0.46827,-0.093724
-0.80739,0.09547,-99.992,-0.14032,0.45588,-0.094771
-0.81088,0.083078,-99.999,-0.15045,0.43424,-0.093899
-0.81105,0.072431,-100,-0.15394,0.42359,-0.094248
-0.8217,0.061959,-100.01,-0.15935,0.4126,-0.09355
-0.82519,0.052185,-100.02,-0.16912,0.39636,-0.091804
-0.8238,0.045029,-100.02,-0.17296,0.38938,-0.091106
-0.83025,0.037176,-100.03,-0.18378,0.37856,-0.08779
-0.83025,0.03194,-100.04,-0.18588,0.3749,-0.086917
-0.8327,0.027751,-100.04,-0.1864,0.3721,-0.084648
-0.83113,0.025307,-100.05,-0.19286,0.37036,-0.080634
-0.83182,0.023911,-100.05,-0.19408,0.37053,-0.078016
-0.82816,0.022864,-100.06,-0.19652,0.37315,-0.073478
-0.83252,0.023038,-100.06,-0.19635,0.37507,-0.071035
-0.83793,0.02426,-100.07,-0.20054,0.37699,-0.067544
-0.84544,0.024609,-100.07,-0.2049,0.38101,-0.061959
-0.84596,0.024958,-100.08,-0.20874,0.38101,-0.059865
-0.84771,0.025656,-100.09,-0.20996,0.38153,-0.058119
-0.85661,0.024958,-100.09,-0.21834,0.38153,-0.053582
-0.85608,0.024435,-100.1,-0.22183,0.3824,-0.052185
-0.85556,0.025133,-100.11,-0.23003,0.38362,-0.045379
-0.86097,0.024609,-100.11,-0.23353,0.38293,-0.041539
-0.86167,0.024435,-100.11,-0.23457,0.38397,-0.039619
-0.86254,0.026878,-100.12,-0.23806,0.38834,-0.036128
-0.86848,0.028972,-100.13,-0.24173,0.39095,-0.034034
-0.86795,0.03159,-100.13,-0.24644,0.3934,-0.03194
-0.87057,0.034383,-100.14,-0.25552,0.39741,-0.02234
-0.88366,0.034208,-100.15,-0.27018,0.39444,-0.012566
-0.88436,0.034383,-100.16,-0.27227,0.3906,-0.0050615
-0.88488,0.03194,-100.16,-0.25953,0.38973,-0.0045379
-0.87738,0.032463,-100.16,-0.25499,0.39305,-0.0045379
-0.87511,0.037874,-100.17,-0.2412,0.4098,-0.0012217
-0.86865,0.047822,-100.17,-0.2344,0.42045,-0
-0.86307,0.059516,-100.18,-0.22864,0.43284,0.0010472
-0.85294,0.07278,-100.19,-0.21206,0.4592,-0.0005236
-0.84788,0.084299,-100.2,-0.20316,0.46932,-0.0017453
-0.83758,0.09355,-100.21,-0.20857,0.48381,0.00069813
-0.83689,0.10123,-100.21,-0.21101,0.49026,0.00034907
-0.82938,0.10699,-100.22,-0.20001,0.4962,-0.0005236
-0.82432,0.11414,-100.22,-0.19094,0.51068,-0.0031416
-0.82118,0.12357,-100.23,-0.18553,0.51871,-0.0034907
-0.81559,0.13282,-100.24,-0.18117,0.52657,-0.0027925
-0.81245,0.14172,-100.25,-0.17977,0.53948,0.0029671
-0.81297,0.1494,-100.25,-0.19164,0.54611,0.007854
-0.81158,0.15603,-100.26,-0.19024,0.56095,0.010123
-0.81263,0.16319,-100.26,-0.18256,0.56776,0.010996
-0.80163,0.17244,-100.27,-0.1789,0.57578,0.011694
-0.79866,0.18291,-100.28,-0.1686,0.59184,0.012043
-0.79482,0.19216,-100.29,-0.16127,0.5997,0.011519
-0.78714,0.20333,-100.29,-0.14294,0.61034,0.0075049
-0.78243,0.20961,-100.3,-0.14451,0.61034,0.0083776
-0.78924,0.21293,-100.3,-0.14888,0.61191,0.0066323
-0.78418,0.21607,-100.31,-0.13928,0.61767,0.0045379
-0.78034,0.22183,-100.32,-0.13474,0.62413,0.0031416
-0.77632,0.23178,-100.32,-0.13177,0.63233,0.0019199
-0.77248,0.24225,-100.33,-0.11851,0.64787,-0.0031416
-0.76166,0.25255,-100.34,-0.11659,0.65066,-0.0038397
-0.76428,0.25883,-100.34,-0.12514,0.65764,-0.007854
-0.75957,0.26546,-100.35,-0.11851,0.66096,-0.0089012
-0.75538,0.26983,-100.36,-0.11327,0.66462,-0.0090757
-0.75259,0.28013,-100.36,-0.11833,0.67457,-0.0075049
-0.75241,0.28763,-100.37,-0.11589,0.6812,-0.0076794
-0.74491,0.29775,-100.37,-0.11606,0.68888,-0.01117
-0.75067,0.30596,-100.38,-0.11711,0.70564,-0.012741
-0.74578,0.31782,-100.39,-0.11676,0.71506,-0.013265
-0.74875,0.3283,-100.39,-0.11694,0.72937,-0.013265
-0.74019,0.33999,-100.4,-0.11502,0.73862,-0.013265
-0.74683,0.35064,-100.41,-0.11816,0.74665,-0.013963
-0.74735,0.36024,-100.42,-0.13038,0.76044,-0.014137
-0.74735,0.36844,-100.42,-0.13265,0.76794,-0.017279
-0.75136,0.37839,-100.43,-0.13753,0.78383,-0.021468
-0.75102,0.38781,-100.44,-0.14853,0.79116,-0.024435
-0.75992,0.39636,-100.45,-0.15691,0.79692,-0.02618
-0.75974,0.40631,-100.46,-0.16511,0.81036,-0.031416
-0.75381,0.41678,-100.47,-0.1679,0.81804,-0.034383
-0.7491,0.42778,-100.48,-0.17191,0.82641,-0.037176
-0.75677,0.43825,-100.48,-0.19548,0.84195,-0.026005
-0.76079,0.45082,-100.49,-0.20979,0.85224,-0.020944
-0.76812,0.46181,-100.49,-0.21223,0.87616,-0.015882
-0.7765,0.47438,-100.5,-0.21817,0.8889,-0.013265
-0.77911,0.48764,-100.51,-0.22532,0.90111,-0.012217
-0.77475,0.50178,-100.52,-0.22148,0.92729,-0.011519
-0.77528,0.51714,-100.53,-0.22881,0.94108,-0.0089012
-0.78662,0.5311,-100.54,-0.23736,0.95435,-0.0068068
-0.7922,0.54542,-100.56,-0.24382,0.98681,-0.0073304
-0.80023,0.55641,-100.57,-0.24976,1.002,-0.005236
-0.80913,0.56723,-100.59,-0.26494,1.0311,-0.0062832
-0.80372,0.57927,-100.6,-0.26075,1.0482,-0.011345
-0.81263,0.58835,-100.61,-0.26616,1.0704,-0.012043
-0.81681,0.60511,-100.63,-0.25813,1.1107,-0.0036652
-0.80826,0.62849,-100.66,-0.24819,1.1264,0.0029671
-0.77772,0.64996,-100.69,-0.21136,1.1523,0.020595
-0.72239,0.66724,-100.73,-0.19199,1.1636,0.030892
-0.69534,0.66951,-100.77,-0.17349,1.1751,0.046426
-0.6833,0.66794,-100.83,-0.15272,1.195,0.085521
-0.66514,0.66043,-100.88,-0.13648,1.2018,0.10263
-0.64944,0.64769,-100.93,-0.11606,1.2106,0.11676
-0.64612,0.62273,-100.99,-0.097564,1.2317,0.13928
-0.64769,0.59568,-101.03,-0.098262,1.2428,0.14573
-0.64647,0.56496,-101.08,-0.074002,1.2626,0.15603
-0.63792,0.53023,-101.11,-0.072257,1.2727,0.16109
-0.57404,0.48782,-101.14,-0.0747,1.2774,0.17104
-0.49916,0.43319,-101.15,-0.067893,1.272,0.18623
-0.46757,0.37141,-101.17,-0.05969,1.2696,0.1864
-0.46984,0.3159,-101.2,-0.047473,1.2701,0.18169
-0.48468,0.26878,-101.22,-0.042062,1.2809,0.17593
-0.49829,0.23161,-101.23,-0.038746,1.2901,0.17855
-0.5154,0.19932,-101.24,-0.035256,1.3093,0.17907
-0.52918,0.17506,-101.24,-0.034732,1.3088,0.17628
-0.55501,0.15865,-101.25,-0.023562,1.3027,0.17034
-0.57631,0.14556,-101.27,0.0043633,1.2907,0.15603
-0.60144,0.13753,-101.3,0.027751,1.2865,0.14905
-0.61959,0.12863,-101.33,0.048346,1.2865,0.14521
-0.64438,0.11886,-101.36,0.073827,1.2912,0.13683
-0.66706,0.10978,-101.39,0.090757,1.2956,0.13509
-0.68941,0.10175,-101.42,0.12252,1.3034,0.13334
-0.70843,0.095295,-101.44,0.13928,1.3041,0.12863
-0.72484,0.089535,-101.47,0.15778,1.3043,0.12619
-0.73967,0.085172,-101.5,0.18832,1.3036,0.11956
-0.75189,0.079936,-101.53,0.19897,1.3022,0.11572
-0.76498,0.075049,-101.56,0.20612,1.299,0.11327
-0.77999,0.071558,-101.6,0.22742,1.2928,0.10594
-0.79343,0.06929,-101.63,0.23702,1.2915,0.10245
-0.80687,0.066846,-101.66,0.25691,1.2919,0.097738
-0.81943,0.063355,-101.69,0.26599,1.2933,0.095644
-0.83217,0.056898,-101.71,0.27192,1.2963,0.095819
-0.84038,0.049044,-101.73,0.27925,1.3008,0.095819
-0.84928,0.04119,-101.76,0.28466,1.3022,0.092502
-0.85137,0.032638,-101.78,0.28938,1.305,0.089186
-0.86027,0.025133,-101.8,0.28955,1.3057,0.088314
-0.86499,0.016232,-101.82,0.28885,1.3076,0.087616
-0.87127,0.0094248,-101.84,0.2878,1.3121,0.087965
-0.88,0.0050615,-101.86,0.28117,1.3156,0.089012
-0.88802,0.00069813,-101.88,0.28187,1.3163,0.088139
-0.89832,-0.0055851,-101.91,0.28658,1.3224,0.090059
-0.90879,-0.012217,-101.93,0.2899,1.3259,0.091281
-0.91368,-0.019373,-101.95,0.28955,1.3331,0.086568
-0.91717,-0.026529,-101.97,0.28833,1.3352,0.082729
-0.92014,-0.034383,-102,0.2885,1.3367,0.078889
-0.92712,-0.043808,-102.01,0.30421,1.3427,0.074351
-0.93009,-0.053407,-102.03,0.30753,1.3467,0.07278
-0.93218,-0.061959,-102.04,0.3077,1.3488,0.069813
-0.92991,-0.070686,-102.06,0.29967,1.3505,0.057596
-0.92729,-0.07854,-102.07,0.29758,1.3512,0.051836
-0.92939,-0.084998,-102.09,0.29339,1.3559,0.050265
-0.93253,-0.09355,-102.11,0.29007,1.3617,0.050265
-0.93358,-0.10263,-102.12,0.28676,1.3678,0.047647
-0.93934,-0.10961,-102.14,0.28239,1.3771,0.038397
-0.94265,-0.11467,-102.16,0.28379,1.3785,0.037001
-0.94841,-0.1199,-102.18,0.28397,1.3811,0.034732
-0.94789,-0.12741,-102.2,0.28117,1.3872,0.032463
-0.94841,-0.13579,-102.21,0.27908,1.3914,0.028798
-0.94632,-0.14242,-102.23,0.27698,1.3952,0.016057
-0.94161,-0.14783,-102.25,0.27122,1.3982,0.012217
-0.93881,-0.15568,-102.26,0.26494,1.3982,0.011868
-0.93654,-0.1679,-102.26,0.24784,1.4069,0.01885
-0.93323,-0.18151,-102.26,0.23754,1.4097,0.020071
-0.92625,-0.19635,-102.26,0.22654,1.4148,0.020246
-0.92328,-0.21241,-102.25,0.19722,1.4247,0.0185
-0.91577,-0.22916,-102.24,0.17279,1.432,0.016057
-0.91263,-0.24138,-102.24,0.1405,1.4369,0.012217
-0.91019,-0.25237,-102.23,0.12881,1.4376,0.011519
-0.90897,-0.26162,-102.23,0.11781,1.4397,0.012741
-0.90827,-0.26948,-102.23,0.11065,1.443,0.019548
-0.9067,-0.27786,-102.22,0.10629,1.4453,0.02234
-0.90792,-0.28431,-102.21,0.10577,1.4478,0.025307
-0.90268,-0.29374,-102.21,0.1021,1.4565,0.030892
-0.90635,-0.29793,-102.2,0.098437,1.4605,0.032987
-0.90478,-0.30177,-102.19,0.092677,1.4683,0.032638
-0.89972,-0.30473,-102.18,0.087441,1.4694,0.031416
-0.8985,-0.3077,-102.17,0.079238,1.4692,0.031241
-0.89413,-0.31416,-102.16,0.05969,1.4671,0.030543
-0.88977,-0.32114,-102.15,0.043633,1.4689,0.03002
-0.88628,-0.32812,-102.13,0.012392,1.4717,0.026704
-0.88226,-0.33528,-102.12,-0.0005236,1.4724,0.024609
-0.88104,-0.33964,-102.12,-0.012915,1.4717,0.020769
-0.88122,-0.34156,-102.12,-0.026704,1.4725,0.017453
-0.88296,-0.34348,-102.11,-0.03194,1.4748,0.019199
-0.88506,-0.34505,-102.11,-0.035779,1.4762,0.021293
-0.88593,-0.34819,-102.1,-0.044331,1.4844,0.025482
-0.88785,-0.35029,-102.1,-0.048869,1.487,0.026529
-0.88785,-0.35273,-102.09,-0.049567,1.49,0.027576
-0.88942,-0.35483,-102.09,-0.049393,1.4914,0.029671
-0.89082,-0.3564,-102.09,-0.053233,1.4928,0.032463
-0.89082,-0.35797,-102.08,-0.059167,1.494,0.034907
-0.89169,-0.35814,-102.08,-0.061087,1.4937,0.033685
-0.88977,-0.36006,-102.08,-0.064926,1.4944,0.03159
-0.88558,-0.36198,-102.08,-0.071384,1.4893,0.023736
-0.88488,-0.36373,-102.08,-0.072955,1.4884,0.021118
-0.88279,-0.36547,-102.08,-0.080809,1.4868,0.016232
-0.88174,-0.36704,-102.07,-0.08238,1.4882,0.013614
-0.88122,-0.36879,-102.07,-0.083776,1.4903,0.012741
-0.87965,-0.37018,-102.07,-0.095295,1.4952,0.01117
-0.87895,-0.37193,-102.06,-0.098611,1.495,0.0092502
-0.87755,-0.3728,-102.07,-0.09704,1.4914,0.0064577
-0.87738,-0.3728,-102.07,-0.10018,1.4916,0.0061087
-0.87947,-0.37158,-102.07,-0.10105,1.4912,0.0061087
-0.87912,-0.37036,-102.07,-0.098437,1.4956,0.0076794
-0.88017,-0.36879,-102.07,-0.097389,1.4959,0.0083776
-0.8772,-0.36861,-102.07,-0.09547,1.497,0.0083776
-0.88191,-0.36774,-102.08,-0.087266,1.4998,0.0076794
-0.87982,-0.36826,-102.08,-0.086045,1.5022,0.0066323
-0.88401,-0.36722,-102.08,-0.083427,1.5078,0.0064577
-0.88418,-0.36774,-102.08,-0.084998,1.5102,0.0076794
-0.8875,-0.36565,-102.08,-0.090059,1.5113,0.0087266
-0.88575,-0.3653,-102.08,-0.083601,1.5104,0.0087266
-0.88802,-0.36495,-102.08,-0.084125,1.512,0.0094248
-0.88471,-0.36704,-102.08,-0.097215,1.5149,0.01117
-0.88471,-0.36879,-102.07,-0.10228,1.5167,0.010821
-0.88383,-0.37123,-102.07,-0.1042,1.5186,0.010821
-0.8861,-0.3735,-102.06,-0.11013,1.5259,0.012392
-0.8882,-0.37542,-102.06,-0.11327,1.5291,0.013788
-0.89047,-0.37577,-102.05,-0.11327,1.5317,0.014661
-0.89047,-0.3749,-102.05,-0.11083,1.5315,0.01693
-0.89186,-0.37263,-102.06,-0.10681,1.5284,0.017104
-0.89291,-0.36931,-102.06,-0.094946,1.5207,0.015882
-0.89308,-0.3653,-102.07,-0.091455,1.5165,0.017453
-0.89204,-0.36076,-102.07,-0.086568,1.5134,0.01885
-0.89553,-0.35413,-102.08,-0.073304,1.5073,0.02234
-0.90042,-0.34575,-102.09,-0.065101,1.5036,0.024958
-0.90722,-0.33353,-102.1,-0.057247,1.5008,0.029671
-0.91333,-0.31608,-102.1,-0.044855,1.4968,0.041539
-0.92974,-0.29182,-102.1,-0.037699,1.4952,0.050615
-0.93602,-0.26232,-102.09,-0.016057,1.4917,0.061436
-0.97302,-0.21625,-102.09,-0.0099484,1.4895,0.063705
-0.97599,-0.17087,-102.07,-0.0089012,1.4881,0.06929
-0.99519,-0.11641,-102.05,-0.010297,1.4881,0.072082
-1.0151,-0.056723,-102.02,-0.01501,1.4867,0.073478
-1.0205,0.0020944,-101.99,-0.016755,1.4893,0.072257
-1.0622,0.069639,-101.96,-0.026354,1.497,0.067719
-1.1076,0.13544,-101.92,-0.042761,1.5006,0.061959
-1.1469,0.1967,-101.88,-0.075224,1.4909,0.054803
-1.2079,0.25412,-101.85,-0.074002,1.4827,0.050964
-1.2594,0.307,-101.82,-0.061959,1.4752,0.049218
-1.347,0.35657,-101.79,-0.039095,1.4622,0.037001
-1.427,0.40561,-101.77,-0.034558,1.4544,0.035256
-1.4612,0.44419,-101.74,-0.021293,1.4324,0.047124
-1.4718,0.47403,-101.73,-0.0083776,1.4224,0.059167
-1.4849,0.49794,-101.72,0.0012217,1.4102,0.07854
-1.4818,0.51906,-101.71,-0.015708,1.3806,0.11153
-1.48,0.53617,-101.71,-0.0085521,1.361,0.12497
-1.4593,0.54978,-101.7,0.00087266,1.339,0.148
-1.423,0.56392,-101.7,0.033685,1.2898,0.1953
-1.3861,0.57735,-101.69,0.052883,1.2655,0.21782
-1.3404,0.59324,-101.68,0.10786,1.2228,0.25953
-1.2943,0.61296,-101.67,0.13474,1.2036,0.27821
-1.2469,0.63355,-101.66,0.1604,1.1893,0.29566
-1.2088,0.65764,-101.65,0.20246,1.1654,0.32358
-1.168,0.6826,-101.65,0.22445,1.1573,0.33353
-1.1315,0.70599,-101.65,0.2426,1.1491,0.34366
-1.0973,0.72728,-101.66,0.26878,1.1317,0.35936
-1.0533,0.75084,-101.66,0.28362,1.1259,0.36146
-1.0301,0.77528,-101.67,0.30404,1.1149,0.36442
-0.99431,0.79604,-101.67,0.3173,1.1095,0.36704
-0.95766,0.81315,-101.68,0.32655,1.1055,0.37001
-0.92555,0.82816,-101.68,0.34592,1.0933,0.38013
-0.89727,0.8416,-101.68,0.3543,1.0879,0.38799
-0.87022,0.85364,-101.68,0.37542,1.0736,0.40719
-0.84631,0.86481,-101.68,0.38554,1.0664,0.41766
-0.81594,0.87528,-101.68,0.39776,1.0578,0.42761
-0.79063,0.88488,-101.68,0.42359,1.0413,0.44698
-0.76428,0.89378,-101.68,0.43808,1.0331,0.45553
-0.73443,0.90199,-101.68,0.45972,1.0215,0.46234
-0.70546,0.90949,-101.69,0.49218,1.0022,0.47403
-0.68085,0.91752,-101.69,0.50545,0.99554,0.47752
-0.65432,0.92398,-101.7,0.54,0.98088,0.48398
-0.62954,0.92817,-101.7,0.55676,0.9732,0.48782
-0.60528,0.93218,-101.71,0.56845,0.96639,0.49358
-0.58189,0.93777,-101.71,0.58137,0.95784,0.50248
-0.55955,0.94667,-101.72,0.58975,0.95435,0.50545
-0.53582,0.95609,-101.72,0.59394,0.95487,0.50702
-0.52063,0.9629,-101.73,0.59708,0.95243,0.51382
-0.50248,0.96866,-101.73,0.60022,0.9512,0.51749
-0.48433,0.9711,-101.74,0.60022,0.94614,0.52849
-0.46688,0.97354,-101.75,0.59638,0.94038,0.53425
-0.45536,0.97442,-101.75,0.59743,0.93253,0.53983
-0.44104,0.97267,-101.76,0.60092,0.91577,0.55432
-0.42795,0.9697,-101.76,0.60528,0.90617,0.56287
-0.41294,0.96307,-101.77,0.61924,0.88383,0.58137
-0.39881,0.95819,-101.77,0.62797,0.87458,0.59167
-0.38397,0.9526,-101.77,0.63338,0.86586,0.60196
-0.37315,0.94946,-101.77,0.6428,0.85329,0.62169
-0.36861,0.9451,-101.78,0.64211,0.8484,0.63146
-0.36198,0.94108,-101.78,0.64263,0.84125,0.64246
-0.35081,0.93462,-101.78,0.64088,0.82659,0.66375
-0.34034,0.93131,-101.79,0.64682,0.81804,0.67405
-0.33144,0.92625,-101.79,0.65432,0.8039,0.6901
-0.32376,0.92206,-101.8,0.6538,0.79814,0.69674
-0.32149,0.9163,-101.8,0.6552,0.79116,0.70337
-0.31119,0.91263,-101.81,0.66637,0.77458,0.70948
-0.2974,0.91368,-101.82,0.67457,0.76637,0.70878
-0.27908,0.91787,-101.83,0.67317,0.76376,0.70232
-0.2796,0.91769,-101.85,0.68103,0.74822,0.6901
-0.26215,0.9156,-101.86,0.68696,0.74229,0.68679
-0.25185,0.91036,-101.87,0.70354,0.72361,0.68906
-0.23981,0.90338,-101.88,0.71332,0.71506,0.69639
-0.23003,0.89535,-101.88,0.72222,0.70581,0.70372
-0.22445,0.89082,-101.89,0.75014,0.69429,0.71367
-0.22393,0.89431,-101.9,0.76376,0.69988,0.71698
-0.22934,0.89658,-101.92,0.75939,0.70389,0.71942
-0.23003,0.89937,-101.93,0.75974,0.70389,0.71768
-0.2227,0.89745,-101.94,0.76131,0.69935,0.71681
-0.21904,0.89535,-101.94,0.77178,0.68958,0.71803
-0.20455,0.88994,-101.95,0.77772,0.68207,0.72152
-0.20019,0.88506,-101.95,0.78837,0.67649,0.72431
-0.17837,0.88191,-101.96,0.8114,0.66637,0.72867
-0.17541,0.88034,-101.97,0.8224,0.66375,0.73182
-0.16336,0.87598,-101.97,0.84264,0.65747,0.74246
-0.15499,0.87144,-101.98,0.84422,0.65275,0.74822
-0.14696,0.86778,-101.98,0.85626,0.6531,0.75154
-0.14067,0.86795,-101.98,0.85661,0.65694,0.75957
-0.14032,0.86568,-101.98,0.85992,0.65886,0.76201
-0.13474,0.86673,-101.98,0.86446,0.66078,0.76498
-0.12933,0.86219,-101.98,0.8697,0.65921,0.77405
-0.12566,0.85521,-101.98,0.87005,0.65502,0.77911
-0.122,0.84945,-101.99,0.87808,0.65066,0.79412
-0.11257,0.84352,-101.99,0.88314,0.64734,0.80442
-0.11484,0.83322,-101.99,0.88593,0.64333,0.81332
-0.10612,0.8299,-102,0.89117,0.6367,0.82903
-0.10175,0.8217,-102,0.89274,0.63163,0.83514
-0.09704,0.81769,-102,0.89797,0.62849,0.8395
-0.091979,0.8142,-102.01,0.91124,0.61715,0.84648
-0.079063,0.80913,-102.02,0.91246,0.61017,0.84788
-0.077493,0.8025,-102.02,0.93183,0.59516,0.8484
-0.065275,0.79762,-102.03,0.94894,0.58853,0.84701
-0.055152,0.79168,-102.04,0.96133,0.58189,0.85032
-0.041364,0.78313,-102.05,0.97075,0.56933,0.85591
-0.037176,0.77807,-102.05,0.97128,0.56409,0.85748
-0.034383,0.77685,-102.06,0.97808,0.56217,0.85678
-0.027227,0.78069,-102.06,0.97686,0.56165,0.84875
-0.025831,0.784,-102.07,0.97512,0.56252,0.84212
-0.020595,0.78959,-102.09,0.96621,0.56741,0.8231
-0.016406,0.79465,-102.1,0.95836,0.57282,0.81734
-0.01309,0.80128,-102.11,0.94806,0.57858,0.81018
-0.015533,0.81036,-102.12,0.92747,0.59428,0.79081
-0.010996,0.81821,-102.14,0.91298,0.60249,0.78278
-0.016057,0.82886,-102.15,0.90164,0.61174,0.77144
-0.014835,0.83881,-102.16,0.88349,0.62692,0.75189
-0.016581,0.84614,-102.17,0.8779,0.63216,0.74211
-0.018151,0.85207,-102.19,0.86045,0.64263,0.73077
-0.017977,0.85713,-102.2,0.85364,0.64542,0.72361
-0.019897,0.86184,-102.21,0.84631,0.65014,0.71838
-0.013614,0.86708,-102.22,0.83549,0.65467,0.70791
-0.018675,0.87197,-102.23,0.83008,0.65781,0.70232
-0.013963,0.8786,-102.24,0.82572,0.65904,0.69778
-0.017628,0.88471,-102.26,0.81978,0.66619,0.68766
-0.014661,0.89256,-102.27,0.81978,0.66741,0.68452
-0.012043,0.90042,-102.28,0.80652,0.67789,0.67649
-0.013439,0.90583,-102.3,0.79988,0.68103,0.67021
-0.013265,0.91281,-102.31,0.79727,0.68417,0.6648
-0.014661,0.92241,-102.33,0.78802,0.6929,0.65206
-0.017453,0.93235,-102.34,0.78086,0.69883,0.6428
-0.023213,0.94265,-102.35,0.77126,0.70633,0.6353
-0.024958,0.9533,-102.37,0.75817,0.71873,0.61837
-0.024086,0.96272,-102.38,0.75416,0.72588,0.61174
-0.028623,0.97354,-102.39,0.73531,0.74107,0.59847
-0.029496,0.98419,-102.4,0.72798,0.74857,0.59097
-0.034034,0.99397,-102.41,0.72257,0.7559,0.58346
-0.035779,1.0048,-102.43,0.71646,0.77021,0.57107
-0.04119,1.0147,-102.44,0.71192,0.7758,0.56653
-0.041539,1.0257,-102.45,0.7093,0.78278,0.56077
-0.04468,1.0352,-102.46,0.70075,0.79692,0.55048
-0.047822,1.0451,-102.47,0.69464,0.80268,0.54402
-0.054454,1.0551,-102.48,0.68574,0.81577,0.53407
-0.054803,1.0657,-102.49,0.67998,0.82118,0.52726
-0.05777,1.0774,-102.5,0.67387,0.82886,0.51976
-0.060737,1.0887,-102.52,0.65939,0.84491,0.50597
-0.066323,1.1004,-102.53,0.6552,0.85434,0.50161
-0.070511,1.1109,-102.54,0.64699,0.86254,0.49655
-0.074351,1.1191,-102.55,0.63443,0.87738,0.49044
-0.075224,1.128,-102.56,0.63059,0.88366,0.4859
-0.083427,1.1378,-102.57,0.61977,0.89466,0.48031
-0.085172,1.1498,-102.58,0.6161,0.89902,0.47735
-0.081507,1.1579,-102.59,0.6147,0.90495,0.47473
-0.086219,1.1688,-102.6,0.60511,0.91647,0.4688
-0.091455,1.175,-102.61,0.59795,0.91769,0.46618
-0.099135,1.1839,-102.62,0.58957,0.92642,0.45989
-0.098786,1.1908,-102.63,0.58311,0.93218,0.45518
-0.10926,1.2001,-102.64,0.57701,0.93846,0.44995
-0.11432,1.2102,-102.65,0.56584,0.95103,0.43755
-0.12043,1.2202,-102.66,0.5613,0.95766,0.43371
-0.12531,1.2277,-102.67,0.55554,0.96499,0.42865
-0.13003,1.236,-102.68,0.54419,0.98018,0.41783
-0.13579,1.2474,-102.69,0.54227,0.98786,0.41068
-0.14137,1.2605,-102.7,0.52726,1.0064,0.39322
-0.14312,1.2709,-102.71,0.52046,1.0121,0.38537
-0.14818,1.2792,-102.72,0.51522,1.0196,0.37856
-0.14957,1.2858,-102.74,0.49724,1.0299,0.36669
-0.15673,1.2931,-102.75,0.49236,1.0353,0.3632
-0.16057,1.3003,-102.76,0.4852,1.0411,0.35849
-0.16616,1.3062,-102.77,0.47543,1.0564,0.35343
-0.17209,1.3142,-102.77,0.47386,1.0633,0.35046
-0.17977,1.3219,-102.78,0.46496,1.0751,0.34837
-0.18396,1.3268,-102.79,0.46286,1.0784,0.3475
-0.19094,1.331,-102.8,0.45885,1.0833,0.3454
-0.19775,1.3362,-102.81,0.44942,1.0947,0.33545
-0.20316,1.3418,-102.82,0.44733,1.1025,0.32899
-0.21153,1.3516,-102.83,0.44209,1.1133,0.32236
-0.20665,1.3591,-102.84,0.44035,1.1294,0.31154
-0.20735,1.3659,-102.86,0.43686,1.1374,0.3077
-0.20316,1.3731,-102.87,0.43424,1.1493,0.29601
-0.20473,1.3783,-102.88,0.43232,1.1563,0.28972
-0.19949,1.3858,-102.89,0.4297,1.1613,0.28082
-0.17593,1.3938,-102.9,0.45187,1.1643,0.25587
-0.15097,1.4043,-102.91,0.46653,1.1708,0.2419
-0.13404,1.4134,-102.93,0.45256,1.1926,0.21904
-0.15254,1.4156,-102.95,0.43075,1.2045,0.21223
-0.15952,1.4163,-102.97,0.41609,1.2097,0.20176
-0.16616,1.4141,-102.98,0.40317,1.2212,0.18309
-0.17733,1.4097,-102.99,0.38746,1.227,0.1761
-0.19373,1.4039,-103,0.37402,1.2308,0.17
-0.20857,1.3977,-103.02,0.3543,1.247,0.15341
-0.22253,1.3922,-103.03,0.34278,1.2561,0.14486
-0.23056,1.3889,-103.04,0.33388,1.2694,0.12828
-0.23353,1.3879,-103.05,0.33528,1.2772,0.11921
-0.23126,1.3875,-103.06,0.33144,1.284,0.10926
-0.22637,1.387,-103.07,0.32777,1.2947,0.096342
-0.22585,1.3861,-103.08,0.32742,1.3006,0.092677
-0.23056,1.383,-103.09,0.32236,1.3069,0.090234
-0.23038,1.3799,-103.09,0.3194,1.3165,0.086743
-0.2241,1.3779,-103.09,0.32969,1.3182,0.086568
-0.21206,1.3765,-103.09,0.35552,1.323,0.084125
-0.19652,1.3748,-103.09,0.36617,1.3242,0.080634
-0.18727,1.3725,-103.08,0.37315,1.3277,0.081507
-0.18204,1.3697,-103.08,0.38676,1.3367,0.088837
-0.17436,1.3675,-103.08,0.39549,1.3429,0.09163
-0.15708,1.368,-103.08,0.41347,1.3483,0.094771
-0.14661,1.3694,-103.07,0.44349,1.3673,0.10647
-0.13893,1.3734,-103.07,0.46321,1.3806,0.11327
-0.12654,1.379,-103.07,0.50684,1.4097,0.12409
-0.11973,1.3861,-103.07,0.52325,1.4233,0.12793
-0.11502,1.3921,-103.08,0.53425,1.4355,0.13177
-0.1103,1.3936,-103.08,0.55222,1.45,0.13334
-0.094422,1.3928,-103.08,0.56723,1.4542,0.13107
-0.093899,1.3868,-103.09,0.56496,1.4577,0.12915
-0.098786,1.3786,-103.09,0.56095,1.4568,0.12793
-0.099833,1.3669,-103.1,0.56008,1.4535,0.12549
-0.1124,1.3526,-103.11,0.54524,1.4509,0.12165
-0.12322,1.3383,-103.12,0.53477,1.4511,0.11956
-0.13142,1.3261,-103.13,0.53372,1.453,0.11764
-0.14015,1.3155,-103.14,0.51819,1.4582,0.11188
-0.14608,1.3053,-103.15,0.52342,1.4596,0.10524
-0.12776,1.2973,-103.16,0.53983,1.4573,0.086568
-0.13491,1.283,-103.17,0.52569,1.4563,0.080634
-0.15359,1.269,-103.18,0.50824,1.4518,0.077493
-0.17418,1.2511,-103.19,0.47892,1.4413,0.072431
-0.19722,1.2338,-103.2,0.45885,1.4357,0.072082
-0.22183,1.216,-103.21,0.43982,1.4308,0.072082
-0.24958,1.198,-103.23,0.40649,1.424,0.075224
-0.27541,1.1832,-103.24,0.392,1.4217,0.078016
-0.30055,1.1697,-103.25,0.37018,1.4198,0.082903
-0.32254,1.1577,-103.26,0.36006,1.4188,0.084998
-0.33894,1.1469,-103.27,0.35168,1.4167,0.087441
-0.3625,1.1334,-103.28,0.32725,1.4139,0.08971
-0.38101,1.121,-103.3,0.32079,1.4099,0.090234
-0.39828,1.1079,-103.31,0.31398,1.4043,0.090932
-0.41382,1.0931,-103.32,0.29548,1.3919,0.091979
-0.43057,1.0776,-103.33,0.28658,1.3854,0.09163
-0.44192,1.0622,-103.35,0.27506,1.3689,0.091281
-0.45605,1.0465,-103.36,0.26704,1.3587,0.090408
-0.46688,1.0294,-103.37,0.26075,1.3488,0.089884
-0.48241,1.0111,-103.38,0.24662,1.3296,0.088314
-0.49515,0.99536,-103.39,0.23998,1.3193,0.088139
-0.5058,0.97948,-103.4,0.22881,1.2987,0.085347
-0.51557,0.9629,-103.41,0.22218,1.2886,0.084299
-0.52674,0.94562,-103.42,0.21747,1.2781,0.083776
-0.53477,0.92904,-103.43,0.21084,1.2587,0.08203
-0.54035,0.91385,-103.44,0.20839,1.2493,0.081158
-0.5503,0.89867,-103.45,0.20351,1.2397,0.080983
-0.56235,0.88366,-103.46,0.19181,1.2219,0.081681
-0.57125,0.86987,-103.48,0.18884,1.2095,0.083078
-0.58119,0.85259,-103.49,0.17453,1.1877,0.084474
-0.58626,0.83549,-103.49,0.17296,1.1781,0.08587
-0.59481,0.81926,-103.5,0.1679,1.1692,0.086219
-0.60353,0.80442,-103.51,0.16074,1.1528,0.088488
-0.60563,0.79186,-103.52,0.15743,1.1448,0.08971
-0.61244,0.78016,-103.53,0.15499,1.1381,0.089884
-0.61593,0.76812,-103.54,0.15411,1.1243,0.088139
-0.62413,0.75555,-103.55,0.15027,1.1142,0.089535
-0.63076,0.74124,-103.56,0.14155,1.0941,0.08779
-0.63582,0.72518,-103.57,0.1419,1.0844,0.084823
-0.63984,0.71035,-103.58,0.14155,1.0755,0.082729
-0.6435,0.69621,-103.59,0.13596,1.0582,0.080111
-0.64507,0.68365,-103.6,0.13491,1.0502,0.078889
-0.64874,0.67143,-103.61,0.1316,1.0352,0.075747
-0.6531,0.65851,-103.62,0.1302,1.0261,0.075573
-0.65397,0.6456,-103.63,0.12881,1.0175,0.073304
-0.65677,0.63251,-103.64,0.12706,0.9999,0.07086
-0.65956,0.61959,-103.65,0.12374,0.98995,0.070162
-0.65973,0.60685,-103.66,0.12392,0.98,0.068941
-0.66148,0.59254,-103.67,0.12654,0.95819,0.066148
-0.66462,0.57823,-103.68,0.12811,0.94824,0.064752
-0.66323,0.56514,-103.69,0.12427,0.93201,0.062657
-0.66811,0.55292,-103.7,0.1213,0.92747,0.062134
-0.66898,0.54384,-103.71,0.12374,0.92398,0.059516
-0.65328,0.53809,-103.72,0.14643,0.92328,0.043982
-0.65258,0.5318,-103.73,0.14643,0.92258,0.037699
-0.65328,0.52552,-103.75,0.1405,0.92153,0.032114
-0.65642,0.51679,-103.76,0.13439,0.91525,0.019548
-0.67125,0.50475,-103.78,0.12374,0.90932,0.015708
-0.68295,0.49131,-103.79,0.10961,0.88994,0.0061087
-0.68679,0.47613,-103.8,0.10088,0.87808,0.0015708
-0.70127,0.45955,-103.82,0.090059,0.86481,-0.0019199
-0.70616,0.44209,-103.83,0.074351,0.83671,-0.0090757
-0.71262,0.42446,-103.84,0.06545,0.82118,-0.011519
-0.7196,0.40666,-103.85,0.051138,0.78819,-0.015184
-0.72501,0.38851,-103.85,0.046426,0.77074,-0.01693
-0.72728,0.36966,-103.86,0.037874,0.75416,-0.016755
-0.73496,0.35064,-103.87,0.028972,0.72309,-0.019199
-0.73426,0.33318,-103.87,0.0281,0.70913,-0.021991
-0.73653,0.31748,-103.88,0.023736,0.69412,-0.023038
-0.74508,0.30194,-103.89,0.0073304,0.66096,-0.025307
-0.74892,0.28431,-103.9,0.0022689,0.64263,-0.0281
-0.75259,0.26512,-103.9,-0.0045379,0.60703,-0.031067
-0.75503,0.24696,-103.9,-0.011519,0.58818,-0.029845
-0.76027,0.23073,-103.9,-0.018151,0.57072,-0.029147
-0.76533,0.21642,-103.91,-0.026704,0.54123,-0.028274
-0.76812,0.20508,-103.91,-0.032638,0.52988,-0.026878
-0.77231,0.19426,-103.92,-0.03927,0.51051,-0.025831
-0.77475,0.18623,-103.92,-0.043982,0.50248,-0.023736
-0.78034,0.1782,-103.93,-0.047298,0.49567,-0.023736
-0.7847,0.17261,-103.93,-0.060214,0.48241,-0.019548
-0.78679,0.16703,-103.94,-0.068591,0.4777,-0.017628
-0.79465,0.16109,-103.94,-0.072955,0.47281,-0.015882
-0.79639,0.15621,-103.95,-0.08203,0.46548,-0.012915
-0.8032,0.15167,-103.95,-0.087965,0.46338,-0.011694
-0.80756,0.14905,-103.96,-0.092677,0.46216,-0.0087266
-0.80948,0.14731,-103.96,-0.099309,0.46112,-0.0066323
-0.81053,0.14678,-103.97,-0.1028,0.46234,-0.0048869
-0.81559,0.14888,-103.97,-0.10786,0.46181,0.0036652
-0.8121,0.14905,-103.98,-0.11048,0.46496,0.005236
-0.81489,0.15149,-103.98,-0.10716,0.46827,0.0085521
-0.81681,0.15446,-103.98,-0.11432,0.47665,0.017977
-0.82554,0.15952,-103.99,-0.122,0.48328,0.025656
-0.82868,0.16214,-104,-0.13596,0.49044,0.033685
-0.83427,0.16214,-104,-0.11973,0.49463,0.035256
-0.82973,0.16563,-104,-0.11572,0.49847,0.036826
-0.83025,0.17052,-104.01,-0.11048,0.51295,0.041713
-0.82781,0.17855,-104.01,-0.10926,0.5215,0.04468
-0.82345,0.1864,-104.02,-0.10996,0.53006,0.048695
-0.82153,0.19443,-104.02,-0.12025,0.54315,0.058992
-0.81769,0.20246,-104.03,-0.122,0.54681,0.065101
-0.8135,0.20892,-104.03,-0.11624,0.55955,0.072606
-0.81263,0.21607,-104.04,-0.11659,0.56793,0.078016
-0.81263,0.22497,-104.04,-0.11729,0.57421,0.084474
-0.80547,0.23492,-104.05,-0.10908,0.5894,0.092502
-0.80163,0.2433,-104.05,-0.10978,0.59533,0.096691
-0.79727,0.24958,-104.06,-0.11153,0.60947,0.10437
-0.79482,0.25639,-104.07,-0.10821,0.61802,0.10647
-0.79116,0.26459,-104.07,-0.10734,0.62727,0.10943
-0.78679,0.27524,-104.08,-0.10559,0.6435,0.11589
-0.77824,0.28449,-104.09,-0.099309,0.65345,0.11537
-0.76917,0.29217,-104.09,-0.093375,0.6627,0.11222
-0.76742,0.29897,-104.1,-0.089012,0.68365,0.10821
-0.76969,0.307,-104.1,-0.090234,0.69202,0.10873
-0.76812,0.3173,-104.12,-0.092677,0.70459,0.10873
-0.7662,0.32585,-104.13,-0.092153,0.70983,0.10681
-0.76376,0.33266,-104.14,-0.090583,0.71489,0.1042
-0.74665,0.33929,-104.15,-0.073827,0.72344,0.094248
-0.75608,0.34366,-104.16,-0.073827,0.73199,0.090583
-0.74368,0.35238,-104.16,-0.075224,0.74019,0.088663
