-0.71122,1.1544,-82.482,-0.017802,0.46426,0.031416
-0.7086,1.1558,-82.479,-0.0075049,0.5407,0.045902
-0.70703,1.1565,-82.475,0.00034907,0.57526,0.054105
-0.70651,1.1563,-82.47,0.0059341,0.60912,0.063705
-0.70494,1.1559,-82.468,0.015882,0.67021,0.080809
-0.70232,1.1551,-82.468,0.024609,0.69918,0.088314
-0.7004,1.1528,-82.471,0.03159,0.72885,0.094422
-0.70145,1.1503,-82.476,0.024435,0.78557,0.10263
-0.70424,1.1481,-82.484,0.020246,0.8128,0.10402
-0.70476,1.1465,-82.496,0.01501,0.86708,0.10263
-0.70407,1.146,-82.51,0.0087266,0.89483,0.099484
-0.70494,1.146,-82.527,0.0033161,0.92153,0.095993
-0.70633,1.1462,-82.545,-0.007854,0.97512,0.08971
-0.70808,1.1467,-82.562,-0.013265,1.0001,0.086568
-0.70878,1.1479,-82.579,-0.020595,1.0463,0.082205
-0.70948,1.1488,-82.593,-0.024086,1.0673,0.081332
-0.70983,1.1498,-82.604,-0.027402,1.0865,0.081332
-0.70965,1.1507,-82.613,-0.025307,1.1174,0.087965
-0.71105,1.1505,-82.621,-0.022689,1.1308,0.093724
-0.71052,1.149,-82.625,-0.02234,1.1427,0.10071
-0.71541,1.1462,-82.627,-0.02042,1.165,0.11659
-0.7285,1.1423,-82.626,-0.023562,1.1748,0.1227
-0.74962,1.1348,-82.622,-0.058469,1.2045,0.12479
-0.7737,1.1292,-82.614,-0.084125,1.2275,0.1131
-0.79884,1.1317,-82.607,-0.099484,1.25,0.10123
-0.80791,1.1374,-82.623,-0.08587,1.2999,0.084125
-0.81734,1.1481,-82.645,-0.10437,1.3312,0.069115
-0.82414,1.1624,-82.674,-0.10856,1.3629,0.049916
-0.83741,1.1764,-82.702,-0.11345,1.4174,0.012915
-0.84439,1.1887,-82.727,-0.13265,1.4388,-0.0040143
-0.86202,1.1973,-82.752,-0.14521,1.4739,-0.042062
-0.86743,1.1992,-82.777,-0.14067,1.4879,-0.061959
-0.86865,1.2011,-82.799,-0.14434,1.5003,-0.082903
-0.86917,1.2053,-82.822,-0.15429,1.5242,-0.12217
-0.8601,1.2099,-82.844,-0.15097,1.5333,-0.14242
-0.85678,1.2127,-82.867,-0.14923,1.5448,-0.18256
-0.85608,1.2118,-82.889,-0.15586,1.5478,-0.20333
-0.85591,1.2088,-82.911,-0.16022,1.5476,-0.22358
-0.85469,1.2031,-82.932,-0.17366,1.5389,-0.26197
-0.85696,1.1938,-82.955,-0.1871,1.5314,-0.27855
-0.85957,1.1812,-82.977,-0.20071,1.5221,-0.29426
-0.87144,1.1668,-82.993,-0.23108,1.5013,-0.3276
-0.87912,1.1521,-83.012,-0.24557,1.4879,-0.34139
-0.88855,1.1346,-83.032,-0.27943,1.4567,-0.3653
-0.89553,1.1163,-83.049,-0.29531,1.443,-0.37943
-0.90181,1.0982,-83.067,-0.307,1.4268,-0.39026
-0.90146,1.0795,-83.084,-0.33214,1.3917,-0.41417
-0.89692,1.0585,-83.1,-0.33894,1.3729,-0.42586
-0.8978,1.0383,-83.113,-0.34924,1.3549,-0.43755
-0.89518,1.02,-83.13,-0.36984,1.321,-0.45763
-0.8964,0.99955,-83.146,-0.38188,1.3034,-0.4674
-0.89954,0.97861,-83.161,-0.4112,1.2697,-0.48573
-0.89884,0.95906,-83.175,-0.4208,1.2507,-0.4941
-0.89186,0.93881,-83.19,-0.42743,1.2345,-0.50562
-0.89186,0.91525,-83.204,-0.45029,1.1935,-0.52116
-0.88959,0.89012,-83.218,-0.46251,1.1702,-0.52674
-0.88314,0.86516,-83.231,-0.4749,1.1231,-0.53686
-0.88139,0.83828,-83.244,-0.48468,1.099,-0.54088
-0.87389,0.81175,-83.256,-0.49026,1.0758,-0.54524
-0.869,0.7854,-83.268,-0.50004,1.0332,-0.55327
-0.86411,0.76166,-83.279,-0.50807,1.014,-0.55624
-0.86254,0.73915,-83.291,-0.5133,0.99955,-0.5613
-0.86289,0.71681,-83.302,-0.52953,0.96342,-0.56461
-0.85765,0.69429,-83.312,-0.5332,0.94667,-0.56671
-0.85242,0.6723,-83.321,-0.53791,0.91298,-0.57317
-0.84648,0.65048,-83.331,-0.54332,0.8957,-0.57526
-0.84282,0.62867,-83.341,-0.54664,0.87895,-0.57788
-0.83793,0.60685,-83.353,-0.55536,0.84491,-0.58381
-0.83636,0.58503,-83.364,-0.5613,0.82816,-0.58695
-0.83374,0.56392,-83.376,-0.56636,0.81245,-0.59027
-0.83025,0.54384,-83.388,-0.57666,0.78261,-0.59778
-0.82572,0.525,-83.4,-0.58189,0.76829,-0.60196
-0.82188,0.50649,-83.411,-0.58887,0.74037,-0.60982
-0.81734,0.48869,-83.423,-0.59167,0.7278,-0.61418
-0.81786,0.46984,-83.435,-0.5976,0.71401,-0.6175
-0.81524,0.45099,-83.447,-0.60545,0.68626,-0.6243
-0.8114,0.43232,-83.458,-0.60668,0.67265,-0.62727
-0.80948,0.41242,-83.469,-0.61401,0.65851,-0.63024
-0.81158,0.39462,-83.479,-0.62902,0.63582,-0.6367
-0.80739,0.37856,-83.491,-0.63076,0.62483,-0.64036
-0.80791,0.36285,-83.504,-0.64054,0.60476,-0.64926
-0.8046,0.34697,-83.517,-0.64315,0.59376,-0.65206
-0.80215,0.32987,-83.529,-0.64333,0.58085,-0.65607
-0.79814,0.31294,-83.54,-0.64595,0.54943,-0.65834
-0.79186,0.29566,-83.552,-0.64822,0.53634,-0.66183
-0.78627,0.2803,-83.564,-0.6456,0.52342,-0.66497
-0.78383,0.26459,-83.576,-0.64664,0.50248,-0.67178
-0.77946,0.24906,-83.587,-0.64699,0.49288,-0.67335
-0.77772,0.23318,-83.598,-0.64926,0.47351,-0.6737
-0.77842,0.2166,-83.607,-0.65171,0.46426,-0.67422
-0.77842,0.20071,-83.615,-0.65171,0.45501,-0.67579
-0.77562,0.18535,-83.625,-0.65171,0.43755,-0.67649
-0.77178,0.17139,-83.637,-0.64979,0.4311,-0.67701
-0.77859,0.15691,-83.646,-0.65345,0.41731,-0.67893
-0.77632,0.14329,-83.656,-0.65258,0.40911,-0.67911
-0.77999,0.12933,-83.666,-0.65589,0.40177,-0.67858
-0.77789,0.11484,-83.675,-0.65694,0.38293,-0.67771
-0.78208,0.09896,-83.685,-0.66008,0.37263,-0.67544
-0.77772,0.08203,-83.694,-0.65869,0.36076,-0.67248
-0.78278,0.064054,-83.701,-0.65799,0.3379,-0.66759
-0.77737,0.045902,-83.709,-0.65712,0.3269,-0.66497
-0.77929,0.030718,-83.716,-0.65537,0.30473,-0.65781
-0.77283,0.015184,-83.725,-0.65415,0.29444,-0.65363
-0.7751,-0.0017453,-83.732,-0.65485,0.28292,-0.64926
-0.7751,-0.01885,-83.739,-0.65014,0.2618,-0.64001
-0.77475,-0.033685,-83.745,-0.65014,0.2536,-0.63443
-0.77318,-0.045902,-83.751,-0.64856,0.24644,-0.62902
-0.77562,-0.056723,-83.757,-0.64752,0.23475,-0.61889
-0.77458,-0.067544,-83.765,-0.64699,0.22916,-0.61505
-0.77458,-0.078365,-83.772,-0.64455,0.21677,-0.60371
-0.77632,-0.091281,-83.779,-0.64472,0.20874,-0.5976
-0.77301,-0.10507,-83.784,-0.63739,0.19914,-0.59202
-0.77004,-0.11903,-83.787,-0.63163,0.18291,-0.57962
-0.77091,-0.1302,-83.791,-0.62867,0.17645,-0.57264
-0.77109,-0.1391,-83.797,-0.62937,0.17191,-0.56584
-0.77091,-0.14696,-83.803,-0.62779,0.15656,-0.54943
-0.77056,-0.15603,-83.81,-0.6428,0.15097,-0.54158
-0.77458,-0.16214,-83.814,-0.64385,0.14573,-0.5229
-0.77667,-0.16965,-83.819,-0.64246,0.14277,-0.51452
-0.77458,-0.17785,-83.824,-0.64228,0.13893,-0.5058
-0.78034,-0.18466,-83.827,-0.63652,0.13596,-0.48904
-0.77964,-0.18954,-83.83,-0.63425,0.13439,-0.48101
-0.78051,-0.1946,-83.835,-0.62919,0.13212,-0.47281
-0.78522,-0.20019,-83.84,-0.63443,0.12741,-0.45221
-0.78889,-0.20787,-83.845,-0.63774,0.12287,-0.4393
-0.78627,-0.21642,-83.849,-0.63059,0.11362,-0.41591
-0.78906,-0.22358,-83.851,-0.62343,0.111,-0.40719
-0.78889,-0.22602,-83.854,-0.6182,0.11275,-0.4023
-0.7854,-0.22358,-83.86,-0.60999,0.12078,-0.39095
-0.78854,-0.22026,-83.868,-0.61401,0.12514,-0.38554
-0.78941,-0.21799,-83.875,-0.61383,0.13369,-0.37682
-0.79098,-0.21625,-83.881,-0.6168,0.13648,-0.37176
-0.79186,-0.2138,-83.887,-0.61977,0.13963,-0.36652
-0.7936,-0.21188,-83.894,-0.61924,0.14451,-0.35657
-0.79273,-0.21014,-83.9,-0.62116,0.14539,-0.34959
-0.79133,-0.20944,-83.907,-0.62186,0.14416,-0.34034
-0.79151,-0.21153,-83.91,-0.61279,0.13998,-0.32236
-0.7922,-0.21502,-83.912,-0.6086,0.13788,-0.31224
-0.7936,-0.21677,-83.915,-0.6072,0.14032,-0.29531
-0.79151,-0.21345,-83.918,-0.60563,0.14451,-0.28554
-0.79535,-0.20892,-83.923,-0.6079,0.14957,-0.27698
-0.79186,-0.20455,-83.928,-0.60947,0.15603,-0.25918
-0.79325,-0.20036,-83.931,-0.60755,0.15882,-0.24976
-0.79273,-0.196,-83.936,-0.61052,0.16232,-0.24103
-0.79255,-0.19146,-83.94,-0.60598,0.17052,-0.22532
-0.79535,-0.18553,-83.944,-0.60685,0.17663,-0.21939
-0.79378,-0.17698,-83.951,-0.6072,0.19181,-0.20804
-0.79814,-0.16825,-83.957,-0.61069,0.20001,-0.20316
-0.80076,-0.159,-83.964,-0.61191,0.20857,-0.19897
-0.79988,-0.14923,-83.971,-0.61453,0.22585,-0.19076
-0.80372,-0.13998,-83.979,-0.61628,0.23318,-0.18588
-0.80582,-0.13177,-83.986,-0.61872,0.24033,-0.18151
-0.80564,-0.12374,-83.993,-0.62012,0.25429,-0.17191
-0.80913,-0.11606,-83.999,-0.62134,0.26075,-0.16685
-0.81193,-0.10873,-84.006,-0.62046,0.27297,-0.15656
-0.81228,-0.10105,-84.012,-0.61924,0.27943,-0.15149
-0.81367,-0.092852,-84.019,-0.61942,0.28623,-0.14608
-0.81542,-0.084299,-84.025,-0.61994,0.3002,-0.13648
-0.81681,-0.076096,-84.031,-0.61994,0.30718,-0.13142
-0.81908,-0.067195,-84.038,-0.62064,0.32044,-0.1206
-0.821,-0.059167,-84.043,-0.62238,0.32568,-0.11467
-0.82065,-0.052011,-84.049,-0.62273,0.33039,-0.10804
-0.82484,-0.046426,-84.054,-0.62692,0.3379,-0.09512
-0.83095,-0.041888,-84.06,-0.62675,0.34226,-0.088488
-0.82868,-0.035081,-84.066,-0.62448,0.34662,-0.082729
-0.8327,-0.028972,-84.071,-0.6257,0.35517,-0.070511
-0.83357,-0.023038,-84.077,-0.6271,0.35901,-0.064228
-0.83497,-0.017104,-84.083,-0.62535,0.36687,-0.051313
-0.83514,-0.010996,-84.089,-0.62535,0.36984,-0.043284
-0.83671,-0.0050615,-84.094,-0.6271,0.37263,-0.035081
-0.83758,-0.00017453,-84.098,-0.62134,0.37856,-0.020595
-0.83811,0.0041888,-84.103,-0.62012,0.38135,-0.013963
-0.8409,0.0094248,-84.108,-0.61994,0.38519,-0.0071558
-0.84212,0.015359,-84.114,-0.61872,0.3941,0.0043633
-0.84334,0.022864,-84.12,-0.61872,0.39933,0.0099484
-0.84579,0.030892,-84.127,-0.61942,0.40963,0.022515
-0.84753,0.037874,-84.134,-0.61802,0.41521,0.028972
-0.84736,0.045204,-84.139,-0.61767,0.41958,0.036303
-0.85102,0.052534,-84.144,-0.61662,0.4297,0.051662
-0.8505,0.059865,-84.15,-0.61505,0.43389,0.060039
-0.85172,0.066672,-84.154,-0.61436,0.43686,0.068591
-0.85329,0.072082,-84.159,-0.61261,0.44331,0.086743
-0.85224,0.078365,-84.162,-0.60877,0.44646,0.095819
-0.85294,0.084299,-84.166,-0.60406,0.45396,0.11449
-0.85347,0.091106,-84.17,-0.60231,0.45972,0.12462
-0.85678,0.098262,-84.173,-0.60196,0.46443,0.13544
-0.85835,0.10507,-84.177,-0.60092,0.47264,0.15813
-0.86132,0.11205,-84.18,-0.59725,0.47647,0.16982
-0.8594,0.11886,-84.182,-0.59411,0.48066,0.18029
-0.86097,0.12584,-84.185,-0.58922,0.49096,0.20228
-0.85835,0.13299,-84.188,-0.58905,0.49707,0.21171
-0.85399,0.14294,-84.191,-0.57945,0.50841,0.22881
-0.85573,0.15167,-84.195,-0.57439,0.51452,0.23754
-0.85399,0.15987,-84.199,-0.57421,0.52028,0.24731
-0.85416,0.16912,-84.203,-0.57264,0.53425,0.26564
-0.85242,0.17977,-84.207,-0.56566,0.5414,0.27611
-0.8519,0.18919,-84.21,-0.55851,0.55554,0.29496
-0.84806,0.20071,-84.212,-0.55536,0.56304,0.30526
-0.84701,0.21276,-84.216,-0.54995,0.57072,0.31625
-0.84387,0.22201,-84.219,-0.54978,0.57927,0.34174
-0.84509,0.23108,-84.219,-0.54943,0.58416,0.35483
-0.84561,0.23946,-84.221,-0.54315,0.58975,0.36931
-0.84282,0.24906,-84.221,-0.53041,0.60144,0.39776
-0.8423,0.25953,-84.222,-0.52761,0.60807,0.41225
-0.84038,0.27122,-84.223,-0.51976,0.6257,0.44139
-0.8423,0.28239,-84.225,-0.51627,0.63268,0.45448
-0.83933,0.29269,-84.226,-0.51435,0.64001,0.466
-0.83723,0.30456,-84.229,-0.49794,0.65589,0.49306
-0.83846,0.31695,-84.235,-0.49428,0.66445,0.50702
-0.83654,0.32952,-84.237,-0.49183,0.67492,0.52011
-0.83654,0.34383,-84.238,-0.47613,0.70127,0.54995
-0.84404,0.35797,-84.242,-0.47072,0.71506,0.5681
-0.84806,0.3728,-84.247,-0.46862,0.73932,0.60249
-0.84718,0.38624,-84.247,-0.45972,0.75119,0.6161
-0.84509,0.39881,-84.247,-0.4468,0.76219,0.63076
-0.83706,0.4126,-84.249,-0.42272,0.78243,0.65624
-0.8306,0.42673,-84.253,-0.41068,0.79447,0.66811
-0.81926,0.44279,-84.257,-0.4016,0.80704,0.67911
-0.81228,0.46042,-84.264,-0.38502,0.82676,0.71541
-0.80599,0.4777,-84.271,-0.3831,0.83793,0.73251
-0.79954,0.49201,-84.274,-0.36669,0.85643,0.77056
-0.78575,0.50719,-84.271,-0.34819,0.8683,0.78714
-0.78191,0.5215,-84.266,-0.33196,0.87808,0.80861
-0.7737,0.53582,-84.262,-0.31311,0.89448,0.85224
-0.7669,0.54681,-84.259,-0.30194,0.90268,0.87214
-0.75573,0.55938,-84.255,-0.28379,0.91176,0.8889
-0.74316,0.57369,-84.253,-0.24487,0.92974,0.91839
-0.73286,0.5887,-84.255,-0.22951,0.93759,0.93445
-0.72257,0.60301,-84.259,-0.20054,0.95347,0.95749
-0.70983,0.61924,-84.262,-0.18291,0.95958,0.96709
-0.69953,0.63443,-84.268,-0.16563,0.96395,0.97808
-0.69167,0.64961,-84.274,-0.14259,0.97546,1.0001
-0.68207,0.66462,-84.28,-0.1309,0.98297,1.0107
-0.67666,0.67981,-84.284,-0.10943,1.0015,1.0329
-0.67614,0.69726,-84.287,-0.098437,1.0088,1.0451
-0.6709,0.71524,-84.29,-0.086568,1.0163,1.0582
-0.66375,0.73234,-84.292,-0.065275,1.024,1.084
-0.65014,0.74927,-84.293,-0.049567,1.0276,1.0948
-0.65328,0.76376,-84.294,-0.038223,1.0336,1.1048
-0.64699,0.78034,-84.295,-0.023736,1.0416,1.131
-0.63949,0.79692,-84.298,-0.0085521,1.0463,1.14
-0.62954,0.81699,-84.301,0.013614,1.0585,1.157
-0.61802,0.83636,-84.305,0.024086,1.0622,1.1654
-0.61052,0.85486,-84.31,0.035256,1.0655,1.1739
-0.59987,0.87162,-84.314,0.052185,1.0706,1.1912
-0.59271,0.88593,-84.319,0.058469,1.0732,1.2003
-0.58503,0.90216,-84.324,0.067719,1.0748,1.2083
-0.57683,0.91822,-84.33,0.084299,1.0774,1.2285
-0.56915,0.93166,-84.335,0.090059,1.0772,1.2378
-0.55728,0.94178,-84.339,0.10594,1.0732,1.2552
-0.55152,0.95435,-84.343,0.11519,1.0709,1.2626
-0.53809,0.96744,-84.348,0.12566,1.0704,1.2694
-0.52238,0.97826,-84.351,0.13561,1.0704,1.2847
-0.51557,0.98855,-84.355,0.13352,1.0702,1.2945
-0.50527,0.99606,-84.357,0.15167,1.0636,1.313
-0.49585,1.005,-84.362,0.16179,1.0624,1.3217
-0.48642,1.0139,-84.366,0.17314,1.0592,1.3303
-0.46984,1.0235,-84.37,0.20333,1.0533,1.3444
-0.45169,1.0325,-84.375,0.21572,1.051,1.3528
-0.43197,1.039,-84.378,0.22497,1.0474,1.3617
-0.41766,1.0442,-84.381,0.24365,1.0364,1.3814
-0.41068,1.0474,-84.385,0.25011,1.0289,1.3909
-0.39654,1.0475,-84.389,0.27349,1.0156,1.4071
-0.38607,1.0489,-84.392,0.28466,1.0088,1.4163
-0.37071,1.051,-84.396,0.29671,1.0032,1.4251
-0.3564,1.0545,-84.4,0.33022,0.99379,1.4406
-0.33475,1.0591,-84.404,0.35395,0.98995,1.4483
-0.307,1.0603,-84.407,0.37228,0.98681,1.4568
-0.29566,1.0608,-84.409,0.39218,0.98053,1.4806
-0.28013,1.0612,-84.409,0.40038,0.97634,1.4919
-0.27122,1.0615,-84.409,0.41486,0.97075,1.512
-0.26302,1.0643,-84.412,0.41905,0.96883,1.5184
-0.25883,1.0673,-84.418,0.42394,0.96447,1.5249
-0.25395,1.0688,-84.425,0.43127,0.95627,1.5331
-0.24504,1.0678,-84.433,0.43162,0.9512,1.5362
-0.2337,1.0674,-84.44,0.44541,0.93829,1.5406
-0.21642,1.0688,-84.45,0.45082,0.93113,1.5443
-0.21014,1.0641,-84.458,0.4571,0.92345,1.5486
-0.19391,1.0598,-84.465,0.47595,0.90443,1.5608
-0.1789,1.0554,-84.469,0.48555,0.89588,1.5696
-0.15481,1.0489,-84.471,0.49812,0.88855,1.5783
-0.14172,1.046,-84.473,0.51889,0.87808,1.5973
-0.1295,1.0448,-84.475,0.5318,0.87127,1.6062
-0.11449,1.0441,-84.478,0.54978,0.86289,1.6239
-0.10507,1.039,-84.481,0.55484,0.85835,1.6329
-0.10071,1.0343,-84.485,0.56147,0.85242,1.6434
-0.094771,1.0285,-84.489,0.57666,0.84387,1.6626
-0.087441,1.0245,-84.492,0.58242,0.83985,1.6727
-0.078889,1.0194,-84.495,0.58957,0.83671,1.6816
-0.072955,1.0161,-84.498,0.60074,0.83235,1.6998
-0.071558,1.0135,-84.503,0.6065,0.82886,1.7076
-0.061261,1.0116,-84.507,0.61854,0.81996,1.7178
-0.047647,1.0062,-84.512,0.6243,0.81437,1.7225
-0.047124,1.0013,-84.52,0.63286,0.80687,1.7281
-0.035605,0.99379,-84.528,0.64595,0.79116,1.7425
-0.027053,0.98367,-84.532,0.6545,0.78226,1.7511
-0.021817,0.97477,-84.537,0.66113,0.7744,1.7603
-0.013614,0.96761,-84.542,0.6716,0.76341,1.7755
-0.010996,0.96133,-84.546,0.67789,0.7573,1.7815
-0.0027925,0.95557,-84.553,0.68853,0.74927,1.7879
0.0019199,0.9526,-84.561,0.69377,0.74718,1.7902
0.0057596,0.94998,-84.57,0.68801,0.74508,1.7925
0.0034907,0.9512,-84.58,0.67893,0.74787,1.7897
0.0066323,0.95766,-84.592,0.67352,0.75224,1.7844
0.012043,0.9636,-84.607,0.66794,0.75922,1.7787
0.010821,0.96744,-84.622,0.6463,0.77353,1.7696
0.010996,0.97389,-84.636,0.64054,0.77946,1.7651
0.019024,0.98088,-84.649,0.62291,0.7957,1.7577
0.020246,0.98838,-84.661,0.61366,0.80529,1.7553
0.01885,0.99833,-84.674,0.60895,0.81489,1.7502
0.025307,1.0114,-84.689,0.59533,0.83689,1.7373
0.021468,1.0217,-84.705,0.58643,0.84806,1.7329
0.0185,1.0306,-84.719,0.58067,0.85451,1.7277
0.01693,1.0388,-84.734,0.56461,0.8704,1.72
0.016232,1.0456,-84.749,0.55519,0.87842,1.7148
0.015708,1.0526,-84.762,0.53913,0.89151,1.7078
0.0089012,1.0622,-84.776,0.5311,0.89623,1.704
0.010297,1.069,-84.79,0.52604,0.90111,1.7001
0.0029671,1.0744,-84.803,0.51243,0.90984,1.6945
0.0033161,1.0809,-84.816,0.50911,0.91438,1.6921
-0.0050615,1.0896,-84.829,0.50248,0.91961,1.6895
-0.0057596,1.0961,-84.842,0.49166,0.93166,1.6842
-0.01309,1.105,-84.855,0.48555,0.93846,1.6818
-0.017628,1.1137,-84.868,0.47438,0.95278,1.6729
-0.0185,1.1236,-84.882,0.46932,0.96237,1.6682
-0.024435,1.1345,-84.896,0.46147,0.97337,1.6629
-0.031765,1.1444,-84.91,0.44768,0.99257,1.6518
-0.034034,1.1526,-84.922,0.44174,0.9999,1.6474
-0.033859,1.1591,-84.932,0.43546,1.0098,1.6417
-0.041015,1.1647,-84.944,0.43022,1.0161,1.6403
-0.045379,1.1702,-84.954,0.42673,1.0208,1.6385
-0.050091,1.1795,-84.965,0.41888,1.0367,1.6348
-0.057072,1.1886,-84.977,0.41277,1.046,1.6324
-0.065624,1.1983,-84.99,0.40753,1.0552,1.6296
-0.071035,1.2076,-85.003,0.392,1.0734,1.6225
-0.081856,1.2163,-85.017,0.37943,1.083,1.6204
-0.090408,1.2237,-85.029,0.37385,1.0955,1.6116
-0.087092,1.2313,-85.039,0.37333,1.103,1.6088
-0.092677,1.2378,-85.05,0.36373,1.1119,1.6073
-0.099484,1.2458,-85.061,0.35483,1.1294,1.6031
-0.10594,1.2547,-85.072,0.34976,1.1387,1.6008
-0.11659,1.265,-85.084,0.33877,1.1516,1.5975
-0.12497,1.2737,-85.097,0.32376,1.1722,1.5891
-0.12968,1.284,-85.112,0.31957,1.184,1.583
-0.1384,1.2928,-85.128,0.29322,1.2069,1.5717
-0.15219,1.3017,-85.146,0.27873,1.2168,1.5645
-0.1583,1.3076,-85.162,0.26721,1.2289,1.5561
-0.17139,1.3144,-85.179,0.24417,1.2481,1.5423
-0.17942,1.3196,-85.196,0.23335,1.2572,1.5361
-0.19007,1.3238,-85.212,0.22026,1.2661,1.531
-0.20036,1.3277,-85.227,0.20525,1.2847,1.5214
-0.2049,1.3317,-85.24,0.20054,1.2938,1.517
-0.21293,1.335,-85.253,0.18902,1.3107,1.5094
-0.22061,1.3371,-85.267,0.18431,1.3167,1.5064
-0.22986,1.3395,-85.284,0.18151,1.3209,1.5026
-0.22637,1.3429,-85.308,0.18099,1.3287,1.5024
-0.23335,1.3472,-85.338,0.18012,1.3334,1.5052
-0.22829,1.3505,-85.372,0.17523,1.3367,1.5102
-0.23003,1.3518,-85.404,0.17279,1.342,1.5162
-0.22654,1.3502,-85.436,0.17506,1.3395,1.5235
-0.20036,1.3504,-85.473,0.19565,1.3366,1.5418
-0.16424,1.3476,-85.507,0.20857,1.3378,1.5523
-0.11921,1.338,-85.54,0.22113,1.3366,1.5636
-0.070511,1.3231,-85.582,0.24871,1.324,1.5876
-0.054454,1.298,-85.629,0.26599,1.3223,1.5999
-0.061087,1.2703,-85.672,0.27367,1.3203,1.6139
-0.06161,1.2341,-85.718,0.27838,1.3155,1.6347
-0.07278,1.1976,-85.759,0.28065,1.313,1.6439
-0.099309,1.1641,-85.791,0.27646,1.3111,1.6518
-0.10961,1.1247,-85.82,0.27384,1.305,1.6553
-0.11065,1.0854,-85.85,0.27157,1.297,1.6579
-0.10489,1.0376,-85.881,0.27437,1.283,1.6598
-0.12601,0.98663,-85.912,0.26843,1.2828,1.6598
-0.13893,0.92991,-85.934,0.24766,1.2919,1.6614
-0.13788,0.87266,-85.947,0.23597,1.2961,1.6645
-0.12217,0.8142,-85.955,0.22375,1.297,1.6675
-0.10507,0.75189,-85.964,0.20752,1.291,1.6682
-0.11589,0.69639,-85.976,0.20316,1.2889,1.6694
-0.14556,0.64734,-85.983,0.19635,1.2933,1.6724
-0.17872,0.60703,-85.981,0.17226,1.3106,1.6893
-0.20926,0.57142,-85.975,0.15813,1.3156,1.6975
-0.23684,0.54332,-85.98,0.16284,1.3013,1.6986
-0.27227,0.5229,-85.999,0.17785,1.2959,1.6961
-0.29653,0.50457,-86.02,0.1878,1.2931,1.694
-0.32254,0.4859,-86.044,0.19984,1.2849,1.6888
-0.35867,0.47229,-86.075,0.21363,1.2783,1.6839
-0.37629,0.45797,-86.109,0.22794,1.2694,1.6795
-0.39671,0.44401,-86.144,0.25098,1.2565,1.6703
-0.41556,0.42935,-86.177,0.25691,1.253,1.6684
-0.43267,0.41521,-86.206,0.2611,1.2439,1.6666
-0.45012,0.40073,-86.231,0.26232,1.2415,1.667
-0.46635,0.38537,-86.252,0.26285,1.2394,1.6689
-0.48223,0.36966,-86.27,0.26564,1.2387,1.6748
-0.49916,0.35395,-86.285,0.26529,1.2385,1.6785
-0.51348,0.33842,-86.299,0.26512,1.2395,1.6815
-0.52657,0.32184,-86.311,0.2611,1.2435,1.6876
-0.5414,0.30613,-86.322,0.25953,1.2463,1.6909
-0.55711,0.29025,-86.333,0.25604,1.2504,1.6965
-0.57142,0.27559,-86.344,0.25429,1.2518,1.6994
-0.58521,0.26128,-86.356,0.2522,1.2531,1.7022
-0.5997,0.24871,-86.368,0.24749,1.2561,1.7097
-0.61069,0.23702,-86.379,0.24696,1.2551,1.7129
-0.62308,0.22585,-86.391,0.24836,1.2547,1.7157
-0.63582,0.2145,-86.403,0.25115,1.2559,1.7219
-0.64647,0.20455,-86.415,0.25255,1.2565,1.726
-0.65816,0.19338,-86.426,0.2536,1.2587,1.7331
-0.66776,0.18274,-86.438,0.25429,1.2587,1.7354
-0.67771,0.17261,-86.452,0.25604,1.2586,1.7376
-0.68714,0.16336,-86.465,0.26215,1.261,1.7431
-0.699,0.15568,-86.479,0.26512,1.2626,1.7457
-0.70773,0.14748,-86.492,0.26791,1.264,1.75
-0.71803,0.13945,-86.504,0.27122,1.2661,1.7542
-0.72658,0.1302,-86.517,0.27873,1.2662,1.7542
-0.73601,0.12217,-86.531,0.28205,1.2685,1.7565
-0.74334,0.11449,-86.544,0.28362,1.2694,1.7591
-0.75276,0.10716,-86.557,0.28344,1.2708,1.7617
-0.75887,0.099484,-86.57,0.27786,1.2718,1.7652
-0.76393,0.091804,-86.582,0.27367,1.2725,1.7661
-0.76794,0.083427,-86.593,0.26756,1.2725,1.7652
-0.77196,0.075224,-86.606,0.25726,1.2723,1.7638
-0.77632,0.067544,-86.618,0.2522,1.272,1.7642
-0.78191,0.060214,-86.63,0.2433,1.2713,1.7668
-0.78871,0.055152,-86.644,0.23981,1.2708,1.7689
-0.79325,0.05044,-86.657,0.23771,1.2699,1.772
-0.80128,0.046426,-86.672,0.23771,1.2708,1.7787
-0.80739,0.042237,-86.688,0.23789,1.2718,1.7811
-0.8128,0.037699,-86.704,0.23789,1.272,1.7834
-0.81873,0.032987,-86.721,0.23684,1.2722,1.7851
-0.82257,0.028449,-86.739,0.2344,1.2716,1.7844
-0.82746,0.025133,-86.758,0.23405,1.2711,1.7818
-0.83113,0.024086,-86.778,0.23405,1.2704,1.783
-0.83479,0.022166,-86.795,0.2351,1.2708,1.7858
-0.84055,0.017977,-86.809,0.23579,1.276,1.7938
-0.84544,0.012392,-86.819,0.23527,1.2788,1.7977
-0.84928,0.0062832,-86.83,0.23178,1.2807,1.8
-0.85155,-0.00069813,-86.84,0.22131,1.284,1.8022
-0.85382,-0.0068068,-86.852,0.21607,1.2847,1.8014
-0.8587,-0.010996,-86.866,0.20804,1.287,1.8071
-0.86499,-0.015533,-86.878,0.20857,1.2884,1.8122
-0.87197,-0.019373,-86.89,0.20857,1.291,1.8151
-0.87773,-0.022689,-86.906,0.20909,1.2936,1.819
-0.88244,-0.025307,-86.924,0.21084,1.2956,1.8204
-0.88715,-0.028623,-86.941,0.21118,1.2977,1.8226
-0.89099,-0.031416,-86.959,0.21136,1.3003,1.8239
-0.89413,-0.034383,-86.977,0.21206,1.3003,1.8246
-0.89605,-0.03735,-86.993,0.21206,1.3008,1.8265
-0.89937,-0.040841,-87.009,0.21118,1.3022,1.826
-0.90181,-0.043808,-87.027,0.20892,1.3036,1.8235
-0.90216,-0.047124,-87.047,0.21066,1.3045,1.8213
-0.90495,-0.053582,-87.059,0.21607,1.3074,1.8272
-0.91141,-0.060737,-87.065,0.21817,1.3095,1.8322
-0.9149,-0.066148,-87.074,0.21991,1.3106,1.837
-0.91735,-0.069813,-87.086,0.22026,1.3113,1.8352
-0.91857,-0.073827,-87.102,0.21537,1.3149,1.8317
-0.91508,-0.078889,-87.12,0.21293,1.3167,1.8281
-0.91333,-0.081507,-87.141,0.21101,1.3184,1.8237
-0.91228,-0.086917,-87.162,0.21223,1.3226,1.823
-0.90949,-0.093026,-87.179,0.21869,1.3259,1.824
-0.91019,-0.098437,-87.196,0.22096,1.3296,1.824
-0.90984,-0.10367,-87.214,0.22759,1.3348,1.8221
-0.90652,-0.10926,-87.232,0.22742,1.3376,1.8179
-0.90687,-0.11292,-87.253,0.22777,1.3432,1.8076
-0.90286,-0.11833,-87.27,0.22113,1.3458,1.8113
-0.90426,-0.12462,-87.279,0.22009,1.346,1.8172
-0.90303,-0.13107,-87.284,0.2145,1.3488,1.8268
-0.90251,-0.13561,-87.287,0.21293,1.3479,1.8352
-0.90111,-0.14207,-87.285,0.21101,1.3491,1.8443
-0.90321,-0.1487,-87.28,0.20316,1.3516,1.8645
-0.90652,-0.15516,-87.277,0.20071,1.3535,1.8722
-0.90949,-0.16336,-87.277,0.19652,1.3682,1.8816
-0.91316,-0.17541,-87.272,0.19076,1.3792,1.8879
-0.91543,-0.18326,-87.271,0.18553,1.3842,1.8914
-0.91595,-0.18937,-87.273,0.18047,1.3874,1.8966
-0.91787,-0.19495,-87.276,0.17523,1.3882,1.9001
-0.91874,-0.19792,-87.279,0.17034,1.3877,1.9033
-0.91874,-0.19984,-87.281,0.16616,1.3853,1.9141
-0.92031,-0.20176,-87.282,0.16476,1.3832,1.9197
-0.91647,-0.2049,-87.279,0.15551,1.3797,1.9349
-0.91351,-0.20944,-87.272,0.14347,1.3778,1.9399
-0.91036,-0.21398,-87.265,0.13491,1.375,1.9443
-0.90775,-0.21642,-87.262,0.11589,1.369,1.9501
-0.9067,-0.21747,-87.265,0.11135,1.3668,1.9522
-0.90775,-0.21869,-87.269,0.11013,1.3648,1.9556
-0.91071,-0.21904,-87.273,0.11292,1.3654,1.9668
-0.91211,-0.21991,-87.274,0.11519,1.3668,1.974
-0.91193,-0.22061,-87.274,0.11467,1.3683,1.9893
-0.90932,-0.22026,-87.274,0.11589,1.3668,1.9961
-0.90792,-0.21817,-87.274,0.11729,1.3645,2.0031
-0.90635,-0.21729,-87.275,0.11676,1.3601,2.0139
-0.90426,-0.21834,-87.274,0.11519,1.3594,2.0195
-0.90426,-0.21904,-87.272,0.11292,1.3584,2.0246
-0.90129,-0.22009,-87.271,0.10699,1.3563,2.0319
-0.90024,-0.22078,-87.272,0.10577,1.3558,2.0347
-0.89815,-0.22148,-87.272,0.10018,1.3554,2.0431
-0.89867,-0.22096,-87.272,0.097564,1.3539,2.0471
-0.89658,-0.22096,-87.271,0.097564,1.354,2.0525
-0.89483,-0.22026,-87.268,0.094946,1.3523,2.0632
-0.89186,-0.21956,-87.265,0.092677,1.3504,2.068
-0.8889,-0.21869,-87.262,0.088837,1.3486,2.0729
-0.88628,-0.21747,-87.261,0.085172,1.3441,2.0792
-0.88453,-0.21537,-87.263,0.084998,1.3413,2.0804
-0.88244,-0.21363,-87.265,0.081507,1.338,2.0865
-0.88087,-0.21031,-87.268,0.077318,1.3338,2.09
-0.87912,-0.20612,-87.27,0.075922,1.3303,2.0939
-0.87842,-0.20281,-87.274,0.077842,1.3265,2.1014
-0.87965,-0.19879,-87.278,0.080983,1.3259,2.1047
-0.88017,-0.196,-87.281,0.090059,1.3298,2.1103
-0.88034,-0.1946,-87.283,0.093375,1.3331,2.1143
-0.88052,-0.19443,-87.282,0.090757,1.3359,2.1169
-0.87773,-0.19338,-87.279,0.085347,1.3392,2.1237
-0.87371,-0.19338,-87.277,0.083078,1.3387,2.1272
-0.87284,-0.19181,-87.276,0.078714,1.3374,2.1295
-0.87074,-0.19059,-87.276,0.07662,1.3345,2.1358
-0.86952,-0.18797,-87.277,0.074002,1.3336,2.1399
-0.86795,-0.18605,-87.274,0.068242,1.3345,2.1522
-0.86725,-0.18396,-87.269,0.063355,1.3355,2.1583
-0.86638,-0.18239,-87.267,0.06161,1.3341,2.1635
-0.86516,-0.17977,-87.269,0.066497,1.3308,2.1682
-0.86411,-0.17715,-87.274,0.068417,1.3301,2.171
-0.86481,-0.17506,-87.279,0.069988,1.3312,2.174
-0.86533,-0.17401,-87.283,0.070162,1.3333,2.1815
-0.86499,-0.17418,-87.285,0.068068,1.3347,2.1838
-0.86237,-0.1761,-87.285,0.056025,1.3408,2.1892
-0.86184,-0.17802,-87.285,0.052185,1.3411,2.1914
-0.8594,-0.17855,-87.286,0.051313,1.3406,2.1932
-0.85661,-0.17767,-87.288,0.049742,1.3369,2.1998
-0.85608,-0.17575,-87.291,0.052883,1.3345,2.2028
-0.85678,-0.17226,-87.293,0.058119,1.3347,2.2087
-0.85539,-0.16965,-87.293,0.058992,1.3369,2.2229
-0.85591,-0.16598,-87.294,0.06161,1.3352,2.2286
-0.85521,-0.16284,-87.299,0.071035,1.3336,2.237
-0.85329,-0.16074,-87.304,0.071908,1.3329,2.2391
-0.85312,-0.15935,-87.31,0.073827,1.3331,2.2419
-0.85329,-0.1583,-87.312,0.076271,1.3369,2.2504
-0.85556,-0.15586,-87.31,0.074176,1.3406,2.2579
-0.85067,-0.15481,-87.306,0.067195,1.3411,2.2647
-0.85382,-0.15167,-87.305,0.068068,1.3392,2.2768
-0.85347,-0.14905,-87.305,0.069813,1.3401,2.2829
-0.85713,-0.14382,-87.309,0.075398,1.3376,2.2921
-0.86132,-0.13928,-87.314,0.081681,1.3383,2.2963
-0.87354,-0.1323,-87.322,0.088663,1.3397,2.2991
-0.87179,-0.12758,-87.324,0.092153,1.3425,2.3087
-0.87912,-0.1199,-87.328,0.096342,1.339,2.3115
-0.88331,-0.11013,-87.331,0.10385,1.3367,2.3162
-0.89692,-0.090234,-87.331,0.11537,1.3315,2.3236
-0.93009,-0.051313,-87.322,0.12147,1.334,2.3229
-0.95609,0.00069813,-87.303,0.11711,1.3495,2.3208
-1.0004,0.071733,-87.265,0.11118,1.3601,2.3216
-1.0369,0.1419,-87.228,0.10367,1.3652,2.3267
-1.101,0.21799,-87.181,0.086219,1.3792,2.3269
-1.1441,0.28292,-87.132,0.081507,1.379,2.3307
-1.1928,0.34854,-87.084,0.071908,1.3769,2.3265
-1.2476,0.40404,-87.039,0.061087,1.3542,2.3283
-1.2676,0.45937,-86.998,0.068941,1.3443,2.329
-1.2699,0.50405,-86.965,0.077667,1.3233,2.3311
-1.26,0.53966,-86.946,0.084474,1.3139,2.3356
-1.2451,0.56828,-86.939,0.09512,1.3064,2.3414
-1.1996,0.59987,-86.945,0.12619,1.2959,2.341
-1.1655,0.62378,-86.96,0.14416,1.2966,2.337
-1.1256,0.64891,-86.983,0.15324,1.2982,2.3314
-1.1006,0.66846,-87.008,0.16773,1.3085,2.3237
-1.0865,0.68679,-87.035,0.17244,1.3123,2.3208
-1.0657,0.71,-87.053,0.15795,1.3258,2.3133
-1.0517,0.73164,-87.063,0.15359,1.3268,2.3113
-1.0465,0.75817,-87.063,0.15045,1.327,2.3124
-1.0322,0.78627,-87.056,0.15289,1.3223,2.3237
-1.0249,0.81577,-87.046,0.15499,1.3196,2.3291
-1.0303,0.84073,-87.035,0.14678,1.3292,2.3398
-1.0626,0.85172,-87.023,0.12252,1.3507,2.3288
-1.0915,0.86045,-87.022,0.10263,1.3711,2.3087
-1.1078,0.87249,-87.048,0.10297,1.4392,2.2564
-1.1029,0.88907,-87.102,0.13038,1.4898,2.227
-1.0973,0.91036,-87.177,0.14608,1.5497,2.19
-1.1001,0.94126,-87.254,0.17174,1.7005,2.0815
-1.1067,0.98088,-87.332,0.20298,1.7766,2.02
-1.1182,1.0252,-87.416,0.23265,1.9185,1.8893
-1.1439,1.072,-87.502,0.22096,1.9876,1.8336
-1.1718,1.1174,-87.579,0.21625,2.0539,1.789
-1.2097,1.1617,-87.653,0.19373,2.1689,1.734
-1.2528,1.2017,-87.708,0.14765,2.2157,1.7254
-1.2762,1.2334,-87.739,0.10158,2.2546,1.7331
-1.2977,1.2533,-87.751,0.069639,2.2941,1.7862
-1.3086,1.2622,-87.746,0.038048,2.2941,1.8322
-1.3153,1.2549,-87.725,0.01501,2.2557,1.9452
-1.323,1.2359,-87.693,0.007854,2.2195,2.0068
-1.3216,1.2062,-87.652,-0.0071558,2.1731,2.0747
-1.3348,1.1668,-87.603,-0.046426,2.0525,2.2141
-1.3837,1.1104,-87.536,-0.085521,1.9816,2.2831
-1.4174,1.053,-87.457,-0.10856,1.8973,2.3517
-1.4319,0.99449,-87.382,-0.13195,1.715,2.4983
-1.4247,0.93427,-87.313,-0.15289,1.6198,2.5777
-1.4481,0.86446,-87.253,-0.23387,1.4092,2.7444
-1.4799,0.79657,-87.211,-0.27157,1.2963,2.8246
-1.4985,0.72693,-87.168,-0.29985,1.1833,2.885
-1.5272,0.65031,-87.131,-0.37437,0.96168,2.9955
-1.5266,0.57194,-87.112,-0.41452,0.84771,3.0405
-1.5228,0.50492,-87.085,-0.4578,0.76515,3.0592
-1.5279,0.43703,-87.071,-0.53529,0.58748,3.074
-1.528,0.36704,-87.072,-0.60598,0.5154,3.0672
-1.5361,0.30735,-87.091,-0.75555,0.42918,2.9946
-1.5415,0.25691,-87.132,-0.81193,0.40038,2.9262
-1.5436,0.2145,-87.191,-0.87232,0.39287,2.84
-1.5437,0.18989,-87.26,-1.0098,0.42569,2.6574
-1.5432,0.17959,-87.353,-1.0414,0.4756,2.5567
-1.5416,0.19042,-87.453,-1.0322,0.53442,2.4651
-1.5324,0.22497,-87.551,-1.0149,0.66951,2.2914
-1.5369,0.27489,-87.65,-1.0222,0.75084,2.2173
-1.5492,0.33772,-87.738,-1.0526,0.92328,2.1082
-1.5673,0.40527,-87.812,-1.0554,1.0104,2.0733
-1.5944,0.47316,-87.876,-1.068,1.0889,2.0452
-1.631,0.53302,-87.926,-1.103,1.235,2.0375
-1.6619,0.57229,-87.957,-1.1128,1.295,2.0579
-1.6818,0.5969,-87.976,-1.1175,1.3446,2.0956
-1.7048,0.6072,-87.98,-1.1432,1.4261,2.2099
-1.724,0.60144,-87.964,-1.1446,1.4509,2.2797
-1.7237,0.58905,-87.929,-1.1249,1.4526,2.4126
-1.7006,0.57037,-87.88,-1.1036,1.4401,2.474
-1.6881,0.54332,-87.823,-1.08,1.4195,2.537
-1.6764,0.51417,-87.757,-1.042,1.3542,2.6672
-1.6581,0.49114,-87.679,-1.0242,1.3121,2.7321
-1.6422,0.47211,-87.615,-0.99658,1.2151,2.8943
-1.6371,0.45344,-87.559,-0.99693,1.1528,2.9896
-1.5881,0.42795,-87.505,-0.94876,1.0952,3.0646
-1.549,0.41137,-87.436,-0.92782,0.95504,3.2395
-1.5401,0.40352,-87.372,-0.93742,0.8683,3.342
-1.5678,0.38135,-87.309,-0.93567,0.78662,3.4229
-1.6066,0.35168,-87.254,-0.9636,0.61383,3.588
-1.6272,0.32533,-87.198,-0.98663,0.51452,3.6659
-1.6567,0.29025,-87.143,-1.091,0.35186,3.7928
-1.6837,0.24679,-87.093,-1.1282,0.29444,3.819
-1.7476,0.19199,-87.057,-1.187,0.22462,3.8526
-1.8174,0.15115,-87.061,-1.3985,0.15464,3.8942
-1.885,0.11851,-87.092,-1.5001,0.15464,3.869
-1.8949,0.084823,-87.14,-1.5684,0.18378,3.8146
-1.946,0.073478,-87.199,-1.6919,0.27367,3.6863
-1.9792,0.081856,-87.284,-1.7366,0.34819,3.6189
-1.9523,0.11432,-87.37,-1.6328,0.5236,3.453
-1.9115,0.15865,-87.455,-1.554,0.59952,3.3619
-1.8715,0.20822,-87.544,-1.5038,0.66741,3.2786
-1.8563,0.26005,-87.629,-1.4781,0.81175,3.1421
-1.8617,0.31433,-87.706,-1.4689,0.88715,3.0912
-1.8754,0.37734,-87.769,-1.46,0.96534,3.0489
-1.8705,0.43895,-87.814,-1.4118,1.1172,2.9864
-1.8675,0.50126,-87.847,-1.3938,1.1875,2.9683
-1.8583,0.56077,-87.867,-1.3549,1.3102,2.9615
-1.8411,0.6072,-87.878,-1.328,1.3603,2.9747
-1.8331,0.64909,-87.878,-1.3127,1.4038,3.0037
-1.819,0.68173,-87.87,-1.2922,1.4769,3.0971
-1.8048,0.70092,-87.851,-1.2762,1.5055,3.158
-1.8005,0.70738,-87.814,-1.2638,1.5284,3.2238
-1.7961,0.69761,-87.76,-1.2256,1.5287,3.3516
-1.757,0.6833,-87.696,-1.1919,1.4935,3.4214
-1.6815,0.6709,-87.642,-1.0919,1.3891,3.5737
-1.6636,0.6339,-87.582,-1.0812,1.3278,3.6668
-1.6518,0.5976,-87.513,-1.0915,1.2481,3.772
-1.6406,0.5702,-87.44,-1.0568,1.0769,3.9759
-1.6633,0.53512,-87.37,-1.0439,0.98419,4.071
-1.6739,0.4962,-87.314,-1.0715,0.79849,4.2497
-1.6956,0.45553,-87.253,-1.0866,0.7107,4.3291
-1.7015,0.41521,-87.194,-1.0908,0.64176,4.3811
-1.7418,0.36826,-87.149,-1.1622,0.49882,4.5092
-1.7642,0.32847,-87.129,-1.1554,0.43668,4.5398
-1.7996,0.27157,-87.13,-1.176,0.37664,4.5757
-1.8389,0.22742,-87.137,-1.3408,0.31049,4.6106
-1.9028,0.17575,-87.166,-1.4085,0.31015,4.593
-1.9275,0.1412,-87.21,-1.5235,0.34505,4.5054
-1.9473,0.12689,-87.266,-1.5608,0.38659,4.4509
-1.9837,0.12758,-87.336,-1.5989,0.44157,4.3991
-1.9944,0.15568,-87.407,-1.6237,0.59708,4.2775
-1.9614,0.20577,-87.478,-1.5532,0.68539,4.2068
-1.9082,0.26267,-87.554,-1.4553,0.77161,4.134
-1.8738,0.32638,-87.625,-1.3748,0.90862,4.015
-1.8665,0.39183,-87.695,-1.3495,0.98192,3.9715
-1.8549,0.45204,-87.752,-1.262,1.121,3.8855
-1.8464,0.51173,-87.797,-1.2292,1.1872,3.8469
-1.8329,0.56968,-87.827,-1.2018,1.2505,3.8078
-1.8155,0.62116,-87.846,-1.1573,1.3694,3.7577
-1.8092,0.67108,-87.855,-1.1414,1.423,3.7512
-1.7938,0.70843,-87.854,-1.1308,1.4722,3.7568
-1.7856,0.7292,-87.839,-1.1179,1.5469,3.7954
-1.7638,0.74002,-87.813,-1.1083,1.5762,3.8305
-1.7555,0.74194,-87.775,-1.0999,1.5999,3.9174
-1.734,0.72745,-87.723,-1.0887,1.59,3.9668
-1.709,0.70284,-87.669,-1.077,1.575,4.02
-1.6958,0.67317,-87.619,-1.0812,1.5291,4.1537
-1.6912,0.64507,-87.573,-1.0727,1.4968,4.2312
-1.6443,0.6257,-87.523,-1.0554,1.4589,4.3047
-1.616,0.60161,-87.465,-1.0376,1.3786,4.4604
-1.5958,0.562,-87.414,-1.0386,1.3282,4.5455
-1.6127,0.52255,-87.364,-1.0486,1.1975,4.7218
-1.6593,0.48136,-87.315,-1.0479,1.1224,4.8016
