-0.0017453,1.2914,1.0287,0.13596,1.0538,-0.13526
-0.0089012,1.2987,1.0167,0.1391,1.0844,-0.17366
-0.017453,1.3078,1.0048,0.14067,1.0985,-0.19181
-0.021118,1.3158,0.99362,0.14451,1.1226,-0.22515
-0.028623,1.3244,0.98297,0.14539,1.1325,-0.24086
-0.033161,1.3333,0.97354,0.14469,1.1418,-0.25517
-0.035081,1.3408,0.96482,0.14521,1.1584,-0.27925
-0.038746,1.3488,0.95714,0.14783,1.165,-0.28938
-0.044506,1.3575,0.95016,0.14608,1.1713,-0.30037
-0.051138,1.3668,0.94265,0.13858,1.1837,-0.32149
-0.061261,1.3772,0.9348,0.1316,1.1886,-0.33144
-0.072955,1.3881,0.92729,0.11083,1.198,-0.35186
-0.084823,1.3989,0.92188,0.10297,1.2015,-0.36181
-0.095644,1.4092,0.91647,0.095295,1.205,-0.37088
-0.10734,1.4188,0.90949,0.07662,1.2088,-0.38781
-0.11886,1.427,0.90286,0.067893,1.2085,-0.39444
-0.1309,1.4338,0.89797,0.060563,1.2071,-0.40143
-0.14486,1.4408,0.89431,0.041364,1.2025,-0.41626
-0.16284,1.4455,0.88907,0.030718,1.2003,-0.42394
-0.1782,1.4523,0.88314,0.010297,1.1962,-0.43633
-0.19722,1.458,0.87808,-0.0015708,1.1959,-0.44227
-0.20979,1.4629,0.87458,-0.013788,1.1952,-0.44733
-0.22201,1.4661,0.87266,-0.032289,1.1931,-0.45344
-0.23143,1.4676,0.87057,-0.041539,1.1947,-0.45675
-0.23684,1.4683,0.8676,-0.054978,1.1921,-0.46356
-0.24679,1.469,0.86481,-0.063705,1.1903,-0.46845
-0.25517,1.4696,0.86132,-0.07086,1.1889,-0.47333
-0.26546,1.4697,0.85783,-0.086045,1.184,-0.48485
-0.27541,1.4701,0.85329,-0.093201,1.1809,-0.49201
-0.28728,1.4692,0.84788,-0.1021,1.1783,-0.49864
-0.29461,1.4697,0.84177,-0.11606,1.1748,-0.51208
-0.30072,1.4697,0.83549,-0.1227,1.1727,-0.51819
-0.3098,1.4711,0.83008,-0.14347,1.1694,-0.5339
-0.32097,1.4701,0.82554,-0.15254,1.1662,-0.54227
-0.33126,1.468,0.81961,-0.15935,1.1627,-0.54943
-0.34156,1.4663,0.81193,-0.17383,1.1575,-0.56496
-0.35133,1.4647,0.8046,-0.18151,1.1551,-0.57299
-0.36111,1.4631,0.79692,-0.19111,1.153,-0.58085
-0.37298,1.4621,0.79151,-0.20351,1.1465,-0.5976
-0.38048,1.4579,0.78784,-0.20647,1.1423,-0.60563
-0.38729,1.4546,0.7847,-0.21415,1.1374,-0.62081
-0.39567,1.4511,0.78069,-0.21799,1.1352,-0.62814
-0.4023,1.4479,0.77667,-0.22305,1.1325,-0.63443
-0.41155,1.4458,0.77353,-0.23806,1.1271,-0.64612
-0.4208,1.4437,0.77178,-0.24504,1.1256,-0.65206
-0.43145,1.4399,0.77021,-0.2536,1.1224,-0.65712
-0.4393,1.4359,0.76864,-0.26581,1.1175,-0.66689
-0.44803,1.431,0.76655,-0.27192,1.1158,-0.67178
-0.45518,1.4252,0.76341,-0.28187,1.1116,-0.6805
-0.46129,1.4195,0.76114,-0.28641,1.1086,-0.68469
-0.46827,1.4137,0.75835,-0.29234,1.1058,-0.69028
-0.47613,1.4085,0.75555,-0.30473,1.0971,-0.70075
-0.48276,1.4027,0.75311,-0.30997,1.0908,-0.70599
-0.49253,1.3968,0.75049,-0.3159,1.0852,-0.71262
-0.50091,1.3902,0.74595,-0.32742,1.0709,-0.72693
-0.50964,1.3835,0.74054,-0.33249,1.0643,-0.73496
-0.51138,1.375,0.73461,-0.33528,1.0538,-0.74875
-0.51156,1.3659,0.72937,-0.3372,1.0482,-0.75398
-0.51278,1.3572,0.72536,-0.33563,1.043,-0.75835
-0.52011,1.3507,0.72134,-0.35186,1.028,-0.76847
-0.54035,1.3477,0.71873,-0.36757,1.0219,-0.7765
-0.55275,1.3432,0.71454,-0.37682,1.0158,-0.78418
-0.56374,1.3383,0.71,-0.3927,1.0025,-0.79831
-0.57386,1.3322,0.70529,-0.39881,0.99711,-0.80547
-0.58067,1.3245,0.70127,-0.40631,0.98471,-0.81455
-0.58451,1.3162,0.699,-0.40876,0.97773,-0.81734
-0.59236,1.3062,0.69813,-0.41312,0.9732,-0.82135
-0.59795,1.2971,0.69621,-0.42272,0.96237,-0.82624
-0.60685,1.2882,0.69482,-0.43005,0.95452,-0.83025
-0.62308,1.283,0.69272,-0.43965,0.94998,-0.83549
-0.63513,1.2783,0.68749,-0.46653,0.94318,-0.85032
-0.65118,1.2734,0.6805,-0.47647,0.94021,-0.85835
-0.66113,1.2692,0.67457,-0.48782,0.92956,-0.8704
-0.6716,1.2627,0.66986,-0.4955,0.92328,-0.87685
-0.67946,1.2545,0.66619,-0.50039,0.91246,-0.88261
-0.68155,1.2434,0.66148,-0.50772,0.8875,-0.89186
-0.6833,1.2294,0.65345,-0.51557,0.87685,-0.89378
-0.69307,1.2172,0.65014,-0.52255,0.8683,-0.89343
-0.69586,1.2048,0.64944,-0.54315,0.86237,-0.89099
-0.70494,1.1954,0.65083,-0.55501,0.86411,-0.88942
-0.71314,1.1866,0.65485,-0.5777,0.8704,-0.88401
-0.72309,1.1793,0.66148,-0.5901,0.87668,-0.88034
-0.72885,1.1722,0.66794,-0.60144,0.88523,-0.87511
-0.73199,1.1634,0.67387,-0.62745,0.89797,-0.86341
-0.74142,1.1559,0.68207,-0.64246,0.9067,-0.85661
-0.74246,1.1488,0.6901,-0.65101,0.91368,-0.8491
-0.7463,1.1428,0.69918,-0.66916,0.92799,-0.83217
-0.75067,1.1383,0.70965,-0.67806,0.93515,-0.82414
-0.74962,1.1322,0.71855,-0.69028,0.94719,-0.80861
-0.74962,1.1268,0.72606,-0.69447,0.9512,-0.80146
-0.75014,1.1222,0.73199,-0.69586,0.9547,-0.79535
-0.74962,1.1198,0.7367,-0.70267,0.96115,-0.78505
-0.74787,1.1181,0.74072,-0.70476,0.96482,-0.77842
-0.74368,1.1165,0.747,-0.70581,0.96709,-0.77004
-0.74299,1.1158,0.75538,-0.71716,0.97424,-0.75573
-0.73635,1.117,0.76428,-0.72204,0.9793,-0.74892
-0.74124,1.1186,0.77248,-0.73635,0.9896,-0.73583
-0.74124,1.1212,0.77946,-0.73688,0.99484,-0.72815
-0.73793,1.1228,0.78575,-0.73705,1.0008,-0.7203
-0.73566,1.125,0.79238,-0.74054,1.0139,-0.70197
-0.73321,1.128,0.80041,-0.74054,1.0194,-0.69167
-0.73112,1.1292,0.80809,-0.74089,1.0254,-0.68068
-0.73217,1.1303,0.81524,-0.7395,1.0353,-0.65886
-0.72379,1.132,0.82345,-0.73583,1.0407,-0.64787
-0.72012,1.1352,0.83095,-0.72414,1.053,-0.62727
-0.70791,1.1373,0.83846,-0.70913,1.0573,-0.61872
-0.6922,1.1409,0.84875,-0.69063,1.064,-0.60877
-0.67282,1.1469,0.85678,-0.66514,1.0795,-0.59638
-0.66637,1.1531,0.86341,-0.65712,1.0879,-0.59097
-0.65345,1.1631,0.86848,-0.64734,1.094,-0.58695
-0.6456,1.1718,0.87354,-0.62553,1.1085,-0.57596
-0.63111,1.1798,0.88122,-0.60545,1.1137,-0.56636
-0.61366,1.1849,0.88942,-0.58189,1.1263,-0.55065
-0.60231,1.1926,0.8978,-0.57578,1.135,-0.54315
-0.58922,1.202,0.90356,-0.56828,1.1378,-0.53477
-0.58416,1.2076,0.90879,-0.55484,1.1465,-0.51958
-0.57683,1.2175,0.91351,-0.54629,1.1507,-0.51103
-0.57125,1.2245,0.91804,-0.54,1.1558,-0.50231
-0.55571,1.231,0.92398,-0.51941,1.1662,-0.4845
-0.54542,1.2395,0.93061,-0.5126,1.1715,-0.47508
-0.53826,1.2462,0.93567,-0.50562,1.1828,-0.45955
-0.53547,1.2552,0.94108,-0.50196,1.1875,-0.45169
-0.53006,1.262,0.94492,-0.49951,1.1938,-0.44227
-0.52238,1.2689,0.94963,-0.4866,1.2003,-0.42586
-0.51417,1.2725,0.95504,-0.48223,1.2051,-0.4194
-0.50126,1.2765,0.95976,-0.46618,1.2062,-0.41207
-0.48817,1.2797,0.96482,-0.43441,1.2137,-0.39671
-0.47368,1.2835,0.96883,-0.42551,1.2219,-0.39026
-0.46496,1.2888,0.97267,-0.40579,1.2366,-0.37664
-0.45099,1.2928,0.97738,-0.39497,1.2428,-0.36984
-0.44454,1.2984,0.9821,-0.38868,1.2518,-0.36198
-0.43808,1.3034,0.98576,-0.38694,1.2692,-0.3454
-0.4386,1.3099,0.9903,-0.392,1.2755,-0.33824
-0.44139,1.3162,0.99833,-0.392,1.2816,-0.33144
-0.43406,1.3203,1.0055,-0.38066,1.2942,-0.31695
-0.42987,1.3245,1.0126,-0.37507,1.3006,-0.30857
-0.41888,1.3265,1.0189,-0.35779,1.3137,-0.29531
-0.41347,1.3284,1.0238,-0.34889,1.3193,-0.28938
-0.40177,1.3291,1.028,-0.33842,1.3258,-0.281
-0.39532,1.3292,1.0329,-0.32009,1.3348,-0.26791
-0.38519,1.3284,1.0364,-0.31503,1.3408,-0.26058
-0.37647,1.3266,1.0395,-0.30456,1.3462,-0.25011
-0.35797,1.3205,1.0427,-0.27367,1.3565,-0.22846
-0.34278,1.3144,1.0475,-0.25726,1.357,-0.21817
-0.33266,1.3114,1.0523,-0.24208,1.3648,-0.20385
-0.32498,1.3086,1.057,-0.23091,1.3671,-0.19618
-0.31678,1.3071,1.0622,-0.22061,1.371,-0.18815
-0.30735,1.3052,1.0676,-0.20351,1.3797,-0.17593
-0.29915,1.3045,1.0737,-0.19513,1.3842,-0.17034
-0.28658,1.3022,1.0786,-0.18815,1.391,-0.16354
-0.27367,1.2994,1.0842,-0.16458,1.3973,-0.14888
-0.26302,1.2971,1.0914,-0.15638,1.3999,-0.14207
-0.25395,1.2942,1.099,-0.14347,1.4005,-0.13422
-0.25307,1.2929,1.1067,-0.13998,1.3994,-0.13195
-0.25203,1.2919,1.1135,-0.13561,1.3996,-0.1295
-0.24609,1.2889,1.1189,-0.11467,1.3994,-0.12095
-0.23579,1.2844,1.1238,-0.1028,1.3987,-0.11449
-0.22637,1.2797,1.1296,-0.082729,1.3971,-0.10105
-0.21712,1.2744,1.1353,-0.075224,1.3973,-0.093201
-0.207,1.2687,1.1413,-0.068242,1.397,-0.085696
-0.19879,1.2626,1.1479,-0.049218,1.3933,-0.069813
-0.18902,1.2559,1.1537,-0.037874,1.39,-0.060912
-0.17994,1.2493,1.158,-0.028274,1.3867,-0.053407
-0.17139,1.243,1.1624,-0.012217,1.38,-0.04119
-0.16354,1.236,1.1657,-0.0022689,1.3762,-0.034732
-0.1508,1.2278,1.1681,0.023911,1.3657,-0.021642
-0.1412,1.2198,1.1711,0.03543,1.3598,-0.016057
-0.13003,1.2114,1.1744,0.043459,1.354,-0.010472
-0.12095,1.2031,1.1786,0.061436,1.3416,-0.0005236
-0.052534,1.1579,1.1894,0.18937,1.2996,0.0005236
-0.045379,1.1587,1.1858,0.2056,1.2992,-0.007854
-0.037699,1.1615,1.1805,0.23492,1.3022,-0.032114
-0.030543,1.1662,1.1734,0.24819,1.3045,-0.046949
-0.023038,1.1706,1.1643,0.2714,1.3121,-0.078365
-0.016057,1.1762,1.1549,0.28536,1.3149,-0.097389
-0.010647,1.1833,1.1465,0.29915,1.3158,-0.11781
-0.0068068,1.1901,1.138,0.3091,1.323,-0.16197
-0.0047124,1.1978,1.1275,0.31172,1.3289,-0.18326
