63.26,-23.38,69.49,-11.66,-0.69,-0.05
63.24,-23.37,69.54,-14.29,-0.87,-0.06
63.23,-23.34,69.59,-19.23,-1.17,-0.1
63.24,-23.31,69.65,-21.58,-1.32,-0.11
63.25,-23.29,69.71,-23.84,-1.42,-0.12
63.22,-23.28,69.74,-25.98,-1.55,-0.12
63.2,-23.25,69.77,-28.04,-1.67,-0.13
63.17,-23.26,69.81,-30.04,-1.76,-0.14
63.17,-23.26,69.85,-31.94,-1.87,-0.17
63.16,-23.23,69.89,-33.76,-1.98,-0.19
63.12,-23.26,69.95,-35.51,-2.05,-0.2
63.12,-23.26,70.02,-37.18,-2.15,-0.23
63.11,-23.25,70.08,-38.77,-2.26,-0.25
63.14,-23.23,70.13,-40.31,-2.35,-0.27
63.14,-23.22,70.18,-41.77,-2.44,-0.28
63.13,-23.2,70.24,-43.16,-2.51,-0.3
63.13,-23.21,70.29,-44.53,-2.59,-0.32
63.14,-23.21,70.36,-47.1,-2.71,-0.36
63.14,-23.2,70.41,-48.3,-2.77,-0.37
63.12,-23.19,70.46,-49.43,-2.83,-0.38
63.11,-23.19,70.52,-50.55,-2.88,-0.39
63.13,-23.21,70.56,-51.61,-2.95,-0.4
63.14,-23.2,70.61,-52.62,-3.01,-0.41
63.14,-23.2,70.65,-53.59,-3.09,-0.41
63.15,-23.2,70.7,-54.54,-3.15,-0.41
63.15,-23.2,70.74,-55.45,-3.21,-0.42
63.14,-23.21,70.78,-56.31,-3.28,-0.44
63.14,-23.19,70.83,-57.14,-3.35,-0.44
63.14,-23.19,70.88,-57.95,-3.43,-0.45
63.15,-23.18,70.93,-58.72,-3.49,-0.45
63.16,-23.15,70.97,-59.45,-3.53,-0.45
63.15,-23.14,71.01,-60.17,-3.61,-0.45
63.15,-23.15,71.05,-60.82,-3.66,-0.45
63.16,-23.14,71.1,-62.09,-3.71,-0.47
63.16,-23.14,71.16,-62.66,-3.76,-0.49
63.17,-23.14,71.22,-63.22,-3.79,-0.5
63.19,-23.14,71.28,-63.79,-3.8,-0.52
63.21,-23.16,71.34,-64.3,-3.83,-0.53
63.22,-23.19,71.41,-64.8,-3.84,-0.55
63.22,-23.2,71.48,-65.27,-3.86,-0.57
63.21,-23.2,71.53,-65.7,-3.91,-0.6
63.2,-23.22,71.6,-66.15,-3.94,-0.62
63.21,-23.23,71.67,-66.58,-3.97,-0.66
63.19,-23.25,71.76,-66.98,-3.98,-0.7
63.19,-23.25,71.85,-67.34,-3.98,-0.73
63.19,-23.25,71.95,-67.71,-4.01,-0.78
63.21,-23.22,72.03,-68.07,-4.03,-0.82
63.23,-23.22,72.11,-68.44,-4.03,-0.86
63.23,-23.23,72.18,-69.07,-4.04,-0.93
63.22,-23.23,72.26,-69.38,-4.04,-0.97
63.2,-23.26,72.34,-69.69,-4.05,-1
63.19,-23.27,72.42,-69.98,-4.06,-1.04
63.18,-23.29,72.49,-70.26,-4.08,-1.08
63.17,-23.28,72.56,-70.53,-4.15,-1.11
63.15,-23.28,72.63,-70.81,-4.18,-1.14
63.14,-23.28,72.69,-71.08,-4.21,-1.18
63.12,-23.25,72.74,-71.33,-4.31,-1.19
63.09,-23.23,72.8,-71.57,-4.37,-1.22
63.1,-23.17,72.87,-71.79,-4.4,-1.26
63.11,-23.13,72.94,-71.97,-4.4,-1.3
63.09,-23.16,73.02,-72.17,-4.4,-1.32
63.1,-23.16,73.09,-72.35,-4.42,-1.35
63.09,-23.16,73.15,-72.53,-4.44,-1.37
63.08,-23.2,73.21,-72.88,-4.5,-1.38
63.04,-23.24,73.27,-73.02,-4.52,-1.39
63.03,-23.24,73.32,-73.19,-4.52,-1.42
63.02,-23.26,73.38,-73.35,-4.53,-1.44
63,-23.31,73.45,-73.48,-4.53,-1.46
62.99,-23.32,73.51,-73.64,-4.54,-1.49
62.97,-23.34,73.58,-73.76,-4.56,-1.51
62.94,-23.38,73.64,-73.89,-4.56,-1.53
62.95,-23.37,73.7,-74.01,-4.56,-1.55
62.95,-23.37,73.76,-74.13,-4.57,-1.57
62.95,-23.39,73.82,-74.23,-4.56,-1.58
62.96,-23.4,73.87,-74.33,-4.55,-1.6
62.97,-23.41,73.92,-74.46,-4.57,-1.61
62.98,-23.43,73.95,-74.53,-4.58,-1.61
62.99,-23.42,74.01,-74.61,-4.56,-1.61
63,-23.44,74.05,-74.8,-4.56,-1.63
63,-23.46,74.1,-74.89,-4.58,-1.63
63.01,-23.48,74.15,-74.96,-4.56,-1.63
63,-23.46,74.19,-75.04,-4.58,-1.63
63,-23.44,74.23,-75.12,-4.62,-1.64
63,-23.47,74.27,-75.21,-4.61,-1.65
63.01,-23.45,74.32,-75.26,-4.6,-1.66
63.01,-23.48,74.37,-75.31,-4.61,-1.68
63.01,-23.48,74.43,-75.34,-4.62,-1.69
63.01,-23.48,74.49,-75.37,-4.64,-1.71
63.03,-23.45,74.54,-75.43,-4.62,-1.72
63.03,-23.47,74.6,-75.51,-4.61,-1.73
63.03,-23.47,74.64,-75.54,-4.61,-1.74
63.04,-23.44,74.68,-75.57,-4.61,-1.75
63.05,-23.45,74.72,-75.63,-4.64,-1.75
63.08,-23.42,74.77,-75.73,-4.67,-1.78
63.09,-23.4,74.82,-75.74,-4.65,-1.8
63.09,-23.39,74.87,-75.79,-4.66,-1.82
63.1,-23.36,74.93,-75.82,-4.66,-1.83
63.11,-23.34,74.98,-75.87,-4.65,-1.84
63.12,-23.32,75.03,-75.91,-4.65,-1.86
63.13,-23.32,75.08,-75.94,-4.65,-1.86
63.13,-23.3,75.12,-75.97,-4.67,-1.86
63.15,-23.29,75.17,-76,-4.68,-1.87
63.16,-23.29,75.22,-76.02,-4.64,-1.88
63.17,-23.3,75.27,-76.05,-4.6,-1.89
63.18,-23.31,75.32,-76.1,-4.6,-1.9
63.21,-23.32,75.36,-76.16,-4.6,-1.89
63.21,-23.35,75.39,-76.19,-4.56,-1.88
63.2,-23.34,75.42,-76.22,-4.56,-1.87
63.19,-23.39,75.46,-76.29,-4.57,-1.87
63.18,-23.41,75.5,-76.37,-4.57,-1.87
63.18,-23.41,75.54,-76.4,-4.58,-1.87
63.15,-23.44,75.6,-76.41,-4.58,-1.87
63.15,-23.43,75.66,-76.43,-4.6,-1.88
63.16,-23.41,75.71,-76.47,-4.63,-1.9
63.18,-23.42,75.76,-76.51,-4.61,-1.9
63.18,-23.43,75.81,-76.53,-4.6,-1.92
63.18,-23.41,75.87,-76.55,-4.61,-1.95
63.17,-23.41,75.93,-76.56,-4.65,-1.97
63.18,-23.4,76.01,-76.6,-4.65,-2
63.19,-23.36,76.08,-76.6,-4.62,-2.04
63.17,-23.35,76.15,-76.59,-4.65,-2.07
63.18,-23.3,76.22,-76.58,-4.69,-2.09
63.19,-23.27,76.28,-76.56,-4.71,-2.11
63.21,-23.24,76.35,-76.56,-4.7,-2.14
63.21,-23.24,76.41,-76.6,-4.69,-2.18
63.23,-23.21,76.47,-76.62,-4.75,-2.18
63.22,-23.17,76.51,-76.63,-4.81,-2.18
63.21,-23.11,76.54,-76.65,-4.84,-2.18
63.22,-23.07,76.56,-76.66,-4.82,-2.16
63.22,-23.08,76.6,-76.69,-4.85,-2.16
63.24,-23.09,76.63,-76.73,-4.84,-2.15
63.25,-23.11,76.65,-76.75,-4.82,-2.15
63.23,-23.12,76.69,-76.72,-4.83,-2.15
63.22,-23.11,76.75,-76.72,-4.82,-2.17
63.23,-23.11,76.8,-76.74,-4.81,-2.19
63.25,-23.1,76.87,-76.73,-4.8,-2.22
63.25,-23.1,76.94,-76.74,-4.81,-2.23
63.26,-23.09,77.01,-76.75,-4.83,-2.26
63.25,-23.05,77.06,-76.76,-4.83,-2.28
63.25,-23.06,77.12,-76.77,-4.73,-2.32
63.23,-23.07,77.18,-76.79,-4.67,-2.35
63.22,-23.06,77.25,-76.8,-4.65,-2.38
63.22,-23.07,77.32,-76.84,-4.66,-2.4
63.21,-23.1,77.4,-76.87,-4.69,-2.42
63.21,-23.08,77.45,-76.86,-4.7,-2.43
63.18,-23.06,77.5,-76.84,-4.71,-2.45
63.16,-23.07,77.56,-76.85,-4.73,-2.47
63.16,-23.05,77.61,-76.89,-4.75,-2.49
63.17,-23.03,77.67,-76.88,-4.71,-2.52
63.15,-23.06,77.75,-76.88,-4.66,-2.55
63.14,-23.06,77.81,-76.88,-4.64,-2.58
63.16,-23.05,77.87,-76.88,-4.67,-2.59
63.17,-23.02,77.91,-76.89,-4.68,-2.58
63.17,-23.03,77.95,-76.89,-4.69,-2.58
63.15,-23.06,77.98,-76.88,-4.74,-2.57
63.15,-23.07,78.02,-76.89,-4.76,-2.57
63.12,-23.1,78.06,-76.9,-4.74,-2.57
63.11,-23.11,78.1,-76.89,-4.79,-2.57
63.1,-23.11,78.14,-76.89,-4.78,-2.58
63.1,-23.11,78.18,-76.88,-4.72,-2.59
63.09,-23.13,78.23,-76.89,-4.68,-2.6
63.1,-23.13,78.27,-76.91,-4.69,-2.61
63.12,-23.15,78.32,-76.9,-4.66,-2.61
63.12,-23.15,78.37,-76.88,-4.6,-2.62
63.13,-23.18,78.42,-76.91,-4.6,-2.63
63.15,-23.2,78.46,-76.93,-4.59,-2.63
63.16,-23.16,78.5,-76.95,-4.57,-2.63
63.16,-23.17,78.53,-76.97,-4.53,-2.64
63.14,-23.18,78.58,-76.96,-4.54,-2.65
63.16,-23.16,78.63,-76.97,-4.53,-2.7
63.17,-23.12,78.68,-76.96,-4.54,-2.73
63.17,-23.11,78.74,-76.95,-4.54,-2.75
63.16,-23.1,78.8,-76.93,-4.55,-2.78
63.19,-23.04,78.87,-76.92,-4.54,-2.81
63.21,-23.03,78.93,-76.92,-4.51,-2.85
63.23,-23.01,79,-76.91,-4.49,-2.87
63.23,-23.01,79.07,-76.92,-4.47,-2.91
63.25,-22.98,79.13,-76.9,-4.46,-2.94
63.27,-22.99,79.2,-76.9,-4.45,-2.98
63.27,-22.98,79.26,-76.9,-4.48,-3.01
63.29,-22.97,79.33,-76.91,-4.51,-3.03
63.32,-22.96,79.38,-76.92,-4.51,-3.04
63.31,-22.94,79.43,-76.94,-4.52,-3.05
63.32,-22.94,79.48,-76.92,-4.52,-3.06
63.33,-22.95,79.54,-76.92,-4.52,-3.07
63.35,-22.93,79.57,-76.93,-4.54,-3.07
63.36,-22.9,79.61,-76.93,-4.55,-3.07
63.37,-22.92,79.65,-76.93,-4.54,-3.07
63.38,-22.93,79.67,-76.96,-4.54,-3.06
63.38,-22.96,79.71,-76.98,-4.52,-3.04
63.36,-23,79.73,-76.99,-4.5,-3.03
63.35,-23.01,79.76,-77.01,-4.5,-3.01
63.34,-23.04,79.78,-77,-4.53,-2.99
63.32,-23.08,79.81,-77.03,-4.54,-2.98
63.31,-23.07,79.83,-77.05,-4.56,-2.98
63.29,-23.09,79.88,-77,-4.55,-2.98
63.28,-23.1,79.94,-76.99,-4.55,-3
63.29,-23.06,79.98,-77.01,-4.56,-3.01
63.33,-23.02,80.03,-77,-4.59,-3.01
63.34,-23.01,80.09,-76.98,-4.59,-3.02
63.35,-22.98,80.13,-76.99,-4.58,-3.06
63.37,-22.96,80.18,-76.99,-4.59,-3.07
63.39,-22.94,80.22,-76.96,-4.58,-3.08
63.39,-22.91,80.27,-76.95,-4.58,-3.1
63.42,-22.89,80.32,-76.97,-4.57,-3.11
63.43,-22.88,80.37,-76.96,-4.54,-3.12
63.43,-22.89,80.43,-76.96,-4.52,-3.14
63.42,-22.86,80.48,-76.96,-4.55,-3.15
63.45,-22.83,80.52,-76.97,-4.58,-3.17
63.45,-22.81,80.57,-76.98,-4.57,-3.2
63.43,-22.8,80.64,-76.98,-4.57,-3.22
63.41,-22.79,80.71,-76.94,-4.55,-3.24
63.42,-22.79,80.78,-77.02,-4.55,-3.32
63.44,-22.79,80.82,-77.21,-4.59,-3.51
63.39,-22.81,80.9,-77.3,-4.62,-3.65
63.25,-22.83,81.05,-77.39,-4.49,-3.96
63.07,-22.84,81.21,-77.49,-4.43,-4.12
62.85,-22.88,81.36,-77.7,-4.4,-4.28
62.56,-23,81.5,-77.85,-4.36,-4.43
62.19,-23.06,81.66,-77.95,-4.24,-4.59
61.78,-23.23,81.83,-78.09,-4.04,-4.84
61.26,-23.46,82.07,-78.19,-3.89,-5.08
60.69,-23.72,82.4,-78.21,-3.74,-5.34
60.06,-24.14,82.82,-78.19,-3.53,-5.67
59.44,-24.71,83.31,-78.19,-3.33,-6.03
58.86,-25.24,83.85,-78.21,-3.16,-6.44
58.35,-25.64,84.39,-78.27,-3.03,-6.9
57.82,-26.08,84.97,-78.29,-2.98,-7.36
57.3,-26.45,85.57,-78.29,-2.94,-7.83
56.83,-26.68,86.16,-78.29,-2.92,-8.32
56.36,-26.89,86.77,-78.19,-2.98,-9.3
55.92,-27.1,87.38,-78.14,-3.01,-9.73
55.55,-27.31,87.93,-78.08,-3.03,-10.19
55.17,-27.53,88.46,-78,-3.1,-10.63
54.8,-27.75,88.99,-77.89,-3.22,-11.04
54.49,-27.95,89.48,-77.76,-3.37,-11.45
54.19,-28.04,89.96,-77.63,-3.55,-11.85
53.85,-28.13,90.44,-77.47,-3.72,-12.2
53.59,-28.3,90.86,-77.28,-3.9,-12.54
53.29,-28.52,91.29,-77.08,-4.02,-12.89
53.03,-28.72,91.71,-76.91,-4.19,-13.25
52.78,-28.91,92.11,-76.71,-4.36,-13.6
52.48,-29.11,92.52,-76.5,-4.59,-13.93
52.17,-29.32,92.93,-76.3,-4.81,-14.33
51.88,-29.49,93.33,-76.09,-5.06,-14.67
51.6,-29.68,93.71,-75.9,-5.26,-15.01
51.27,-29.91,94.12,-75.4,-5.61,-15.73
50.95,-30.18,94.53,-75.17,-5.78,-16.08
50.65,-30.48,94.93,-74.91,-5.99,-16.45
50.32,-30.75,95.34,-74.61,-6.28,-16.74
50.01,-31.03,95.75,-74.34,-6.53,-17.07
49.76,-31.31,96.12,-74.09,-6.81,-17.4
49.51,-31.58,96.48,-73.79,-7.1,-17.63
49.26,-31.87,96.83,-73.48,-7.38,-17.87
49.07,-32.18,97.13,-73.15,-7.67,-18.08
48.87,-32.49,97.42,-72.8,-7.95,-18.33
48.68,-32.79,97.7,-72.47,-8.23,-18.5
48.52,-33.11,97.95,-72.1,-8.55,-18.66
48.39,-33.37,98.18,-71.74,-8.88,-18.83
48.28,-33.56,98.39,-71.36,-9.27,-18.99
48.16,-33.76,98.59,-70.99,-9.67,-19.14
48.06,-33.92,98.81,-70.63,-10.03,-19.34
47.93,-34.1,99.05,-69.96,-10.71,-19.72
47.77,-34.32,99.3,-69.63,-11.05,-19.92
47.57,-34.57,99.58,-69.3,-11.32,-20.14
47.38,-34.82,99.86,-68.98,-11.62,-20.36
47.21,-35.02,100.13,-68.69,-11.92,-20.56
47.03,-35.19,100.4,-68.38,-12.2,-20.76
46.85,-35.41,100.66,-68.06,-12.44,-20.95
46.7,-35.61,100.92,-67.71,-12.74,-21.13
46.51,-35.85,101.18,-67.39,-13,-21.32
46.33,-36.1,101.43,-67.1,-13.25,-21.51
46.14,-36.37,101.69,-66.77,-13.46,-21.73
45.94,-36.67,101.95,-66.44,-13.7,-21.91
45.71,-36.98,102.23,-66.15,-13.94,-22.1
45.48,-37.28,102.49,-65.87,-14.18,-22.29
45.27,-37.54,102.77,-65.61,-14.44,-22.5
45.03,-37.78,103.06,-65.06,-15.02,-22.95
44.82,-38,103.34,-64.79,-15.27,-23.22
44.56,-38.24,103.64,-64.55,-15.54,-23.48
44.28,-38.46,103.95,-64.31,-15.85,-23.72
43.98,-38.66,104.25,-64.1,-16.19,-24.01
43.68,-38.85,104.57,-63.9,-16.49,-24.3
43.33,-39.08,104.93,-63.68,-16.8,-24.59
42.99,-39.32,105.3,-63.44,-17.08,-24.91
42.61,-39.57,105.69,-63.22,-17.33,-25.23
42.23,-39.83,106.1,-63.05,-17.58,-25.56
41.86,-40.06,106.49,-62.85,-17.9,-25.9
41.49,-40.24,106.87,-62.64,-18.15,-26.24
41.13,-40.4,107.27,-62.45,-18.39,-26.55
40.75,-40.72,107.69,-62.21,-18.6,-26.85
40.39,-41.09,108.08,-62,-18.76,-27.15
40,-41.42,108.47,-61.8,-18.94,-27.43
39.58,-41.7,108.85,-61.35,-19.41,-28
39.17,-42.04,109.22,-61.09,-19.64,-28.27
38.74,-42.42,109.61,-60.86,-19.83,-28.55
38.32,-42.81,109.98,-60.6,-20.03,-28.84
37.91,-43.17,110.34,-60.34,-20.22,-29.14
37.5,-43.51,110.7,-60.06,-20.45,-29.44
37.15,-43.75,111.05,-59.82,-20.82,-29.72
36.81,-43.92,111.37,-59.62,-21.22,-30
36.41,-44.13,111.72,-59.39,-21.52,-30.26
35.98,-44.35,112.1,-59.16,-21.74,-30.58
35.5,-44.63,112.46,-58.93,-21.92,-30.9
35.04,-44.87,112.83,-58.73,-22.14,-31.22
34.59,-45.09,113.21,-58.52,-22.47,-31.53
34.15,-45.3,113.56,-58.25,-22.79,-31.84
33.7,-45.48,113.92,-58,-23.09,-32.16
33.24,-45.69,114.28,-57.71,-23.37,-32.47
32.8,-45.96,114.64,-57.14,-23.85,-33.08
32.35,-46.23,115.01,-56.86,-24.09,-33.37
31.95,-46.5,115.38,-56.56,-24.28,-33.62
31.56,-46.83,115.72,-56.24,-24.53,-33.88
31.18,-47.14,116.04,-55.91,-24.82,-34.13
30.83,-47.36,116.33,-55.56,-25.13,-34.36
30.47,-47.65,116.61,-55.21,-25.37,-34.57
30.13,-47.99,116.88,-54.86,-25.59,-34.78
29.85,-48.31,117.16,-54.53,-25.88,-35
29.56,-48.61,117.43,-54.15,-26.12,-35.23
29.27,-48.92,117.75,-53.81,-26.29,-35.44
28.96,-49.32,118.06,-53.43,-26.5,-35.65
28.7,-49.63,118.33,-53.05,-26.78,-35.84
28.44,-49.86,118.59,-52.72,-27.11,-36.04
28.17,-50.13,118.83,-52.39,-27.42,-36.21
27.88,-50.44,119.07,-51.72,-27.8,-36.58
27.57,-50.78,119.33,-51.38,-27.98,-36.78
27.27,-51.13,119.56,-51.04,-28.22,-36.95
26.99,-51.4,119.78,-50.69,-28.45,-37.12
26.72,-51.66,120.02,-50.37,-28.65,-37.29
26.43,-51.99,120.25,-50.04,-28.89,-37.46
26.14,-52.32,120.46,-49.73,-29.12,-37.61
25.89,-52.61,120.67,-49.41,-29.38,-37.75
25.62,-52.88,120.88,-49.11,-29.65,-37.93
25.36,-53.11,121.07,-48.83,-29.9,-38.1
25.14,-53.25,121.26,-48.53,-30.21,-38.27
24.89,-53.43,121.47,-48.25,-30.45,-38.45
24.61,-53.68,121.69,-47.97,-30.74,-38.63
24.36,-53.89,121.91,-47.71,-31,-38.8
24.1,-54.05,122.14,-47.45,-31.29,-39
23.85,-54.21,122.37,-47.21,-31.57,-39.18
23.62,-54.36,122.6,-46.71,-32.17,-39.56
23.36,-54.49,122.84,-46.45,-32.44,-39.76
23.09,-54.63,123.09,-46.21,-32.7,-39.98
22.84,-54.78,123.34,-45.99,-32.94,-40.19
22.56,-54.94,123.6,-45.76,-33.16,-40.4
22.28,-55.16,123.89,-45.54,-33.32,-40.61
22.02,-55.37,124.18,-45.32,-33.52,-40.81
21.71,-55.6,124.46,-45.08,-33.73,-41.03
21.43,-55.8,124.71,-44.86,-33.94,-41.24
21.19,-55.9,124.94,-44.62,-34.19,-41.44
20.93,-56.02,125.2,-44.4,-34.4,-41.65
20.67,-56.18,125.46,-44.19,-34.58,-41.84
20.44,-56.33,125.71,-43.95,-34.78,-42.03
20.17,-56.52,125.95,-43.71,-34.98,-42.23
19.92,-56.63,126.18,-43.5,-35.23,-42.44
19.7,-56.74,126.45,-43.03,-35.64,-42.86
19.45,-56.85,126.72,-42.8,-35.8,-43.07
19.17,-57.06,127.01,-42.57,-35.96,-43.27
18.87,-57.33,127.28,-42.32,-36.1,-43.5
18.55,-57.54,127.56,-42.06,-36.27,-43.7
18.26,-57.74,127.83,-41.82,-36.43,-43.93
17.96,-57.96,128.07,-41.59,-36.63,-44.14
17.69,-58.13,128.34,-41.35,-36.81,-44.34
17.4,-58.29,128.61,-41.13,-37,-44.58
17.08,-58.44,128.89,-40.94,-37.16,-44.83
16.72,-58.6,129.2,-40.72,-37.4,-45.08
16.33,-58.78,129.51,-40.48,-37.58,-45.34
15.93,-59.02,129.81,-40.25,-37.71,-45.61
15.53,-59.26,130.12,-40.01,-37.82,-45.9
15.12,-59.48,130.45,-39.77,-37.99,-46.19
14.76,-59.72,130.77,-39.32,-38.31,-46.72
14.39,-59.96,131.12,-39.14,-38.48,-47.01
14.03,-60.22,131.47,-38.91,-38.72,-47.25
13.67,-60.44,131.83,-38.71,-38.87,-47.52
13.32,-60.71,132.13,-38.46,-39.03,-47.78
12.95,-60.96,132.43,-38.2,-39.21,-48.02
12.61,-61.21,132.72,-37.94,-39.4,-48.24
12.29,-61.41,132.98,-37.68,-39.65,-48.44
11.97,-61.58,133.23,-37.42,-39.89,-48.64
11.67,-61.77,133.48,-37.17,-40.1,-48.83
11.37,-61.98,133.71,-36.97,-40.2,-49.05
11.09,-62.14,133.95,-36.72,-40.42,-49.27
10.81,-62.25,134.2,-36.5,-40.65,-49.5
10.49,-62.33,134.48,-36.25,-40.84,-49.72
10.12,-62.51,134.82,-36.03,-40.98,-49.99
9.7,-62.73,135.18,-35.83,-41.09,-50.29
9.27,-63.01,135.52,-35.41,-41.41,-50.9
8.85,-63.25,135.86,-35.24,-41.63,-51.21
8.45,-63.39,136.25,-35.01,-41.88,-51.51
8.02,-63.61,136.62,-34.81,-42.09,-51.83
7.63,-63.84,137,-34.59,-42.3,-52.09
7.3,-64.05,137.35,-34.32,-42.49,-52.32
6.99,-64.37,137.62,-34.03,-42.69,-52.52
6.7,-64.76,137.84,-33.73,-43.01,-52.68
6.52,-64.97,138.02,-33.43,-43.37,-52.8
6.34,-65.05,138.18,-33.13,-43.69,-52.9
6.21,-65.26,138.31,-32.84,-43.91,-52.97
6.1,-65.47,138.42,-32.51,-44.2,-53.03
6.03,-65.63,138.48,-32.18,-44.53,-53.06
5.98,-65.73,138.53,-31.87,-44.86,-53.06
5.95,-65.76,138.57,-31.55,-45.21,-53.08
5.9,-65.75,138.63,-31.25,-45.48,-53.1
5.85,-65.85,138.69,-30.76,-45.95,-53.13
5.8,-65.96,138.74,-30.5,-46.22,-53.15
5.73,-65.92,138.79,-30.28,-46.42,-53.16
5.65,-65.98,138.85,-30.09,-46.56,-53.2
5.57,-66.12,138.93,-29.88,-46.74,-53.26
5.5,-66.18,139,-29.67,-46.93,-53.3
5.44,-66.23,139.1,-29.48,-47.11,-53.35
5.35,-66.34,139.19,-29.29,-47.3,-53.41
5.3,-66.4,139.28,-29.15,-47.45,-53.46
5.23,-66.46,139.39,-28.96,-47.59,-53.51
5.12,-66.6,139.49,-28.8,-47.69,-53.55
5.03,-66.7,139.56,-28.63,-47.8,-53.59
4.97,-66.78,139.62,-28.49,-47.91,-53.64
4.88,-66.84,139.67,-28.35,-48.06,-53.66
4.82,-66.93,139.73,-28.22,-48.16,-53.69
4.76,-67.05,139.8,-28.08,-48.29,-53.71
4.69,-67.11,139.86,-27.84,-48.48,-53.76
4.63,-67.16,139.9,-27.7,-48.67,-53.79
4.58,-67.23,139.94,-27.59,-48.77,-53.8
4.52,-67.28,140,-27.5,-48.82,-53.82
4.47,-67.37,140.06,-27.41,-48.93,-53.84
4.43,-67.47,140.12,-27.28,-49.11,-53.85
4.43,-67.49,140.16,-27.16,-49.25,-53.86
4.41,-67.48,140.22,-27.06,-49.29,-53.88
4.38,-67.57,140.27,-26.97,-49.37,-53.9
4.34,-67.66,140.33,-26.87,-49.46,-53.9
4.31,-67.68,140.38,-26.76,-49.6,-53.92
4.26,-67.71,140.42,-26.67,-49.66,-53.93
4.23,-67.81,140.46,-26.58,-49.68,-53.95
4.21,-67.88,140.51,-26.49,-49.73,-53.96
4.22,-67.91,140.57,-26.39,-49.83,-53.97
4.22,-67.96,140.61,-26.3,-49.91,-53.98
4.26,-67.99,140.65,-26.14,-50.14,-53.97
4.29,-67.98,140.69,-26.09,-50.29,-53.96
4.32,-67.97,140.72,-26.01,-50.4,-53.96
4.32,-67.96,140.75,-25.92,-50.46,-53.96
4.35,-67.92,140.79,-25.86,-50.5,-53.96
4.36,-67.94,140.82,-25.8,-50.56,-53.96
4.37,-67.97,140.86,-25.73,-50.61,-53.99
4.36,-67.97,140.91,-25.68,-50.62,-54.01
4.35,-67.93,140.99,-25.64,-50.72,-54.04
4.31,-67.95,141.07,-25.62,-50.74,-54.08
4.27,-68.01,141.16,-25.61,-50.75,-54.11
4.24,-68.01,141.24,-25.6,-50.78,-54.15
4.21,-67.96,141.31,-25.57,-50.85,-54.18
4.16,-68.05,141.37,-25.53,-50.86,-54.22
4.15,-68.06,141.44,-25.49,-50.87,-54.24
4.15,-68.06,141.51,-25.46,-50.92,-54.26
4.15,-68.11,141.56,-25.38,-51,-54.27
4.13,-68.13,141.6,-25.33,-51.05,-54.29
4.1,-68.11,141.64,-25.32,-51.04,-54.29
4.08,-68.15,141.7,-25.3,-51.08,-54.31
4.07,-68.18,141.76,-25.27,-51.12,-54.32
4.05,-68.2,141.8,-25.25,-51.17,-54.33
4.05,-68.18,141.84,-25.21,-51.2,-54.34
4.03,-68.26,141.9,-25.19,-51.21,-54.37
4.01,-68.31,141.98,-25.16,-51.2,-54.4
3.99,-68.37,142.04,-25.12,-51.24,-54.42
3.98,-68.39,142.11,-25.1,-51.25,-54.43
3.98,-68.44,142.17,-25.07,-51.27,-54.45
3.99,-68.42,142.23,-25.02,-51.32,-54.46
3.97,-68.43,142.28,-24.99,-51.33,-54.46
3.96,-68.46,142.32,-24.97,-51.36,-54.48
3.94,-68.5,142.37,-24.94,-51.33,-54.48
3.93,-68.61,142.41,-24.89,-51.34,-54.47
3.92,-68.67,142.44,-24.86,-51.33,-54.46
3.92,-68.71,142.48,-24.86,-51.29,-54.47
3.92,-68.78,142.53,-24.82,-51.25,-54.48
3.93,-68.88,142.58,-24.82,-51.28,-54.47
3.98,-68.91,142.61,-24.81,-51.35,-54.44
4.01,-68.91,142.62,-24.8,-51.35,-54.43
4.02,-68.93,142.63,-24.8,-51.35,-54.41
4.04,-68.94,142.66,-24.81,-51.34,-54.4
4.04,-68.93,142.7,-24.79,-51.36,-54.41
4.03,-68.94,142.74,-24.8,-51.4,-54.42
4,-68.95,142.78,-24.82,-51.4,-54.45
4.01,-68.91,142.84,-24.85,-51.39,-54.49
3.97,-68.93,142.91,-24.85,-51.4,-54.53
3.93,-68.99,142.99,-24.87,-51.44,-54.56
3.94,-68.96,143.06,-24.91,-51.52,-54.61
3.92,-68.92,143.13,-24.92,-51.52,-54.64
3.9,-68.93,143.2,-24.95,-51.53,-54.67
3.85,-68.94,143.27,-24.98,-51.56,-54.7
3.82,-68.96,143.32,-25,-51.62,-54.74
3.81,-68.93,143.37,-24.98,-51.66,-54.76
3.79,-68.98,143.42,-24.98,-51.69,-54.77
3.82,-69.04,143.5,-24.96,-51.71,-54.8
3.85,-69.03,143.56,-24.94,-51.78,-54.82
3.89,-68.96,143.62,-24.91,-51.87,-54.83
3.93,-68.95,143.67,-24.87,-51.9,-54.84
3.94,-68.92,143.73,-24.86,-51.97,-54.87
3.95,-68.88,143.79,-24.82,-51.97,-54.89
3.96,-68.91,143.85,-24.82,-51.99,-54.91
3.94,-68.93,143.91,-24.79,-52.07,-54.93
3.95,-68.89,143.96,-24.79,-52.04,-54.95
3.97,-68.89,144.03,-24.79,-52.1,-54.99
3.99,-68.89,144.09,-24.78,-52.11,-55.01
4,-68.83,144.15,-24.77,-52.13,-55.02
4.01,-68.85,144.21,-24.75,-52.07,-55.02
4.05,-68.89,144.27,-24.73,-52.11,-55.04
4.08,-68.87,144.31,-24.71,-52.16,-55.03
4.1,-68.8,144.34,-24.7,-52.18,-55.02
4.11,-68.78,144.37,-24.7,-52.16,-55.03
4.12,-68.8,144.41,-24.72,-52.13,-55.03
4.11,-68.85,144.45,-24.7,-52.15,-55.04
4.09,-68.84,144.5,-24.69,-52.13,-55.04
4.1,-68.83,144.52,-24.71,-52.11,-55.03
4.11,-68.91,144.55,-24.7,-52.13,-55.03
4.1,-68.93,144.59,-24.73,-52.13,-55.04
4.13,-68.89,144.64,-24.74,-52.1,-55.06
4.12,-68.9,144.7,-24.75,-52.06,-55.07
4.1,-68.95,144.76,-24.77,-52.02,-55.12
4.07,-69,144.83,-24.8,-52.06,-55.14
4.07,-69.01,144.88,-24.81,-52.09,-55.16
4.04,-69.02,144.94,-24.82,-52.06,-55.18
4.02,-69.01,145,-24.84,-52.03,-55.2
4,-69.05,145.06,-24.85,-52.05,-55.23
3.97,-69.03,145.11,-24.86,-52.06,-55.26
3.95,-69.01,145.17,-24.87,-52.05,-55.27
3.96,-69.02,145.24,-24.88,-52.09,-55.3
3.96,-69.04,145.3,-24.89,-52.12,-55.32
3.95,-69.01,145.36,-24.91,-52.14,-55.35
3.94,-68.96,145.41,-24.91,-52.2,-55.37
3.92,-69,145.47,-24.94,-52.11,-55.39
3.91,-69.04,145.53,-24.95,-52.08,-55.42
3.91,-69.03,145.6,-24.93,-52.15,-55.44
3.92,-68.98,145.67,-24.93,-52.21,-55.47
3.93,-68.96,145.74,-24.93,-52.2,-55.52
3.96,-68.95,145.81,-24.9,-52.24,-55.56
3.97,-68.93,145.88,-24.9,-52.23,-55.58
3.98,-68.96,145.95,-24.88,-52.26,-55.61
4,-68.95,146.02,-24.86,-52.22,-55.64
4.03,-68.91,146.1,-24.86,-52.23,-55.66
4.04,-68.88,146.16,-24.83,-52.29,-55.69
4.06,-68.87,146.23,-24.84,-52.25,-55.71
4.11,-68.78,146.3,-24.82,-52.29,-55.72
4.12,-68.76,146.37,-24.79,-52.32,-55.74
4.13,-68.73,146.42,-24.79,-52.31,-55.76
4.14,-68.68,146.47,-24.78,-52.3,-55.78
4.15,-68.63,146.53,-24.77,-52.3,-55.8
4.17,-68.65,146.59,-24.76,-52.28,-55.8
4.15,-68.63,146.64,-24.76,-52.3,-55.8
4.15,-68.58,146.68,-24.77,-52.3,-55.81
4.13,-68.55,146.71,-24.74,-52.26,-55.79
4.12,-68.6,146.74,-24.74,-52.22,-55.77
4.16,-68.62,146.76,-24.7,-52.28,-55.75
4.16,-68.6,146.78,-24.69,-52.3,-55.72
4.15,-68.61,146.8,-24.7,-52.29,-55.68
4.15,-68.59,146.81,-24.69,-52.21,-55.65
4.17,-68.57,146.81,-24.68,-52.24,-55.63
4.18,-68.61,146.8,-24.65,-52.22,-55.6
4.21,-68.61,146.82,-24.65,-52.13,-55.57
4.25,-68.67,146.83,-24.65,-52.1,-55.54
4.3,-68.72,146.84,-24.62,-52.08,-55.53
4.36,-68.74,146.88,-24.61,-52.01,-55.52
4.4,-68.79,146.9,-24.57,-51.96,-55.52
4.43,-68.85,146.95,-24.57,-51.91,-55.52
4.45,-68.93,147.01,-24.55,-51.86,-55.52
4.49,-69.02,147.03,-24.54,-51.82,-55.5
4.58,-69.04,147.05,-24.49,-51.73,-55.46
4.65,-69.09,147.09,-24.47,-51.71,-55.41
4.73,-69.17,147.1,-24.46,-51.69,-55.35
4.82,-69.23,147.06,-24.41,-51.71,-55.26
4.97,-69.25,146.98,-24.43,-51.7,-55.14
5.14,-69.25,146.89,-24.39,-51.75,-54.99
5.28,-69.31,146.78,-24.36,-51.76,-54.85
5.45,-69.28,146.63,-24.34,-51.76,-54.67
5.65,-69.21,146.46,-24.33,-51.79,-54.5
5.83,-69.18,146.3,-24.33,-51.8,-54.34
6,-69.12,146.16,-24.34,-51.81,-54.19
6.16,-69.06,146.04,-24.36,-51.8,-54.06
6.3,-69.02,145.94,-24.39,-51.79,-53.92
6.47,-68.99,145.84,-24.42,-51.79,-53.81
6.61,-68.96,145.74,-24.45,-51.83,-53.68
6.77,-68.89,145.63,-24.5,-51.83,-53.54
6.96,-68.84,145.5,-24.59,-51.78,-53.22
7.21,-68.83,145.36,-24.62,-51.82,-53.04
7.48,-68.77,145.22,-24.65,-51.86,-52.84
7.76,-68.63,145.04,-24.7,-51.89,-52.66
8.01,-68.48,144.85,-24.73,-51.83,-52.46
8.27,-68.41,144.67,-24.76,-51.81,-52.26
8.53,-68.32,144.49,-24.78,-51.8,-52.1
8.76,-68.22,144.33,-24.85,-51.75,-51.9
9.02,-68.15,144.18,-24.9,-51.63,-51.71
9.28,-68.14,143.99,-24.98,-51.51,-51.52
9.6,-68.07,143.79,-25.03,-51.49,-51.3
9.88,-67.97,143.59,-25.1,-51.48,-51.07
10.19,-67.87,143.4,-25.18,-51.4,-50.83
10.51,-67.75,143.18,-25.29,-51.28,-50.6
10.81,-67.66,142.95,-25.39,-51.15,-50.38
11.14,-67.6,142.7,-25.53,-50.8,-49.83
11.5,-67.63,142.41,-25.62,-50.52,-49.54
11.88,-67.71,142.1,-25.68,-50.41,-49.22
12.28,-67.65,141.75,-25.8,-50.4,-48.9
12.66,-67.5,141.42,-25.9,-50.36,-48.54
13.01,-67.35,141.12,-26.03,-50.2,-48.24
13.33,-67.3,140.84,-26.16,-49.96,-48
13.6,-67.25,140.57,-26.27,-49.77,-47.73
13.91,-67.17,140.32,-26.44,-49.53,-47.48
14.26,-67.14,140.06,-26.64,-49.31,-47.24
14.61,-67.05,139.8,-26.78,-49.16,-46.96
14.97,-66.97,139.53,-26.96,-49.01,-46.65
15.33,-66.9,139.27,-27.14,-48.87,-46.39
15.68,-66.76,139,-27.33,-48.74,-46.11
16.03,-66.54,138.75,-27.51,-48.63,-45.84
16.34,-66.46,138.5,-27.7,-48.42,-45.57
16.7,-66.36,138.23,-28.14,-48.04,-45.09
17.09,-66.17,137.95,-28.35,-47.89,-44.78
17.46,-66.06,137.69,-28.59,-47.72,-44.51
17.83,-65.93,137.42,-28.84,-47.62,-44.27
18.22,-65.63,137.14,-29.08,-47.58,-44.03
18.56,-65.31,136.92,-29.35,-47.42,-43.81
18.85,-65.14,136.71,-29.6,-47.16,-43.6
19.18,-64.97,136.52,-29.86,-46.92,-43.43
19.51,-64.81,136.35,-30.12,-46.72,-43.22
19.84,-64.7,136.18,-30.38,-46.56,-43.01
20.2,-64.5,135.99,-30.64,-46.43,-42.8
20.55,-64.18,135.82,-30.92,-46.35,-42.62
20.91,-63.85,135.66,-31.22,-46.25,-42.45
21.21,-63.52,135.51,-31.5,-46.09,-42.29
21.46,-63.32,135.39,-31.82,-45.84,-42.13
21.73,-63.26,135.26,-32.41,-45.38,-41.8
22.02,-63.14,135.1,-32.69,-45.22,-41.63
22.31,-62.88,134.96,-32.98,-45.07,-41.48
22.58,-62.63,134.82,-33.24,-44.91,-41.32
22.83,-62.48,134.7,-33.5,-44.68,-41.16
23.13,-62.29,134.58,-33.75,-44.5,-40.99
23.46,-62.07,134.41,-34.02,-44.31,-40.8
23.84,-61.82,134.23,-34.26,-44.21,-40.55
24.25,-61.57,134.03,-34.49,-44.02,-40.32
24.68,-61.28,133.82,-34.74,-43.84,-40.1
25.06,-60.96,133.62,-34.95,-43.65,-39.88
25.37,-60.77,133.45,-35.15,-43.41,-39.7
25.66,-60.64,133.29,-35.33,-43.15,-39.51
25.97,-60.48,133.12,-35.52,-42.85,-39.33
26.28,-60.33,132.97,-35.78,-42.58,-39.18
26.6,-60.12,132.81,-36.19,-42.14,-38.83
26.96,-59.91,132.65,-36.43,-41.89,-38.66
27.35,-59.7,132.5,-36.66,-41.69,-38.48
27.74,-59.44,132.36,-36.87,-41.5,-38.3
28.11,-59.2,132.19,-37.09,-41.36,-38.11
28.5,-58.94,132.01,-37.29,-41.22,-37.93
28.84,-58.7,131.83,-37.49,-40.98,-37.74
29.2,-58.43,131.65,-37.72,-40.81,-37.56
29.57,-58.17,131.49,-37.96,-40.69,-37.38
29.91,-57.85,131.33,-38.19,-40.61,-37.17
30.29,-57.5,131.14,-38.43,-40.48,-37
30.66,-57.16,130.94,-38.69,-40.32,-36.82
31.01,-56.75,130.77,-38.95,-40.11,-36.65
31.32,-56.48,130.61,-39.18,-39.94,-36.47
31.62,-56.31,130.47,-39.42,-39.72,-36.31
31.92,-56.08,130.33,-39.66,-39.53,-36.14
32.25,-55.78,130.19,-40.16,-39.24,-35.79
32.6,-55.47,130.03,-40.4,-39.05,-35.63
32.92,-55.14,129.88,-40.63,-38.84,-35.45
33.27,-54.87,129.72,-40.87,-38.63,-35.29
33.64,-54.61,129.56,-41.09,-38.43,-35.12
33.97,-54.34,129.42,-41.28,-38.24,-34.95
34.32,-54.08,129.27,-41.46,-38.08,-34.81
34.67,-53.83,129.14,-41.67,-37.88,-34.68
34.99,-53.53,129.03,-41.86,-37.64,-34.57
35.27,-53.29,128.94,-42.09,-37.42,-34.47
35.57,-53.11,128.87,-42.29,-37.17,-34.37
35.82,-52.94,128.81,-42.47,-36.95,-34.28
36.08,-52.78,128.74,-42.63,-36.73,-34.17
36.34,-52.61,128.68,-42.84,-36.5,-34.1
36.6,-52.36,128.64,-43.08,-36.29,-34.01
36.87,-52.1,128.58,-43.56,-35.86,-33.82
37.16,-51.83,128.5,-43.77,-35.64,-33.69
37.45,-51.62,128.41,-44,-35.46,-33.54
37.75,-51.37,128.29,-44.21,-35.34,-33.39
38.08,-51.07,128.15,-44.42,-35.23,-33.24
38.37,-50.8,128.03,-44.63,-35.04,-33.06
38.66,-50.6,127.89,-44.85,-34.82,-32.92
38.94,-50.39,127.75,-45.05,-34.63,-32.76
39.22,-50.15,127.61,-45.23,-34.51,-32.58
39.52,-49.95,127.46,-45.43,-34.38,-32.39
39.88,-49.72,127.28,-45.56,-34.29,-32.16
40.27,-49.46,127.11,-45.72,-34.15,-31.96
40.68,-49.17,126.94,-45.94,-33.99,-31.74
41.05,-48.95,126.77,-46.15,-33.86,-31.47
41.4,-48.73,126.59,-46.38,-33.73,-31.27
41.79,-48.39,126.39,-46.57,-33.61,-31.08
42.13,-48.05,126.21,-46.93,-33.41,-30.72
42.45,-47.73,126.05,-47.1,-33.28,-30.55
42.77,-47.44,125.91,-47.3,-33.13,-30.4
43.11,-47.13,125.77,-47.49,-32.98,-30.24
43.45,-46.87,125.65,-47.67,-32.85,-30.09
43.79,-46.62,125.5,-47.89,-32.71,-29.94
44.19,-46.27,125.35,-48.08,-32.57,-29.73
44.59,-45.92,125.19,-48.32,-32.39,-29.6
44.98,-45.55,125.05,-48.55,-32.18,-29.46
45.29,-45.23,124.93,-48.75,-31.95,-29.32
45.59,-44.95,124.81,-48.96,-31.7,-29.22
45.88,-44.72,124.72,-49.22,-31.41,-29.1
46.18,-44.49,124.64,-49.46,-31.12,-28.94
46.47,-44.36,124.55,-49.64,-30.83,-28.77
46.76,-44.25,124.48,-49.86,-30.49,-28.64
47.11,-44.05,124.37,-50.08,-30.19,-28.46
47.44,-43.83,124.25,-50.6,-29.72,-28.17
47.76,-43.55,124.12,-50.86,-29.54,-28.01
48.07,-43.23,123.97,-51.11,-29.38,-27.87
48.36,-42.9,123.83,-51.32,-29.2,-27.71
48.62,-42.59,123.68,-51.55,-29.03,-27.55
48.91,-42.27,123.55,-51.82,-28.87,-27.42
49.23,-41.89,123.39,-52.07,-28.78,-27.27
49.58,-41.39,123.24,-52.38,-28.67,-27.11
49.89,-40.97,123.07,-52.65,-28.49,-26.92
50.16,-40.68,122.91,-52.92,-28.27,-26.76
50.47,-40.39,122.75,-53.22,-28.06,-26.58
50.8,-40.05,122.58,-53.49,-27.89,-26.39
51.14,-39.7,122.38,-53.75,-27.73,-26.16
51.5,-39.33,122.15,-54.01,-27.57,-25.91
51.88,-38.91,121.9,-54.27,-27.4,-25.69
52.24,-38.49,121.62,-54.52,-27.23,-25.44
52.6,-38.16,121.38,-54.99,-26.82,-24.97
52.97,-37.84,121.12,-55.21,-26.6,-24.74
53.35,-37.42,120.88,-55.47,-26.46,-24.51
53.72,-37.04,120.64,-55.7,-26.28,-24.26
54.06,-36.77,120.41,-55.91,-26.09,-24.02
54.39,-36.54,120.19,-56.07,-25.85,-23.82
54.75,-36.25,120.01,-56.31,-25.59,-23.65
55.1,-35.97,119.84,-56.52,-25.36,-23.42
55.42,-35.69,119.69,-56.72,-25.16,-23.23
55.7,-35.48,119.55,-56.93,-24.92,-23.09
55.97,-35.24,119.41,-57.19,-24.7,-22.91
56.28,-34.95,119.28,-57.45,-24.49,-22.8
56.52,-34.66,119.16,-57.68,-24.27,-22.65
56.74,-34.46,119.06,-57.9,-23.95,-22.47
56.98,-34.28,118.98,-58.11,-23.68,-22.33
57.21,-34.12,118.89,-58.31,-23.39,-22.16
57.46,-33.9,118.8,-58.75,-22.97,-21.89
57.74,-33.66,118.71,-58.99,-22.75,-21.77
58.04,-33.44,118.62,-59.26,-22.52,-21.68
58.29,-33.2,118.52,-59.47,-22.36,-21.58
58.53,-32.93,118.44,-59.71,-22.15,-21.5
58.71,-32.72,118.38,-59.94,-21.92,-21.43
58.84,-32.56,118.34,-60.15,-21.68,-21.31
58.92,-32.47,118.32,-60.34,-21.42,-21.27
59.02,-32.4,118.34,-60.57,-21.15,-21.24
59.09,-32.33,118.37,-60.74,-20.91,-21.21
59.17,-32.23,118.42,-61,-20.68,-21.24
59.25,-32.1,118.47,-61.24,-20.46,-21.27
59.25,-32.01,118.52,-61.42,-20.24,-21.26
59.28,-31.94,118.58,-61.64,-20,-21.28
59.31,-31.85,118.63,-61.86,-19.77,-21.27
59.34,-31.73,118.68,-62.06,-19.56,-21.27
59.38,-31.64,118.72,-62.55,-19.16,-21.29
59.4,-31.56,118.77,-62.76,-18.97,-21.28
59.42,-31.46,118.8,-62.98,-18.81,-21.3
59.46,-31.34,118.83,-63.2,-18.62,-21.29
59.46,-31.26,118.86,-63.37,-18.47,-21.28
59.47,-31.21,118.91,-63.57,-18.32,-21.3
59.47,-31.17,118.94,-63.77,-18.15,-21.3
59.49,-31.05,118.98,-63.97,-18.03,-21.31
59.5,-30.96,119.02,-64.15,-17.85,-21.34
59.5,-30.9,119.07,-64.34,-17.65,-21.35
59.48,-30.87,119.12,-64.51,-17.47,-21.36
59.47,-30.84,119.17,-64.68,-17.32,-21.38
59.48,-30.79,119.22,-64.88,-17.16,-21.39
59.47,-30.72,119.26,-65.03,-16.95,-21.39
59.45,-30.7,119.3,-65.2,-16.76,-21.42
59.43,-30.71,119.36,-65.38,-16.56,-21.44
59.41,-30.71,119.43,-65.64,-16.19,-21.48
59.39,-30.73,119.5,-65.77,-16,-21.5
59.38,-30.75,119.57,-65.91,-15.8,-21.53
59.36,-30.76,119.65,-66.01,-15.62,-21.56
59.38,-30.78,119.74,-66.12,-15.44,-21.58
59.38,-30.8,119.81,-66.2,-15.26,-21.61
59.39,-30.78,119.89,-66.29,-15.09,-21.64
59.37,-30.84,119.96,-66.37,-14.93,-21.65
59.35,-30.9,120.03,-66.46,-14.77,-21.66
59.36,-30.93,120.1,-66.57,-14.59,-21.7
59.37,-30.93,120.17,-66.67,-14.47,-21.72
59.35,-30.96,120.24,-66.76,-14.37,-21.74
59.32,-31.02,120.3,-66.82,-14.27,-21.77
59.28,-31.05,120.38,-66.89,-14.17,-21.79
59.24,-31.1,120.46,-66.95,-14.07,-21.82
59.24,-31.14,120.54,-67.11,-13.98,-21.88
59.26,-31.11,120.62,-67.19,-13.99,-21.9
59.25,-31.07,120.69,-67.27,-13.94,-21.93
59.24,-31.08,120.76,-67.33,-13.9,-21.95
59.25,-31.02,120.82,-67.36,-13.89,-21.96
59.23,-31.01,120.88,-67.41,-13.89,-21.97
59.23,-31.01,120.94,-67.49,-13.88,-21.99
59.26,-30.94,120.99,-67.57,-13.87,-22
59.26,-30.89,121.03,-67.62,-13.81,-22
59.2,-30.93,121.08,-67.66,-13.75,-22
59.16,-30.97,121.14,-67.72,-13.69,-22.03
59.17,-30.95,121.21,-67.78,-13.63,-22.05
59.16,-30.94,121.29,-67.81,-13.58,-22.08
59.19,-30.97,121.37,-67.86,-13.5,-22.11
59.23,-30.97,121.45,-67.91,-13.43,-22.14
59.22,-30.98,121.54,-67.96,-13.39,-22.18
59.18,-31.05,121.61,-68,-13.3,-22.23
59.17,-31.09,121.68,-68.08,-13.25,-22.27
59.17,-31.06,121.75,-68.1,-13.22,-22.29
59.14,-31.05,121.82,-68.14,-13.2,-22.32
59.11,-31.12,121.89,-68.18,-13.14,-22.37
59.08,-31.17,121.98,-68.22,-13.09,-22.41
59.06,-31.18,122.07,-68.26,-13.07,-22.45
59.03,-31.22,122.15,-68.27,-13.05,-22.5
59.02,-31.22,122.24,-68.28,-13.03,-22.54
59.02,-31.18,122.32,-68.33,-12.99,-22.59
59.02,-31.2,122.4,-68.35,-12.98,-22.63
59,-31.25,122.47,-68.37,-12.98,-22.67
58.99,-31.24,122.54,-68.36,-12.98,-22.68
58.97,-31.24,122.6,-68.38,-13.01,-22.71
58.98,-31.21,122.64,-68.4,-13.04,-22.73
58.98,-31.17,122.69,-68.42,-13.06,-22.74
58.96,-31.19,122.75,-68.44,-13.11,-22.78
58.95,-31.21,122.81,-68.46,-13.15,-22.81
58.99,-31.18,122.87,-68.47,-13.15,-22.82
59.02,-31.17,122.93,-68.49,-13.17,-22.84
59.02,-31.17,122.99,-68.51,-13.21,-22.85
59.04,-31.16,123.04,-68.58,-13.23,-22.87
59.05,-31.14,123.1,-68.59,-13.22,-22.88
59.02,-31.12,123.15,-68.61,-13.19,-22.89
58.98,-31.18,123.22,-68.63,-13.15,-22.92
58.99,-31.21,123.28,-68.69,-13.11,-22.94
59.01,-31.19,123.34,-68.72,-13.09,-22.96
58.95,-31.23,123.41,-68.72,-13.07,-22.96
