-5.28,72.93,93.02,-1.15,-12.28,0.01
-5.29,72.95,93.03,-1.43,-15.04,-0.01
-5.29,72.96,93.05,-1.67,-17.72,-0.02
-5.28,72.97,93.05,-2.11,-22.75,-0.02
-5.27,72.98,93.07,-2.7,-29.55,0.04
-5.26,72.98,93.1,-3.08,-33.6,0.12
-5.23,72.94,93.15,-3.46,-37.34,0.16
-5.32,72.9,93.17,-3.72,-40.83,0.21
-5.36,72.9,93.2,-3.94,-44.01,0.25
-5.45,72.89,93.22,-4.23,-46.94,0.26
-5.45,72.89,93.24,-4.48,-49.65,0.26
-5.55,72.89,93.24,-4.8,-53.32,0.23
-5.6,72.89,93.24,-4.95,-55.56,0.22
-5.67,72.89,93.25,-5.08,-57.59,0.24
-5.77,72.89,93.26,-5.25,-59.44,0.26
-5.75,72.92,93.28,-5.44,-61.12,0.3
-5.71,72.94,93.33,-5.71,-62.66,0.31
-5.73,72.92,93.37,-6.08,-64.83,0.32
-5.7,72.95,93.41,-6.31,-66.14,0.29
-5.72,73,93.45,-6.53,-67.36,0.26
-5.68,73.01,93.47,-6.7,-68.48,0.25
-5.72,73.01,93.51,-6.85,-69.53,0.24
-5.75,73.01,93.55,-6.93,-70.49,0.24
-5.81,73.03,93.59,-7.03,-71.36,0.23
-5.83,73.05,93.6,-7.16,-72.54,0.22
-5.84,73.09,93.62,-7.24,-73.27,0.21
-5.81,73.11,93.66,-7.27,-73.92,0.19
-5.89,73.1,93.68,-7.3,-74.53,0.18
-5.93,73.11,93.71,-7.35,-75.09,0.17
-5.93,73.14,93.75,-7.4,-75.61,0.18
-5.9,73.17,93.79,-7.48,-76.34,0.18
-5.98,73.17,93.84,-7.48,-76.82,0.17
-6.08,73.18,93.88,-7.46,-77.26,0.16
-6.2,73.19,93.92,-7.51,-77.62,0.13
-6.19,73.2,93.95,-7.57,-77.97,0.1
-6.22,73.21,93.98,-7.66,-78.26,0.05
-6.26,73.22,94,-7.75,-78.58,-0
-6.25,73.22,94.03,-7.81,-79.02,-0.09
-6.25,73.24,94.06,-7.9,-79.3,-0.18
-6.22,73.24,94.08,-7.89,-79.57,-0.22
-6.29,73.25,94.11,-7.8,-79.78,-0.24
-6.32,73.26,94.14,-7.75,-79.95,-0.23
-6.26,73.26,94.16,-7.7,-80.11,-0.2
-6.23,73.24,94.2,-7.6,-80.29,-0.13
-6.25,73.2,94.24,-7.41,-80.48,-0.01
-6.23,73.17,94.27,-7.35,-80.55,0.01
-6.32,73.16,94.29,-7.29,-80.65,0.05
-6.26,73.17,94.31,-7.26,-80.74,0.07
-6.27,73.17,94.32,-7.25,-80.84,0.07
-6.26,73.18,94.34,-7.2,-80.92,0.09
-6.27,73.18,94.37,-7.2,-81.02,0.14
-6.24,73.18,94.4,-7.2,-81.11,0.18
-6.19,73.2,94.45,-7.26,-81.13,0.21
-6.17,73.21,94.48,-7.32,-81.2,0.26
-6.11,73.21,94.52,-7.33,-81.27,0.32
-6.12,73.18,94.57,-7.36,-81.32,0.37
-6.15,73.18,94.61,-7.39,-81.39,0.38
-6.2,73.22,94.65,-7.44,-81.47,0.37
-6.21,73.24,94.69,-7.46,-81.48,0.4
-6.18,73.24,94.7,-7.55,-81.44,0.4
-6.19,73.22,94.7,-7.61,-81.44,0.39
-6.16,73.2,94.71,-7.62,-81.46,0.39
-6.22,73.19,94.73,-7.58,-81.5,0.4
-6.27,73.2,94.76,-7.56,-81.55,0.42
-6.29,73.22,94.8,-7.53,-81.59,0.44
-6.3,73.23,94.84,-7.52,-81.61,0.48
-6.35,73.23,94.89,-7.53,-81.59,0.52
-6.37,73.24,94.93,-7.6,-81.61,0.52
-6.37,73.26,94.96,-7.57,-81.67,0.53
-6.39,73.27,95.01,-7.66,-81.65,0.52
-6.35,73.28,95.05,-7.78,-81.66,0.49
-6.3,73.31,95.08,-7.91,-81.64,0.48
-6.28,73.35,95.12,-7.97,-81.67,0.46
-6.24,73.35,95.16,-7.98,-81.68,0.47
-6.2,73.37,95.21,-8.09,-81.68,0.47
-6.15,73.36,95.25,-8.12,-81.71,0.47
-6.18,73.37,95.29,-8.2,-81.71,0.45
-6.2,73.35,95.32,-8.16,-81.76,0.45
-6.22,73.33,95.34,-8.06,-81.75,0.45
-6.33,73.28,95.34,-7.88,-81.76,0.45
-6.4,73.29,95.36,-7.79,-81.72,0.46
-6.44,73.29,95.37,-7.74,-81.74,0.46
-6.42,73.31,95.39,-7.76,-81.68,0.43
-6.44,73.3,95.41,-7.96,-81.66,0.37
-6.37,73.31,95.46,-8.11,-81.68,0.34
-6.35,73.33,95.51,-8.24,-81.69,0.32
-6.28,73.39,95.58,-8.29,-81.72,0.33
-6.23,73.37,95.63,-8.31,-81.71,0.34
-6.22,73.39,95.68,-8.39,-81.77,0.32
-6.26,73.37,95.71,-8.3,-81.86,0.32
-6.26,73.37,95.74,-8.15,-81.86,0.37
-6.25,73.36,95.76,-8.1,-81.85,0.39
-6.21,73.36,95.79,-8.07,-81.86,0.39
-6.24,73.34,95.81,-7.97,-81.86,0.42
-6.18,73.34,95.83,-7.97,-81.86,0.41
-6.16,73.35,95.85,-7.95,-81.88,0.42
-6.16,73.34,95.86,-7.91,-81.88,0.43
-6.12,73.32,95.9,-7.87,-81.89,0.46
-6.11,73.31,95.93,-7.85,-81.9,0.49
-6.08,73.3,95.98,-7.88,-81.91,0.52
-6.09,73.3,96.03,-7.87,-81.91,0.58
-6.04,73.28,96.09,-7.97,-81.86,0.63
-6.03,73.28,96.15,-8.02,-81.87,0.68
-6.09,73.27,96.21,-8.03,-81.86,0.74
-6.03,73.27,96.26,-8.06,-81.81,0.79
-6.03,73.27,96.31,-8.11,-81.76,0.81
-6.03,73.25,96.34,-8.13,-81.74,0.84
-6.03,73.26,96.39,-8.14,-81.71,0.86
-6.06,73.26,96.41,-8.2,-81.66,0.86
-6,73.27,96.43,-8.2,-81.6,0.85
-5.99,73.26,96.45,-8.18,-81.59,0.87
-6,73.27,96.48,-8.17,-81.57,0.88
-5.98,73.29,96.51,-8.19,-81.53,0.9
-5.95,73.32,96.55,-8.22,-81.49,0.92
-5.87,73.34,96.6,-8.29,-81.44,0.96
-5.83,73.37,96.66,-8.42,-81.43,0.96
-5.8,73.4,96.72,-8.53,-81.44,0.98
-5.84,73.38,96.77,-8.5,-81.52,1.02
-5.85,73.39,96.84,-8.48,-81.54,1.06
-5.88,73.41,96.91,-8.53,-81.52,1.08
-5.87,73.44,96.94,-8.53,-81.55,1.11
-5.82,73.47,97.01,-8.56,-81.55,1.12
-5.85,73.48,97.05,-8.55,-81.55,1.15
-5.8,73.48,97.11,-8.6,-81.48,1.18
-5.75,73.48,97.15,-8.72,-81.47,1.15
-5.73,73.47,97.17,-8.71,-81.52,1.13
-5.72,73.5,97.22,-8.7,-81.51,1.1
-5.72,73.51,97.25,-8.75,-81.48,1.08
-5.65,73.5,97.27,-8.73,-81.48,1.07
-5.67,73.5,97.3,-8.68,-81.48,1.06
-5.69,73.51,97.32,-8.61,-81.46,1.05
-5.73,73.49,97.33,-8.57,-81.44,1.04
-5.73,73.47,97.35,-8.54,-81.4,1.04
-5.78,73.44,97.37,-8.48,-81.37,1.04
-5.81,73.42,97.39,-8.48,-81.34,1.03
-5.75,73.41,97.42,-8.48,-81.32,1.03
-5.79,73.38,97.44,-8.49,-81.31,1.02
-5.8,73.35,97.47,-8.51,-81.28,1.02
-5.79,73.36,97.49,-8.54,-81.26,1.02
-5.81,73.33,97.52,-8.52,-81.25,1.02
-5.84,73.34,97.55,-8.5,-81.24,1.03
-5.84,73.35,97.58,-8.53,-81.21,1.02
-5.84,73.35,97.59,-8.53,-81.2,1.04
-5.76,73.34,97.63,-8.59,-81.19,1.03
-5.83,73.31,97.64,-8.52,-81.21,1.05
-5.83,73.31,97.68,-8.44,-81.18,1.07
-5.87,73.31,97.68,-8.41,-81.12,1.09
-5.77,73.31,97.7,-8.4,-81.08,1.1
-5.78,73.29,97.71,-8.39,-81.06,1.12
-5.77,73.31,97.73,-8.36,-81.05,1.13
-5.76,73.31,97.75,-8.37,-81.05,1.13
-5.71,73.31,97.77,-8.42,-81.05,1.12
-5.69,73.34,97.8,-8.4,-81.07,1.13
-5.7,73.37,97.83,-8.41,-81.08,1.14
-5.74,73.42,97.87,-8.44,-81.12,1.12
-5.65,73.48,97.91,-8.56,-81.16,1.09
-5.65,73.51,97.96,-8.54,-81.23,1.15
-5.66,73.51,98,-8.58,-81.25,1.2
-5.76,73.47,98.04,-8.43,-81.26,1.26
-5.78,73.46,98.07,-8.45,-81.17,1.28
-5.76,73.44,98.08,-8.41,-81.18,1.27
-5.78,73.41,98.09,-8.32,-81.14,1.24
-5.83,73.43,98.09,-8.32,-81.14,1.18
-5.75,73.45,98.09,-8.32,-81.16,1.16
-5.77,73.44,98.11,-8.28,-81.16,1.13
-5.83,73.43,98.11,-8.21,-81.16,1.12
-5.84,73.42,98.11,-8.11,-81.18,1.1
-5.87,73.39,98.1,-8.08,-81.17,1.07
-5.96,73.4,98.09,-8.02,-81.2,1.02
-6.02,73.39,98.09,-7.93,-81.27,0.96
-6.08,73.37,98.1,-7.89,-81.27,0.94
-6.08,73.39,98.11,-7.86,-81.29,0.93
-6.14,73.38,98.13,-7.86,-81.29,0.92
-6.15,73.37,98.13,-7.86,-81.29,0.89
-6.15,73.39,98.14,-7.94,-81.29,0.87
-6.13,73.4,98.16,-7.92,-81.31,0.85
-6.17,73.37,98.16,-7.96,-81.25,0.8
-6.27,73.38,98.15,-7.96,-81.25,0.77
-6.15,73.38,98.18,-8.01,-81.19,0.78
-6.17,73.32,98.21,-8.07,-81.17,0.78
-6.26,73.3,98.22,-7.99,-81.25,0.77
-6.31,73.3,98.23,-8,-81.23,0.74
-6.37,73.32,98.21,-7.98,-81.29,0.69
-6.36,73.32,98.21,-7.99,-81.26,0.67
-6.38,73.29,98.22,-8.05,-81.3,0.62
-6.44,73.3,98.25,-8,-81.37,0.6
-6.51,73.32,98.28,-7.92,-81.43,0.63
-6.59,73.33,98.35,-7.89,-81.48,0.67
-6.64,73.32,98.39,-7.84,-81.53,0.71
-6.73,73.3,98.42,-7.79,-81.58,0.73
-6.84,73.29,98.44,-7.67,-81.64,0.76
-6.94,73.29,98.49,-7.64,-81.67,0.76
-6.99,73.3,98.52,-7.61,-81.69,0.78
-6.98,73.33,98.56,-7.62,-81.67,0.81
-6.96,73.33,98.59,-7.68,-81.64,0.82
-6.9,73.34,98.63,-7.77,-81.61,0.85
-6.84,73.33,98.65,-7.79,-81.59,0.87
-6.82,73.31,98.67,-7.76,-81.58,0.87
-6.86,73.32,98.69,-7.75,-81.57,0.9
-6.81,73.34,98.73,-7.73,-81.53,0.96
-6.75,73.33,98.76,-7.75,-81.5,1.02
-6.73,73.33,98.78,-7.83,-81.43,1.05
-6.75,73.33,98.82,-7.77,-81.45,1.07
-6.8,73.36,98.87,-7.77,-81.47,1.09
-6.86,73.39,98.91,-7.78,-81.45,1.1
-6.86,73.45,98.96,-7.85,-81.4,1.12
-6.74,73.49,98.97,-8.09,-81.36,1.09
-6.67,73.51,98.97,-8.3,-81.4,0.99
-6.73,73.51,98.99,-8.14,-81.47,0.94
-6.86,73.49,99.02,-8.09,-81.46,0.95
-6.84,73.53,99.03,-8.06,-81.51,0.91
-6.82,73.54,99.05,-7.99,-81.55,0.89
-6.91,73.54,99.05,-7.96,-81.57,0.87
-6.87,73.58,99.08,-8.02,-81.59,0.82
-6.9,73.58,99.1,-8.03,-81.65,0.79
-6.88,73.57,99.13,-8.11,-81.71,0.71
-6.83,73.53,99.16,-8.16,-81.79,0.61
-6.86,73.53,99.18,-8.03,-81.92,0.52
-6.95,73.53,99.17,-7.98,-81.95,0.45
-6.93,73.53,99.17,-7.9,-81.96,0.4
-6.9,73.51,99.17,-7.88,-81.97,0.37
-6.97,73.46,99.18,-7.8,-82.03,0.37
-7.04,73.43,99.21,-7.69,-82.07,0.38
-7.04,73.41,99.24,-7.7,-82.08,0.37
-7.01,73.4,99.27,-7.67,-82.08,0.38
-7.04,73.37,99.29,-7.65,-82.09,0.36
-7.05,73.34,99.3,-7.57,-82.1,0.35
-7.04,73.33,99.32,-7.54,-82.1,0.32
-7.07,73.33,99.33,-7.52,-82.15,0.27
-7.05,73.32,99.35,-7.4,-82.15,0.28
-7.1,73.26,99.36,-7.26,-82.13,0.3
-7.13,73.2,99.39,-7.21,-82.1,0.29
-7.15,73.18,99.4,-7.12,-82.2,0.27
-7.31,73.15,99.42,-6.94,-82.26,0.26
-7.37,73.12,99.43,-6.85,-82.27,0.25
-7.42,73.09,99.44,-6.89,-82.3,0.2
-7.45,73.07,99.45,-6.83,-82.35,0.18
-7.54,73.03,99.47,-6.82,-82.34,0.14
-7.52,73,99.48,-6.85,-82.36,0.1
-7.54,72.94,99.47,-6.83,-82.41,0.05
-7.67,72.91,99.46,-6.78,-82.5,-0.01
-7.74,72.93,99.46,-6.86,-82.59,0.01
-7.7,72.91,99.51,-6.9,-82.57,0.08
-7.71,72.85,99.55,-7.1,-82.5,0.1
-7.67,72.79,99.58,-7.22,-82.51,0.09
-7.68,72.78,99.62,-7.18,-82.57,0.11
-7.69,72.76,99.68,-7.27,-82.57,0.11
-7.7,72.74,99.72,-7.29,-82.56,0.14
-7.71,72.74,99.77,-7.36,-82.55,0.17
-7.75,72.74,99.83,-7.42,-82.52,0.22
-7.67,72.75,99.9,-7.52,-82.47,0.28
-7.65,72.73,99.96,-7.55,-82.45,0.36
-7.63,72.71,100.03,-7.51,-82.46,0.42
-7.68,72.72,100.08,-7.46,-82.44,0.48
-7.67,72.72,100.13,-7.45,-82.36,0.52
-7.64,72.73,100.15,-7.49,-82.35,0.54
-7.62,72.75,100.18,-7.46,-82.36,0.55
-7.61,72.75,100.22,-7.46,-82.34,0.56
-7.66,72.76,100.25,-7.5,-82.35,0.55
-7.62,72.76,100.27,-7.43,-82.37,0.57
-7.61,72.74,100.3,-7.45,-82.33,0.59
-7.59,72.74,100.32,-7.44,-82.32,0.69
-7.55,72.72,100.36,-7.33,-82.31,0.79
-7.58,72.69,100.39,-7.4,-82.22,0.84
-7.53,72.66,100.42,-7.47,-82.21,0.85
-7.56,72.62,100.45,-7.44,-82.22,0.88
-7.6,72.63,100.5,-7.4,-82.21,0.91
-7.63,72.63,100.53,-7.44,-82.21,0.91
-7.62,72.67,100.57,-7.45,-82.21,0.92
-7.66,72.67,100.62,-7.43,-82.22,0.94
-7.72,72.68,100.66,-7.42,-82.19,0.98
-7.71,72.69,100.7,-7.45,-82.15,1
-7.7,72.69,100.75,-7.45,-82.13,1.05
-7.71,72.7,100.8,-7.41,-82.1,1.12
-7.7,72.71,100.84,-7.48,-82,1.18
-7.67,72.71,100.88,-7.54,-81.98,1.21
-7.63,72.73,100.93,-7.62,-81.91,1.21
-7.62,72.78,100.96,-7.71,-81.9,1.2
-7.56,72.79,100.99,-7.74,-81.89,1.21
-7.57,72.79,101.03,-7.82,-81.84,1.18
-7.55,72.84,101.05,-7.87,-81.79,1.18
-7.5,72.85,101.08,-8,-81.73,1.14
-7.48,72.87,101.11,-8.09,-81.72,1.1
-7.46,72.9,101.11,-8.12,-81.71,1.07
-7.37,72.91,101.14,-8.2,-81.7,1.03
-7.37,72.91,101.17,-8.26,-81.74,0.96
-7.44,72.93,101.22,-8.23,-81.77,0.95
-7.44,72.93,101.26,-8.22,-81.76,0.99
-7.44,72.91,101.29,-8.21,-81.78,1
-7.51,72.91,101.33,-8.2,-81.82,0.98
-7.62,72.88,101.37,-8,-81.9,1.01
-7.73,72.84,101.41,-7.89,-81.89,1.02
-7.79,72.84,101.42,-7.9,-81.87,1.01
-7.8,72.83,101.46,-7.92,-81.85,0.97
-7.83,72.84,101.48,-7.92,-81.87,0.95
-7.76,72.86,101.52,-7.92,-81.85,0.94
-7.68,72.86,101.54,-7.93,-81.84,0.95
-7.59,72.86,101.57,-7.93,-81.86,0.96
-7.53,72.89,101.6,-7.96,-81.86,0.96
-7.47,72.9,101.63,-8.04,-81.85,0.95
-7.42,72.91,101.66,-8.01,-81.9,0.95
-7.37,72.9,101.69,-8.02,-81.88,0.96
-7.31,72.91,101.73,-8.02,-81.92,0.96
-7.29,72.91,101.76,-8.03,-81.91,0.96
-7.3,72.88,101.77,-8,-81.89,0.96
-7.31,72.89,101.8,-7.99,-81.89,0.94
-7.31,72.86,101.82,-7.98,-81.91,0.93
-7.32,72.89,101.85,-7.99,-81.92,0.91
-7.35,72.87,101.88,-7.94,-81.92,0.94
-7.31,72.88,101.92,-7.91,-81.91,0.95
-7.36,72.84,101.96,-7.9,-81.92,0.96
-7.39,72.86,102,-7.91,-81.91,0.98
-7.34,72.85,102.03,-7.87,-81.89,1.01
-7.37,72.83,102.05,-7.9,-81.83,1
-7.37,72.83,102.08,-7.93,-81.82,0.99
-7.31,72.84,102.09,-7.91,-81.82,1.01
-7.28,72.81,102.13,-7.88,-81.79,0.99
-7.4,72.79,102.13,-7.84,-81.81,0.99
-7.41,72.8,102.17,-7.79,-81.81,0.97
-7.41,72.81,102.2,-7.81,-81.78,0.97
-7.43,72.8,102.23,-7.83,-81.78,0.94
-7.43,72.82,102.26,-7.78,-81.81,0.94
-7.48,72.81,102.31,-7.75,-81.78,0.92
-7.45,72.84,102.32,-7.79,-81.8,0.91
-7.41,72.84,102.35,-7.69,-81.78,0.95
-7.42,72.8,102.37,-7.73,-81.74,0.98
-7.45,72.77,102.4,-7.56,-81.77,1.01
-7.59,72.77,102.44,-7.55,-81.75,1
-7.61,72.82,102.45,-7.56,-81.73,1.01
-7.47,72.83,102.47,-7.6,-81.68,1.05
-7.51,72.79,102.5,-7.62,-81.64,1.06
-7.5,72.79,102.53,-7.59,-81.69,1.08
-7.55,72.8,102.58,-7.51,-81.78,1.11
-7.64,72.79,102.64,-7.44,-81.79,1.14
-7.68,72.81,102.68,-7.52,-81.78,1.13
-7.59,72.85,102.73,-7.6,-81.82,1.12
-7.59,72.82,102.78,-7.56,-81.84,1.14
-7.55,72.85,102.83,-7.7,-81.78,1.09
-7.5,72.87,102.85,-7.54,-81.85,1.17
-7.48,72.84,102.89,-7.43,-81.81,1.26
-7.55,72.8,102.92,-7.31,-81.76,1.32
-7.67,72.8,102.92,-7.19,-81.78,1.36
-7.68,72.84,102.93,-7.16,-81.79,1.41
-7.72,72.83,102.97,-7.11,-81.79,1.49
-7.83,72.83,103.01,-7,-81.74,1.6
-7.81,72.83,103.06,-7.16,-81.5,1.69
-7.76,72.83,103.08,-7.31,-81.45,1.73
-7.71,72.85,103.14,-7.43,-81.43,1.76
-7.76,72.87,103.21,-7.53,-81.42,1.78
-7.69,72.9,103.27,-7.74,-81.36,1.78
-7.61,72.93,103.3,-7.95,-81.3,1.78
-7.55,72.96,103.35,-8.02,-81.32,1.79
-7.53,73,103.4,-8.1,-81.32,1.82
-7.54,73.06,103.46,-8.15,-81.36,1.84
-7.54,73.09,103.52,-8.14,-81.36,1.9
-7.5,73.12,103.59,-8.17,-81.36,2
-7.51,73.14,103.68,-8.27,-81.37,2.09
-7.44,73.15,103.76,-8.28,-81.36,2.2
-7.47,73.12,103.83,-8.07,-81.25,2.32
-7.57,73.13,103.85,-8.04,-81.17,2.34
-7.53,73.2,103.88,-8.15,-81.1,2.32
-7.44,73.25,103.89,-8.2,-81.07,2.31
-7.37,73.26,103.92,-8.32,-80.97,2.3
-7.35,73.3,103.94,-8.39,-80.94,2.34
