-1.82,74.03,327.76,-1.55,-20.79,-0.13
-1.81,74.01,327.81,-1.91,-25.67,-0.18
-1.74,73.95,327.84,-2.26,-30.21,-0.25
-1.7,73.92,327.9,-2.49,-34.46,-0.29
-1.68,73.91,327.96,-2.7,-38.34,-0.33
-1.64,73.94,328.01,-3.1,-43.66,-0.45
-1.63,73.97,328.08,-3.26,-46.85,-0.5
-1.65,73.99,328.13,-3.47,-49.76,-0.55
-1.64,74.01,328.19,-3.62,-52.45,-0.59
-1.67,73.99,328.24,-3.75,-54.93,-0.62
-1.67,73.94,328.31,-3.86,-57.2,-0.64
-1.69,73.9,328.35,-3.98,-59.32,-0.68
-1.7,73.89,328.4,-4.09,-62.2,-0.74
-1.72,73.89,328.45,-4.2,-63.91,-0.79
-1.72,73.88,328.5,-4.28,-65.53,-0.84
-1.73,73.91,328.57,-4.35,-67.02,-0.86
-1.73,73.91,328.65,-4.43,-68.38,-0.86
-1.7,73.91,328.71,-4.57,-69.65,-0.85
-1.7,73.92,328.82,-4.7,-71.42,-0.76
-1.73,73.85,328.94,-4.9,-72.52,-0.61
-1.7,73.83,329.07,-5.22,-73.52,-0.4
-1.62,73.82,329.26,-5.74,-74.5,-0.05
-1.55,73.77,329.56,-6.08,-75.42,0.49
-1.59,73.58,330,-6.24,-76.08,1.23
-1.53,73.36,330.41,-6.66,-76.5,2.06
-1.56,73.09,330.84,-7.15,-77.04,3.34
-1.53,72.87,331.25,-7.46,-77.29,4.11
-1.61,72.72,331.55,-7.74,-77.71,4.82
-1.75,72.62,331.85,-7.7,-78.1,5.53
-1.88,72.55,332.15,-7.85,-78.43,6.15
-2.05,72.62,332.44,-8.11,-78.67,6.68
-2.09,72.7,332.72,-8.63,-78.93,7.49
-2.06,72.76,333.03,-9.01,-78.9,8.08
-1.93,72.8,333.34,-9.37,-78.73,8.69
-1.75,72.84,333.63,-9.81,-78.44,9.31
-1.48,72.85,333.86,-10.4,-78.01,9.98
-1.15,72.85,334.08,-10.99,-77.52,10.62
-0.79,72.84,334.31,-11.59,-76.94,11.27
-0.35,72.8,334.51,-12.8,-75.96,12.18
0.03,72.81,334.69,-13.53,-75.42,12.71
0.39,72.82,334.86,-14.16,-74.88,13.27
0.79,72.83,335.07,-14.87,-74.3,13.76
1.19,72.86,335.27,-15.49,-73.84,14.22
1.44,72.95,335.47,-15.89,-73.43,14.69
1.79,72.97,335.67,-16.27,-72.92,15.21
2.15,73.02,335.89,-17.03,-72.2,15.97
2.56,73.03,336.13,-17.52,-71.73,16.47
2.9,73.03,336.37,-17.97,-71.27,16.98
3.23,73,336.63,-18.53,-70.74,17.47
3.61,72.99,336.87,-19.19,-70.22,17.92
3.97,73,337.08,-19.97,-69.77,18.33
4.24,73.07,337.25,-20.91,-69.18,18.73
4.6,73.14,337.41,-21.47,-68.72,18.87
5,73.19,337.54,-22.04,-68.31,19.02
5.44,73.18,337.68,-22.36,-67.84,19.2
5.94,73.08,337.92,-22.59,-67.28,19.4
6.27,72.94,338.29,-22.86,-66.8,19.66
6.67,72.81,338.64,-23.23,-66.4,19.93
7.08,72.64,338.97,-23.77,-65.92,20.52
7.35,72.52,339.27,-24.28,-65.74,21.05
7.59,72.28,339.41,-24.5,-65.68,21.6
7.59,72.03,339.68,-24.69,-65.5,22.15
7.8,71.77,340.01,-25.06,-65.24,22.61
8.01,71.56,340.32,-25.47,-64.92,23.06
8.39,71.34,340.64,-25.9,-64.66,23.49
8.66,71.13,340.97,-26.46,-64.19,24.13
8.89,70.91,341.26,-26.8,-63.83,24.59
9.25,70.59,341.54,-27.28,-63.3,25.02
9.91,70.25,341.78,-27.99,-62.78,25.42
10.53,69.99,341.99,-28.63,-62.37,25.75
11.04,69.77,342.22,-29.09,-61.95,26.06
11.36,69.58,342.47,-29.49,-61.3,26.33
11.68,69.38,342.72,-29.72,-60.74,26.44
12.17,69.09,342.98,-30.01,-60.11,26.53
12.57,68.79,343.25,-30.28,-59.57,26.62
12.98,68.47,343.48,-30.55,-59.11,26.77
13.23,68.26,343.65,-30.83,-58.82,26.85
13.64,68.09,343.77,-31.16,-58.65,26.89
14.03,67.96,343.93,-31.36,-58.45,26.9
14.35,67.79,344.12,-31.46,-58.26,26.96
14.58,67.55,344.28,-31.64,-58.01,27.09
14.87,67.21,344.44,-31.87,-57.7,27.24
15.15,66.94,344.62,-32.13,-57.42,27.37
15.49,66.68,344.75,-32.45,-57.13,27.51
15.95,66.37,344.86,-32.9,-56.81,27.66
16.37,66.07,344.99,-33.49,-56.49,27.94
16.76,65.79,345.15,-33.93,-56.34,28.11
17.17,65.5,345.37,-34.35,-56.23,28.32
17.58,65.28,345.61,-34.96,-56.09,28.45
18.26,65.22,345.8,-35.81,-55.95,28.44
18.8,64.95,345.94,-36.01,-56.09,28.62
19.12,64.68,346.22,-36.23,-56.06,28.97
19.47,64.5,346.51,-36.32,-56,29.16
19.71,64.28,346.77,-36.39,-55.87,29.32
19.92,64.07,346.96,-36.38,-55.66,29.45
20.12,63.82,347.1,-36.32,-55.4,29.55
20.3,63.53,347.22,-36.25,-55.08,29.62
20.61,63.18,347.36,-36.39,-54.62,29.64
21.02,62.83,347.46,-36.84,-54.08,29.8
21.57,62.42,347.6,-37.21,-53.94,30.03
21.94,62.03,347.88,-37.48,-53.75,30.36
22.26,61.63,348.22,-37.76,-53.55,30.67
22.38,61.32,348.52,-38.01,-53.35,30.94
22.63,61.03,348.76,-38.16,-53.18,31.14
22.82,60.69,348.88,-38.28,-53.04,31.38
22.99,60.27,349.04,-38.42,-52.73,31.75
23.02,59.88,349.27,-38.47,-52.48,31.96
23.24,59.54,349.58,-38.48,-52.26,32.14
23.45,59.2,349.84,-38.55,-52.1,32.33
23.74,58.95,350.03,-38.63,-51.99,32.47
23.89,58.82,350.19,-38.58,-51.86,32.48
24.08,58.83,350.25,-38.33,-51.77,32.13
24.31,59.03,350.14,-37.94,-51.77,31.67
24.36,59.23,349.97,-37.33,-51.84,31.06
24.36,59.41,349.74,-36.52,-51.92,30.42
24.1,59.53,349.52,-35.63,-52.08,29.89
24.06,59.6,349.34,-35.17,-52.12,29.35
24.2,59.88,349.17,-34.82,-52.25,28.74
24.31,60.07,349.01,-34.27,-52.45,27.85
24.42,60.2,348.87,-34.09,-52.51,27.32
24.61,60.37,348.67,-33.81,-52.75,26.77
24.55,60.57,348.55,-33.53,-52.88,26.3
24.6,60.79,348.43,-33.18,-53.1,25.82
24.58,60.98,348.27,-32.81,-53.27,25.34
24.49,61.29,348.08,-32.39,-53.48,24.86
24.39,61.56,347.83,-31.49,-53.99,24.08
24.15,61.92,347.67,-30.9,-54.31,23.56
24.09,62.32,347.49,-30.44,-54.72,22.98
24,62.66,347.31,-30.06,-55.13,22.42
23.78,63.11,347.17,-29.68,-55.66,21.78
23.69,63.55,347.08,-29.19,-56.16,21.19
23.8,63.94,346.95,-29.27,-56.45,20.42
24.46,64.41,346.68,-29.42,-56.76,19.84
24.7,64.72,346.57,-28.93,-57,19.4
24.63,64.99,346.45,-28.73,-57.27,18.91
24.69,65.26,346.34,-28.5,-57.62,18.41
24.51,65.62,346.25,-28.13,-58.05,17.9
24.29,65.97,346.13,-27.69,-58.58,17.4
24,66.44,346,-27.1,-59.39,16.58
23.74,66.86,345.9,-26.65,-59.94,16
23.48,67.32,345.78,-26.09,-60.56,15.5
23.06,67.7,345.69,-25.46,-61.11,15.07
22.8,68.08,345.54,-24.97,-61.66,14.68
22.37,68.39,345.46,-24.28,-62.24,14.31
22.03,68.79,345.4,-23.55,-63.01,13.68
21.77,69.23,345.35,-23.25,-63.49,13.22
21.89,69.61,345.28,-23.11,-63.93,12.73
21.91,69.93,345.14,-23.18,-64.38,12.24
21.92,70.3,345,-23.2,-64.82,11.77
21.85,70.67,344.9,-22.83,-65.34,11.31
21.52,71.07,344.84,-22.43,-65.88,10.73
21.15,71.45,344.71,-21.53,-66.7,9.81
20.81,71.94,344.52,-20.96,-67.22,9.13
20.3,72.36,344.3,-20.07,-67.87,8.36
19.92,72.72,344.04,-18.95,-68.57,7.6
19.19,73.19,343.82,-17.83,-69.43,6.84
18.53,73.65,343.66,-16.92,-70.26,6.05
17.98,74.13,343.49,-16.19,-71.13,5.22
17.43,74.57,343.39,-15.44,-72.29,4.03
17.22,74.97,343.29,-15.19,-73.05,3.31
16.68,75.23,343.25,-14.62,-73.76,2.73
16.57,75.4,343.25,-14.08,-74.15,2.33
16.33,75.47,343.25,-13.82,-74.5,1.94
15.95,75.49,343.12,-13.6,-74.97,1.85
15.04,75.3,343.09,-12.04,-75.56,2.03
14.69,75.1,343.16,-11.73,-75.51,2.12
14.07,74.95,343.18,-11.21,-75.78,2.11
13.61,74.79,343.19,-10.62,-75.85,2.05
13.13,74.79,343.12,-10.45,-76.02,1.75
12.9,74.82,343.02,-10.29,-76.37,1.37
12.65,74.94,342.95,-10.28,-76.79,0.86
12.5,75.11,342.86,-10.25,-77.54,-0.07
12.33,75.29,342.82,-10.15,-77.99,-0.8
12.19,75.51,342.76,-10.15,-78.52,-1.59
11.97,75.7,342.64,-9.84,-79.05,-2.36
11.71,75.85,342.52,-9.43,-79.55,-3.07
11.47,75.97,342.4,-9.01,-80,-3.79
11.18,76.05,342.27,-8.24,-80.57,-4.67
10.96,76.05,342.16,-7.85,-80.79,-5.18
10.7,75.98,342.07,-7.38,-80.99,-5.66
10.51,75.87,341.97,-6.95,-81.13,-6.02
10.28,75.7,341.89,-6.66,-81.22,-6.33
10.15,75.48,341.83,-6.29,-81.27,-6.49
9.79,75.19,341.82,-5.99,-81.3,-6.58
9.55,74.86,341.82,-5.53,-81.33,-6.56
9.3,74.52,341.88,-5.45,-81.4,-6.5
9.06,74.23,341.96,-5.37,-81.54,-6.43
8.88,73.95,342.08,-5.26,-81.67,-6.33
8.73,73.69,342.21,-5.25,-81.79,-6.18
8.57,73.43,342.35,-5.19,-81.89,-6
8.43,73.16,342.51,-5.28,-81.97,-5.64
8.34,72.85,342.69,-5.32,-81.94,-5.35
8.17,72.56,342.87,-5.43,-81.93,-5.05
7.98,72.26,343.05,-5.44,-81.93,-4.68
7.93,71.97,343.27,-5.57,-81.88,-4.36
7.88,71.72,343.45,-5.85,-81.81,-4.08
7.79,71.5,343.63,-5.93,-81.8,-3.79
7.83,71.33,343.8,-6.18,-81.73,-3.37
7.83,71.22,343.99,-6.32,-81.73,-2.97
7.81,71.04,344.19,-6.54,-81.65,-2.53
7.89,70.88,344.44,-6.94,-81.55,-2.02
7.94,70.7,344.74,-7.41,-81.43,-1.46
7.4,70.53,345.01,-7.55,-81.6,-0.74
6.91,70.17,345.36,-7.04,-81.38,0.69
6.47,69.94,345.71,-7.66,-81.09,1.51
6.44,69.63,346.03,-8.17,-80.76,2.31
6.38,69.47,346.33,-8.73,-80.39,2.99
6.32,69.31,346.58,-9.25,-80.01,3.61
6.32,69.22,346.78,-9.71,-79.67,4.17
6.53,69.16,346.98,-10.37,-79.25,4.6
6.82,69.14,347.15,-11.23,-78.58,5.14
7.14,69.18,347.28,-11.83,-78.21,5.41
7.57,69.19,347.41,-12.64,-77.71,5.72
8.07,69.26,347.57,-13.43,-77.27,5.99
8.42,69.22,347.75,-13.85,-76.89,6.41
8.71,69.2,347.93,-14.5,-76.44,6.94
9.45,68.98,348.14,-16.11,-75.3,7.97
9.87,68.62,348.38,-16.44,-74.48,8.85
10.01,68.24,348.67,-16.94,-73.62,9.77
10.21,67.87,348.93,-17.49,-72.92,10.62
10.34,67.57,349.18,-17.91,-72.37,11.43
10.56,67.41,349.46,-18.4,-71.88,12.13
10.54,67.28,349.8,-18.78,-71.5,12.71
10.34,67.08,350.13,-18.92,-70.48,13.64
10.73,66.86,350.42,-19.72,-69.87,14.08
10.92,66.8,350.67,-20.24,-69.48,14.49
11.17,66.79,350.85,-20.74,-69.15,14.84
11.55,66.71,351.07,-21.24,-68.84,15.2
11.83,66.73,351.32,-21.76,-68.57,15.49
12.3,66.68,351.61,-22.53,-68.17,15.9
12.67,66.59,351.95,-22.9,-67.87,16.23
13.06,66.43,352.41,-23.1,-67.55,16.58
13.28,66.23,352.95,-23.33,-67.16,17.04
13.48,65.94,353.39,-23.68,-66.84,17.57
13.18,65.75,353.73,-23.73,-66.52,18.17
12.96,65.43,354.04,-23.81,-66.08,18.75
12.96,65.09,354.26,-24.3,-65.31,19.55
13.34,64.77,354.45,-25.21,-64.53,19.95
14.36,64.52,354.65,-26.32,-64.01,20.24
15.03,64.12,354.86,-26.83,-63.52,20.67
15.49,63.78,355.08,-27.46,-62.96,21.11
16.07,63.35,355.31,-28.1,-62.43,21.56
16.57,62.9,355.53,-28.8,-61.94,22.08
17.22,62.51,355.79,-29.98,-61.27,22.78
17.87,62.2,356.06,-30.59,-61,23.13
18,62.06,356.41,-31.08,-60.79,23.35
18.63,61.87,356.63,-31.74,-60.5,23.54
19.18,61.52,356.86,-32.28,-60.15,23.81
19.7,61.11,357.08,-33,-59.71,24.08
20.2,60.71,357.29,-34.12,-58.93,24.65
20.94,60.2,357.52,-34.9,-58.54,25.05
21.51,59.7,357.81,-35.44,-58.06,25.49
22.28,59.34,358.24,-36.21,-57.56,25.68
23.09,59.02,358.73,-36.44,-57.21,25.89
23.77,58.57,359.19,-36.83,-56.86,26.14
24.4,58.03,359.61,-37.43,-56.56,26.56
24.85,57.52,359.93,-38.25,-56.28,27.39
25.3,56.97,360.23,-38.27,-55.98,28.06
25.5,56.48,360.53,-38.48,-55.44,28.65
25.9,55.96,360.76,-38.54,-54.99,29.17
26.28,55.38,360.97,-38.76,-54.39,29.67
26.76,54.79,361.15,-39.21,-53.8,30.12
27.25,54.23,361.36,-39.69,-53.26,30.58
27.82,53.7,361.62,-39.96,-52.66,31.12
28.15,53.4,361.87,-40.18,-52.31,31.34
28.62,53.09,362.01,-40.39,-52,31.54
28.94,52.64,362.18,-40.52,-51.74,31.81
29.47,52.1,362.44,-40.85,-51.39,32.14
29.74,51.67,362.76,-40.84,-51.22,32.55
30.11,51.22,363.05,-41.03,-50.69,33.09
30.29,50.86,363.3,-41.13,-50.33,33.3
30.55,50.54,363.45,-41.22,-50.02,33.45
30.84,50.24,363.59,-41.34,-49.69,33.53
31.08,49.97,363.69,-41.39,-49.39,33.55
31.26,49.78,363.72,-41.47,-49.1,33.48
31.61,49.61,363.73,-41.48,-48.81,33.36
31.84,49.43,363.71,-41.3,-48.52,33.21
32.19,49.15,363.87,-41.28,-48.2,33.21
32.23,48.86,364.06,-41.35,-47.9,33.27
32.62,48.63,364.18,-41.5,-47.58,33.3
32.85,48.4,364.17,-41.52,-47.45,33.31
33.01,48.23,364.15,-41.44,-47.3,33.28
33.19,48.2,364.15,-41.35,-47.13,33.1
33.29,48.25,364.01,-41.19,-47.04,32.59
33.43,48.29,363.89,-41.04,-47.05,32.15
33.74,48.4,363.79,-40.86,-46.94,31.49
33.65,48.91,363.68,-40.28,-47.13,30.74
34.04,49.16,363.44,-39.5,-47.36,29.91
33.73,49.51,363.24,-38.94,-47.59,29.11
33.75,49.74,363.04,-38.24,-47.87,28.15
33.6,49.92,362.83,-37.82,-48.14,27.53
33.51,50.31,362.62,-37.47,-48.44,26.88
33.61,50.64,362.43,-37.03,-48.77,26.14
33.49,51.06,362.22,-36.47,-49.13,25.42
33.54,51.44,361.99,-35.96,-49.41,24.64
33.33,51.93,361.71,-35.41,-49.77,23.84
33.15,52.37,361.37,-34.48,-50.34,22.71
33.09,52.8,361.06,-33.89,-50.74,21.91
32.83,53.27,360.8,-33.11,-51.21,21.23
32.63,53.71,360.55,-32.6,-51.69,20.48
32.53,54.29,360.28,-31.96,-52.32,19.83
32.23,54.75,360.05,-31.07,-52.9,19.27
32.2,55.26,359.84,-30.57,-53.53,18.65
32.28,55.96,359.59,-29.83,-54.7,17.49
31.64,56.65,359.41,-28.99,-55.59,16.77
31.39,57.36,359.18,-28.57,-56.29,16.03
31.21,57.95,359,-28.11,-57.06,15.28
31,58.54,358.84,-27.63,-57.63,14.56
30.77,59.12,358.61,-27.29,-58.27,13.81
30.37,59.76,358.37,-26.46,-59.07,12.55
29.87,60.57,357.99,-25.49,-59.7,11.75
29.91,61.06,357.63,-24.78,-60.09,10.92
29.32,61.7,357.26,-23.83,-60.76,10.16
29.02,62.18,356.97,-23.24,-61.27,9.5
28.42,62.92,356.69,-22.75,-62.13,8.7
28.17,63.5,356.5,-21.96,-62.87,7.88
27.96,64.18,356.23,-21.8,-64.36,6.34
27.59,65.1,356.07,-21.45,-65.62,5.29
27.12,65.87,355.93,-20.58,-66.58,4.48
26.57,66.48,355.8,-19.78,-67.35,3.83
26.07,66.96,355.65,-19.07,-68.02,3.22
25.74,67.38,355.5,-18.46,-68.59,2.67
25.1,67.88,355.29,-17.41,-69.35,1.83
24.5,68.28,355.04,-16.24,-69.95,1.35
23.97,68.56,354.85,-15.68,-70.38,0.81
23.43,68.96,354.63,-14.94,-71.1,0.38
23.02,69.26,354.51,-14.08,-71.63,0.02
22.78,69.67,354.38,-13.97,-72.33,-0.58
22.38,70.09,354.25,-13.63,-73.47,-1.14
21.96,70.6,354.21,-12.99,-74.89,-2.04
21.72,71.07,354.12,-12.45,-75.86,-2.63
21.05,71.5,354.18,-11.74,-76.65,-3.18
20.57,71.87,354.14,-11.22,-77.43,-3.83
20.02,72.26,354.13,-10.54,-78.19,-4.48
19.55,72.63,354.03,-9.99,-78.8,-5.14
19.03,72.91,353.9,-9.09,-79.59,-6.13
18.56,73.12,353.74,-8.47,-80.02,-6.72
18.04,73.28,353.55,-7.75,-80.48,-7.23
17.57,73.36,353.43,-7.09,-80.82,-7.67
17.11,73.42,353.3,-6.64,-81.14,-8.11
16.69,73.45,353.13,-6.17,-81.46,-8.49
16.27,73.41,353.05,-5.63,-81.69,-8.78
15.85,73.34,352.98,-5.03,-82.04,-9.14
15.43,73.25,352.9,-4.58,-82.26,-9.33
15.07,73.09,352.91,-4.24,-82.44,-9.41
14.66,72.96,352.95,-4.08,-82.64,-9.51
14.38,72.79,352.99,-3.9,-82.86,-9.57
14.08,72.64,353.08,-3.85,-83.05,-9.61
13.84,72.49,353.17,-3.81,-83.3,-9.64
