-0.16511,1.3018,-3.3702,-0.027053,0.43406,-0.0019199
-0.16633,1.3018,-3.3716,-0.030194,0.47333,-0.0024435
-0.1672,1.3018,-3.3725,-0.036128,0.54716,-0.0029671
-0.16773,1.3015,-3.3734,-0.03735,0.58189,-0.0027925
-0.16773,1.3017,-3.3739,-0.040666,0.64612,-0.0031416
-0.1679,1.3017,-3.3744,-0.042586,0.67666,-0.0027925
-0.16773,1.3011,-3.3749,-0.042062,0.70564,-0.0020944
-0.16685,1.3008,-3.376,-0.04311,0.76044,0.00069813
-0.16755,1.3001,-3.376,-0.043633,0.78662,0.0020944
-0.16842,1.2999,-3.3753,-0.044331,0.81123,0.0034907
-0.16773,1.2989,-3.3755,-0.044855,0.85888,0.0064577
-0.16773,1.2982,-3.3756,-0.045728,0.88069,0.0075049
-0.16703,1.2977,-3.3762,-0.047298,0.92293,0.0085521
-0.16773,1.2973,-3.377,-0.047997,0.94318,0.0090757
-0.16755,1.2973,-3.3779,-0.050091,0.96203,0.0094248
-0.16755,1.2973,-3.379,-0.051487,0.99815,0.0094248
-0.1672,1.2977,-3.3802,-0.051487,1.0154,0.0090757
-0.16685,1.2984,-3.3811,-0.051662,1.0322,0.0087266
-0.16703,1.2989,-3.3816,-0.053233,1.064,0.008203
-0.16685,1.2992,-3.3819,-0.050091,1.0793,0.0069813
-0.16581,1.2997,-3.3828,-0.046775,1.1081,0.0043633
-0.16528,1.3006,-3.384,-0.045728,1.1217,0.0029671
-0.16371,1.3018,-3.3852,-0.045902,1.1339,0.0031416
-0.16371,1.3025,-3.3856,-0.047298,1.1556,0.0045379
-0.16511,1.3017,-3.3845,-0.049218,1.1638,0.0059341
-0.16546,1.2994,-3.3842,-0.05044,1.1804,0.0076794
-0.16424,1.2985,-3.3852,-0.05044,1.1882,0.0073304
-0.16371,1.297,-3.3872,-0.050964,1.1964,0.007854
-0.16371,1.2963,-3.3893,-0.051836,1.213,0.0066323
-0.16319,1.2964,-3.3907,-0.052185,1.2212,0.0061087
-0.16354,1.297,-3.3919,-0.051662,1.2291,0.005236
-0.16354,1.2977,-3.3924,-0.052709,1.2437,0.0054105
-0.16336,1.298,-3.3926,-0.053931,1.2497,0.0057596
-0.16476,1.298,-3.392,-0.057072,1.2605,0.0061087
-0.16528,1.2977,-3.3919,-0.057421,1.2659,0.0059341
-0.16738,1.2977,-3.3919,-0.058469,1.2716,0.0054105
-0.16668,1.2978,-3.3929,-0.061436,1.2828,0.0054105
-0.16738,1.2984,-3.3933,-0.062657,1.2888,0.005236
-0.16214,1.2992,-3.3936,-0.063879,1.294,0.0040143
-0.16825,1.3001,-3.3941,-0.062308,1.3055,0.0017453
-0.15987,1.301,-3.3947,-0.047647,1.3135,0.00069813
-0.16493,1.3008,-3.3947,-0.038746,1.3298,-0.0057596
-0.15533,1.3029,-3.395,-0.032289,1.3392,-0.0090757
-0.14382,1.3071,-3.394,-0.019548,1.3518,-0.012915
-0.14888,1.3095,-3.3924,-0.0062832,1.3832,-0.022166
-0.14643,1.3132,-3.3893,0.0099484,1.4005,-0.022689
-0.14713,1.3179,-3.3842,0.0085521,1.4141,-0.027227
-0.12741,1.3278,-3.3819,0.028972,1.4434,-0.030892
-0.11851,1.3369,-3.3812,0.03351,1.4553,-0.034208
-0.12008,1.3453,-3.3814,0.03735,1.4781,-0.042935
-0.12095,1.3516,-3.3797,0.043284,1.4919,-0.046949
-0.12235,1.358,-3.3777,0.042935,1.5029,-0.052011
-0.11449,1.3645,-3.3751,0.049218,1.523,-0.064403
-0.11414,1.3701,-3.3749,0.0466,1.5324,-0.072082
-0.10681,1.3751,-3.3725,0.050615,1.5416,-0.077667
-0.10594,1.3795,-3.3713,0.050265,1.556,-0.089884
-0.10751,1.382,-3.3694,0.050265,1.5612,-0.097389
-0.099309,1.3839,-3.3678,0.054978,1.5687,-0.11275
-0.090583,1.3865,-3.3678,0.053233,1.5701,-0.1227
-0.090059,1.387,-3.3683,0.053233,1.5722,-0.13212
-0.089361,1.3856,-3.368,0.050964,1.5725,-0.15568
-0.08587,1.384,-3.3694,0.048171,1.5722,-0.16895
-0.084474,1.3821,-3.3708,0.043808,1.5692,-0.18256
-0.082729,1.3779,-3.3732,0.031241,1.5614,-0.20996
-0.085347,1.3725,-3.3765,0.023911,1.5547,-0.22427
-0.08238,1.3655,-3.3797,0.0085521,1.5329,-0.24819
-0.076445,1.3537,-3.3809,0.0038397,1.5202,-0.25848
-0.08238,1.3401,-3.3837,-0.0073304,1.5048,-0.27018
-0.08587,1.3231,-3.3847,-0.0281,1.4675,-0.28938
-0.085347,1.3036,-3.3861,-0.037001,1.4469,-0.2988
-0.084648,1.2823,-3.3886,-0.060912,1.3991,-0.31224
-0.089186,1.2575,-3.3903,-0.075049,1.3736,-0.31748
-0.089535,1.2315,-3.3922,-0.085347,1.3477,-0.32289
-0.08971,1.2055,-3.394,-0.11013,1.294,-0.33091
-0.097215,1.1784,-3.3957,-0.11973,1.268,-0.33441
-0.10367,1.1516,-3.3971,-0.1309,1.2435,-0.34069
-0.10716,1.1263,-3.3985,-0.15429,1.1964,-0.35186
-0.10245,1.1022,-3.3992,-0.16336,1.1746,-0.35919
-0.1028,1.0793,-3.4009,-0.18466,1.1331,-0.37315
-0.10978,1.0566,-3.403,-0.19548,1.1119,-0.38083
-0.12095,1.0334,-3.4032,-0.20735,1.091,-0.38764
-0.12322,1.0102,-3.4041,-0.22532,1.0479,-0.39933
-0.12357,0.98506,-3.4044,-0.2351,1.028,-0.40474
-0.12025,0.96045,-3.406,-0.24278,1.0071,-0.4105
-0.12392,0.93619,-3.4093,-0.25901,0.96587,-0.42132
-0.12881,0.91263,-3.4111,-0.26704,0.94562,-0.42743
-0.12671,0.88977,-3.4137,-0.28397,0.90303,-0.4379
-0.13177,0.86621,-3.4154,-0.29042,0.88209,-0.44209
-0.13701,0.8409,-3.4146,-0.29531,0.8608,-0.44646
-0.13736,0.81594,-3.4147,-0.30997,0.82083,-0.45152
-0.13177,0.79186,-3.4154,-0.31276,0.80163,-0.45344
-0.13299,0.76969,-3.4168,-0.32132,0.78243,-0.4571
-0.13945,0.747,-3.4165,-0.33283,0.74613,-0.46234
-0.14573,0.72379,-3.417,-0.33999,0.72745,-0.46443
-0.14713,0.69988,-3.416,-0.35081,0.6929,-0.46862
-0.14242,0.67684,-3.4153,-0.35605,0.67614,-0.47037
-0.14451,0.65467,-3.4153,-0.36355,0.65904,-0.47264
-0.14853,0.63286,-3.4151,-0.37437,0.6264,-0.47752
-0.14364,0.61174,-3.4153,-0.37891,0.60982,-0.48066
-0.14835,0.59132,-3.4158,-0.38589,0.59411,-0.48433
-0.15254,0.5716,-3.4151,-0.40073,0.56479,-0.49148
-0.14975,0.5517,-3.4135,-0.40404,0.55275,-0.49428
-0.15219,0.53198,-3.4135,-0.41504,0.525,-0.50178
-0.15132,0.51225,-3.4135,-0.4208,0.51121,-0.50562
-0.15254,0.49358,-3.416,-0.42603,0.49602,-0.50964
-0.15848,0.47351,-3.417,-0.43755,0.46408,-0.51749
-0.1576,0.45117,-3.4182,-0.44646,0.44872,-0.52081
-0.16214,0.42953,-3.4196,-0.45396,0.43284,-0.52308
-0.17104,0.40911,-3.4194,-0.46251,0.40195,-0.52936
-0.17279,0.38868,-3.4193,-0.46775,0.38624,-0.5318
-0.17471,0.36914,-3.4196,-0.48031,0.35954,-0.53634
-0.17296,0.35029,-3.42,-0.48573,0.3447,-0.53913
-0.17191,0.33231,-3.4194,-0.48503,0.33214,-0.54035
-0.18117,0.31521,-3.4201,-0.49882,0.30665,-0.54664
-0.18518,0.29671,-3.4194,-0.50108,0.29322,-0.54768
-0.18291,0.27803,-3.42,-0.50859,0.28047,-0.55048
-0.17802,0.26093,-3.4212,-0.51836,0.25307,-0.5524
-0.18692,0.24243,-3.4224,-0.5236,0.23876,-0.5517
-0.19757,0.22305,-3.4221,-0.5318,0.207,-0.54926
-0.19373,0.20159,-3.4224,-0.53547,0.19164,-0.54838
-0.19042,0.18274,-3.4226,-0.53372,0.17645,-0.54576
-0.19984,0.1665,-3.4238,-0.53843,0.15202,-0.54437
-0.20089,0.15062,-3.424,-0.54629,0.14155,-0.54507
-0.19879,0.13491,-3.4243,-0.54629,0.13003,-0.54419
-0.20089,0.11921,-3.4249,-0.54943,0.10734,-0.54297
-0.20036,0.10315,-3.425,-0.5503,0.095819,-0.54123
-0.19949,0.086743,-3.4249,-0.55606,0.07278,-0.53651
-0.20001,0.071209,-3.4245,-0.55973,0.060563,-0.53337
-0.20246,0.055327,-3.4249,-0.56444,0.048695,-0.52883
-0.20508,0.038223,-3.4233,-0.56776,0.023562,-0.51889
-0.21066,0.023387,-3.4242,-0.57334,0.0099484,-0.5133
-0.21345,0.0090757,-3.4242,-0.57456,-0.0022689,-0.50824
-0.21293,-0.0045379,-3.4257,-0.58538,-0.024784,-0.49742
-0.21258,-0.017628,-3.4263,-0.58189,-0.034907,-0.49358
-0.21642,-0.028798,-3.428,-0.59027,-0.05236,-0.48363
-0.22026,-0.038921,-3.4285,-0.59149,-0.059167,-0.47805
-0.22305,-0.048346,-3.4284,-0.59463,-0.066497,-0.47438
-0.21712,-0.056374,-3.4297,-0.59394,-0.076271,-0.46216
-0.20857,-0.064228,-3.4306,-0.59481,-0.079936,-0.45571
-0.21066,-0.070337,-3.4308,-0.59865,-0.083601,-0.44995
-0.21136,-0.074526,-3.4303,-0.59987,-0.090234,-0.43773
-0.2152,-0.079587,-3.4292,-0.59795,-0.093724,-0.42987
-0.22201,-0.084125,-3.4289,-0.59847,-0.10105,-0.41504
-0.21764,-0.08971,-3.4271,-0.59987,-0.10385,-0.40753
-0.2138,-0.093201,-3.4263,-0.59603,-0.10664,-0.39863
-0.21782,-0.096517,-3.4271,-0.59271,-0.11065,-0.37996
-0.22323,-0.099135,-3.4254,-0.59516,-0.11118,-0.37123
-0.21433,-0.10175,-3.4243,-0.59428,-0.10961,-0.36233
-0.21363,-0.10158,-3.4231,-0.59952,-0.10594,-0.34243
-0.21817,-0.098437,-3.4212,-0.60004,-0.099484,-0.33179
-0.22462,-0.092852,-3.4214,-0.59987,-0.084823,-0.3159
-0.22707,-0.08779,-3.4198,-0.60319,-0.079238,-0.30892
-0.22393,-0.082205,-3.4201,-0.59987,-0.074875,-0.30089
-0.22445,-0.078714,-3.4215,-0.59498,-0.067544,-0.28449
-0.22969,-0.076271,-3.4221,-0.59533,-0.064926,-0.27262
-0.22986,-0.075573,-3.4217,-0.60301,-0.062134,-0.2625
-0.21677,-0.07086,-3.4198,-0.59743,-0.050615,-0.24278
-0.2152,-0.062657,-3.4205,-0.59586,-0.044506,-0.23579
-0.22078,-0.053407,-3.4208,-0.59394,-0.033336,-0.21921
-0.21834,-0.046775,-3.4203,-0.58381,-0.0281,-0.21014
-0.22061,-0.040666,-3.4203,-0.58538,-0.024958,-0.20368
-0.22497,-0.034732,-3.4201,-0.58748,-0.014312,-0.18553
-0.22044,-0.027402,-3.4198,-0.58503,-0.0059341,-0.17925
-0.2227,-0.017279,-3.4196,-0.58259,0.0013963,-0.17209
-0.22096,-0.0076794,-3.4201,-0.5702,0.018326,-0.16109
-0.22637,0.0013963,-3.4194,-0.57037,0.026005,-0.15603
-0.21956,0.011345,-3.4201,-0.55728,0.04468,-0.14364
-0.21188,0.023736,-3.4212,-0.55536,0.053582,-0.1384
-0.21729,0.035954,-3.4214,-0.55187,0.062657,-0.13247
-0.2166,0.047124,-3.4215,-0.54454,0.084823,-0.12374
-0.20892,0.060912,-3.4226,-0.54123,0.097564,-0.12008
-0.21555,0.075922,-3.4235,-0.54035,0.10804,-0.11554
-0.21712,0.089186,-3.4243,-0.53896,0.13247,-0.10699
-0.2152,0.10402,-3.4247,-0.53477,0.14347,-0.10297
-0.22253,0.11764,-3.4254,-0.52674,0.16458,-0.095295
-0.22026,0.1295,-3.4263,-0.52587,0.17488,-0.090059
-0.21153,0.14416,-3.4273,-0.51941,0.18343,-0.08587
-0.21485,0.15952,-3.4287,-0.50894,0.20368,-0.078714
-0.21502,0.17383,-3.4287,-0.50719,0.21485,-0.075747
-0.2166,0.18815,-3.4296,-0.49794,0.23911,-0.07086
-0.21276,0.20595,-3.4325,-0.49951,0.25098,-0.068941
-0.21171,0.2227,-3.4352,-0.49532,0.26424,-0.067544
-0.21747,0.23946,-3.4388,-0.49061,0.28833,-0.06545
-0.22759,0.25656,-3.4411,-0.49166,0.29863,-0.063705
-0.22323,0.27332,-3.4449,-0.48485,0.30875,-0.063355
-0.22672,0.29007,-3.4481,-0.48555,0.32934,-0.056898
-0.23248,0.30351,-3.4502,-0.48538,0.33947,-0.054978
-0.22375,0.31974,-3.4523,-0.48415,0.36303,-0.049218
-0.23126,0.33807,-3.4551,-0.47927,0.37542,-0.04468
-0.24173,0.35308,-3.4554,-0.48066,0.38432,-0.041015
-0.23161,0.36931,-3.4547,-0.48014,0.40387,-0.029671
-0.23387,0.38589,-3.4549,-0.48119,0.41033,-0.02426
-0.24295,0.39828,-3.4533,-0.49847,0.41486,-0.023213
-0.22707,0.41207,-3.4521,-0.50772,0.42743,-0.017628
-0.24696,0.42656,-3.4521,-0.52028,0.43406,-0.018675
-0.2611,0.44,-3.4545,-0.51836,0.4585,-0.013788
-0.24679,0.45588,-3.4558,-0.51243,0.47298,-0.013265
-0.25831,0.47787,-3.4575,-0.50876,0.48974,-0.010123
-0.26459,0.49794,-3.4568,-0.49532,0.52953,-0.0076794
-0.25813,0.52011,-3.4573,-0.48293,0.55205,-0.0071558
-0.25517,0.54507,-3.4558,-0.47543,0.57247,-0.0075049
-0.26477,0.56933,-3.4556,-0.45274,0.61854,-0.0083776
-0.26023,0.59359,-3.4558,-0.44611,0.64158,-0.0085521
-0.24208,0.61732,-3.4575,-0.41574,0.68818,-0.0029671
-0.24522,0.64228,-3.4591,-0.41172,0.71017,-0.00087266
-0.23283,0.66706,-3.4587,-0.39671,0.73618,0.0019199
-0.2255,0.69447,-3.4592,-0.37751,0.78487,0.0048869
-0.22375,0.71977,-3.4605,-0.36792,0.80948,0.0054105
-0.21485,0.74543,-3.4615,-0.35744,0.83409,0.0045379
-0.2056,0.77213,-3.4638,-0.33737,0.88139,0.0015708
-0.20543,0.79744,-3.4673,-0.32603,0.90617,0.00069813
-0.18658,0.82188,-3.4688,-0.30805,0.9547,-0.0057596
-0.18064,0.84736,-3.4713,-0.29636,0.97983,-0.010297
-0.17628,0.86935,-3.4734,-0.29025,1.0074,-0.015359
-0.16389,0.89396,-3.475,-0.28414,1.0612,-0.024958
-0.15673,0.91944,-3.4765,-0.27279,1.0893,-0.027576
-0.16127,0.94248,-3.4765,-0.25883,1.1481,-0.039444
-0.15289,0.96604,-3.4767,-0.25499,1.1772,-0.047822
-0.15115,0.99117,-3.4791,-0.24487,1.2048,-0.05428
-0.15324,1.0142,-3.4791,-0.22567,1.2601,-0.066846
-0.14469,1.0355,-3.4791,-0.2145,1.286,-0.073129
-0.13544,1.057,-3.4793,-0.20926,1.3092,-0.08203
-0.13352,1.0779,-3.4809,-0.19007,1.3544,-0.094073
-0.13212,1.0952,-3.4797,-0.18239,1.3758,-0.10053
-0.12444,1.1126,-3.4783,-0.16773,1.4101,-0.11205
-0.11798,1.127,-3.4769,-0.16441,1.4217,-0.12025
-0.098611,1.1399,-3.4763,-0.15359,1.4333,-0.12671
-0.096866,1.1517,-3.475,-0.15149,1.4469,-0.14416
-0.10297,1.1601,-3.4729,-0.14853,1.4528,-0.1508
-0.10542,1.1654,-3.473,-0.14853,1.4558,-0.16179
-0.098262,1.1695,-3.4744,-0.15115,1.4549,-0.18064
-0.091455,1.1722,-3.4767,-0.14923,1.4521,-0.19094
-0.094248,1.1725,-3.479,-0.15795,1.4397,-0.21171
-0.094946,1.1702,-3.4804,-0.16371,1.4296,-0.22201
-0.086045,1.1648,-3.4823,-0.16616,1.4207,-0.23143
-0.086045,1.158,-3.4835,-0.18117,1.397,-0.24976
-0.090757,1.1503,-3.4856,-0.18483,1.3854,-0.25883
-0.09704,1.1407,-3.4887,-0.19757,1.3722,-0.27175
-0.090757,1.1311,-3.4914,-0.21153,1.3477,-0.29322
-0.093724,1.1226,-3.4945,-0.2152,1.3364,-0.30526
-0.092677,1.1137,-3.4968,-0.22794,1.3092,-0.33091
-0.098786,1.1032,-3.502,-0.23318,1.2929,-0.34191
-0.10978,1.09,-3.5048,-0.24243,1.2764,-0.35221
-0.10437,1.073,-3.5067,-0.25377,1.2371,-0.37088
-0.099658,1.0547,-3.509,-0.26285,1.2174,-0.37926
-0.10507,1.0348,-3.5104,-0.27384,1.1961,-0.38781
-0.11467,1.0156,-3.5099,-0.29531,1.153,-0.40492
-0.12409,0.99519,-3.5097,-0.30159,1.1313,-0.41155
-0.13195,0.97407,-3.5114,-0.31957,1.0894,-0.42446
-0.13614,0.95138,-3.513,-0.33091,1.0673,-0.43075
-0.12601,0.92834,-3.5135,-0.33615,1.046,-0.43546
-0.12444,0.9053,-3.5147,-0.35675,0.99955,-0.44471
-0.13788,0.88279,-3.5161,-0.37158,0.97459,-0.44872
-0.14661,0.85835,-3.5158,-0.37751,0.9512,-0.45064
-0.14661,0.83287,-3.5153,-0.39479,0.90443,-0.45518
-0.14975,0.80826,-3.5156,-0.4016,0.88331,-0.45797
-0.15516,0.78522,-3.5153,-0.41713,0.83933,-0.46338
-0.16476,0.76131,-3.5154,-0.42551,0.81577,-0.46688
-0.16371,0.73635,-3.5156,-0.43755,0.79447,-0.47072
-0.16703,0.71244,-3.5158,-0.45483,0.75241,-0.47665
-0.18239,0.6901,-3.5154,-0.4674,0.73321,-0.47892
-0.18797,0.66829,-3.5151,-0.47351,0.71558,-0.48258
-0.18535,0.64734,-3.5158,-0.47962,0.6812,-0.49061
-0.1885,0.62849,-3.5179,-0.49148,0.66619,-0.49655
-0.19286,0.61017,-3.5191,-0.50231,0.63478,-0.50946
-0.20281,0.59236,-3.52,-0.50964,0.61924,-0.51662
-0.20455,0.57212,-3.5212,-0.5147,0.60266,-0.52273
-0.20508,0.55135,-3.5214,-0.52691,0.56776,-0.53529
-0.20769,0.52971,-3.5219,-0.53285,0.5496,-0.53948
-0.20665,0.50754,-3.5233,-0.53459,0.53075,-0.54315
-0.20909,0.48538,-3.5252,-0.54699,0.49358,-0.54856
-0.21782,0.46338,-3.5257,-0.55501,0.47682,-0.5503
-0.22253,0.44052,-3.5254,-0.56863,0.44,-0.55257
-0.22916,0.41836,-3.5238,-0.56985,0.42394,-0.55048
-0.23353,0.39602,-3.5243,-0.57578,0.40335,-0.55065
-0.22881,0.37158,-3.5263,-0.58591,0.3632,-0.54751
-0.23894,0.34907,-3.5263,-0.58242,0.34488,-0.54367
-0.24487,0.32725,-3.5277,-0.59167,0.32673,-0.54245
-0.23946,0.30369,-3.5277,-0.59708,0.28955,-0.53669
-0.24365,0.28274,-3.5294,-0.60388,0.2707,-0.53477
-0.25028,0.2611,-3.5296,-0.61034,0.23265,-0.52657
-0.25255,0.23859,-3.5306,-0.61331,0.21537,-0.52273
-0.24836,0.21572,-3.531,-0.61767,0.19687,-0.51714
-0.24749,0.19652,-3.5317,-0.62762,0.16284,-0.50859
-0.25255,0.17715,-3.5315,-0.63216,0.14643,-0.50388
-0.25307,0.15743,-3.5315,-0.636,0.13073,-0.49951
-0.25429,0.14102,-3.5329,-0.63931,0.1021,-0.4866
-0.2611,0.12619,-3.5327,-0.63931,0.091106,-0.47997
-0.2618,0.11065,-3.5308,-0.64071,0.069464,-0.46845
-0.25779,0.097738,-3.5313,-0.64804,0.060039,-0.46583
-0.2611,0.087616,-3.5324,-0.6545,0.050789,-0.46077
-0.26826,0.076969,-3.5336,-0.66131,0.035256,-0.44995
-0.27297,0.06545,-3.5343,-0.66462,0.028449,-0.44454
-0.2714,0.054803,-3.5359,-0.66549,0.018675,-0.43668
-0.26721,0.045902,-3.5366,-0.67143,0.0075049,-0.42446
-0.27733,0.040666,-3.5367,-0.67352,0.0061087,-0.41591
-0.28274,0.034907,-3.5373,-0.67317,0.0005236,-0.403
-0.27995,0.030194,-3.5369,-0.67213,-0.00069813,-0.39759
-0.27157,0.026005,-3.5374,-0.67108,-0.0033161,-0.39078
-0.2714,0.024086,-3.5381,-0.67178,-0.0062832,-0.37769
-0.27803,0.020246,-3.5385,-0.66706,-0.0095993,-0.36809
-0.27332,0.014312,-3.5397,-0.66898,-0.011519,-0.36024
-0.26546,0.011868,-3.5394,-0.66706,-0.016232,-0.34523
-0.26424,0.010647,-3.5404,-0.66253,-0.019024,-0.33737
-0.27088,0.0089012,-3.5414,-0.65659,-0.023562,-0.32655
-0.26424,0.0069813,-3.5427,-0.65991,-0.021642,-0.32236
-0.25831,0.0075049,-3.543,-0.65397,-0.019548,-0.31468
-0.25429,0.010297,-3.5439,-0.65747,-0.016755,-0.30264
-0.25621,0.012915,-3.5442,-0.6552,-0.01117,-0.29444
-0.25953,0.017977,-3.5446,-0.65607,-0.0097738,-0.28955
-0.26459,0.021468,-3.5469,-0.64996,0.0005236,-0.27768
-0.25272,0.026878,-3.5467,-0.63862,0.0080285,-0.27035
-0.2522,0.033859,-3.5488,-0.63705,0.020071,-0.26075
-0.25482,0.041364,-3.5493,-0.6353,0.027053,-0.25552
-0.25325,0.049218,-3.5502,-0.6346,0.036477,-0.2508
-0.25185,0.058992,-3.5521,-0.63146,0.05236,-0.23963
-0.24888,0.069115,-3.554,-0.63006,0.060912,-0.23265
-0.24993,0.078889,-3.5549,-0.62116,0.079412,-0.22131
-0.25482,0.087266,-3.5565,-0.62361,0.086394,-0.21537
-0.24522,0.098437,-3.5599,-0.62186,0.096691,-0.20595
-0.24504,0.10943,-3.5638,-0.6072,0.11606,-0.19565
-0.24958,0.1206,-3.565,-0.60563,0.12566,-0.19094
-0.24452,0.13177,-3.5659,-0.60231,0.13875,-0.18815
-0.23894,0.14521,-3.5669,-0.60353,0.16074,-0.17994
-0.23335,0.15848,-3.5685,-0.59149,0.17244,-0.17506
-0.23981,0.17191,-3.5709,-0.59446,0.19338,-0.16912
-0.24539,0.18431,-3.5723,-0.59132,0.20385,-0.16633
-0.23597,0.19809,-3.5744,-0.58556,0.21153,-0.16301
-0.233,0.21066,-3.5772,-0.58172,0.23213,-0.16022
-0.23038,0.22183,-3.5779,-0.57055,0.24225,-0.15568
-0.22672,0.23387,-3.5786,-0.56496,0.24906,-0.15411
-0.22672,0.24627,-3.5809,-0.56688,0.26738,-0.14591
-0.22445,0.26058,-3.5835,-0.56095,0.27768,-0.14434
-0.23178,0.27454,-3.5861,-0.56182,0.29636,-0.1384
-0.23719,0.28728,-3.5879,-0.56043,0.30561,-0.13491
-0.22567,0.30089,-3.5898,-0.55205,0.31695,-0.13107
-0.22619,0.31695,-3.5919,-0.54943,0.33982,-0.12584
-0.23894,0.33074,-3.5929,-0.54891,0.35238,-0.12427
-0.23283,0.34645,-3.5945,-0.54088,0.36687,-0.12182
-0.2248,0.3646,-3.5961,-0.53582,0.39218,-0.11624
-0.2323,0.38188,-3.5978,-0.52971,0.40544,-0.11397
-0.2323,0.39462,-3.6025,-0.52796,0.42586,-0.10926
-0.22078,0.40963,-3.6027,-0.51889,0.43633,-0.1042
-0.22864,0.42499,-3.6062,-0.52255,0.44262,-0.10175
-0.23527,0.43686,-3.6072,-0.51836,0.46478,-0.094073
-0.23003,0.45204,-3.6088,-0.51714,0.47682,-0.091106
