-0.12776,1.3053,-1.2488,-0.021642,0.43302,0
-0.12828,1.3052,-1.2497,-0.023562,0.47159,0.0005236
-0.12915,1.305,-1.2507,-0.027751,0.54454,0.0015708
-0.1295,1.3045,-1.2512,-0.029671,0.57893,0.0020944
-0.12915,1.3045,-1.2519,-0.030718,0.61296,0.0034907
-0.13055,1.3038,-1.2519,-0.034208,0.67597,0.0050615
-0.13055,1.3038,-1.2519,-0.034558,0.70581,0.0062832
-0.13125,1.3038,-1.2523,-0.037176,0.76149,0.0076794
-0.13142,1.3036,-1.2531,-0.038223,0.78697,0.008203
-0.13107,1.3034,-1.2542,-0.039095,0.81175,0.0083776
-0.13055,1.3036,-1.2558,-0.039619,0.85678,0.0092502
-0.12968,1.3032,-1.257,-0.039968,0.87773,0.010123
-0.12898,1.3027,-1.2579,-0.040666,0.8978,0.010996
-0.12915,1.3018,-1.2584,-0.04119,0.93742,0.013265
-0.12985,1.3011,-1.2586,-0.042935,0.95609,0.013788
-0.12968,1.3017,-1.2593,-0.042237,0.99187,0.018151
-0.1309,1.301,-1.2587,-0.046949,1.0071,0.0185
-0.1323,1.2994,-1.2579,-0.049393,1.024,0.018675
-0.13352,1.2996,-1.2589,-0.046077,1.0575,0.017104
-0.13107,1.302,-1.2627,-0.042761,1.072,0.018326
-0.13317,1.3022,-1.2645,-0.047997,1.0851,0.017453
-0.13334,1.3017,-1.2643,-0.050615,1.1114,0.016755
-0.13526,1.3017,-1.2648,-0.051138,1.1243,0.01693
-0.13456,1.302,-1.2657,-0.051138,1.149,0.015882
-0.13561,1.3032,-1.2664,-0.052185,1.1608,0.015359
-0.13561,1.3041,-1.2676,-0.052709,1.1718,0.01501
-0.13596,1.3052,-1.269,-0.051487,1.1924,0.014486
-0.13561,1.3057,-1.2704,-0.052011,1.2017,0.014486
-0.13736,1.3059,-1.2711,-0.051313,1.2186,0.01693
-0.13893,1.3066,-1.2711,-0.05044,1.2275,0.018326
-0.14434,1.3069,-1.2709,-0.050265,1.2364,0.020071
-0.14748,1.3066,-1.2687,-0.046775,1.2521,0.024609
-0.15359,1.306,-1.2675,-0.047997,1.2596,0.026354
-0.15725,1.3062,-1.2654,-0.046949,1.2659,0.029147
-0.17436,1.305,-1.264,-0.047647,1.2795,0.037874
-0.1789,1.3013,-1.2596,-0.04468,1.2874,0.043284
-0.1864,1.2987,-1.253,-0.034208,1.2985,0.058643
-0.18605,1.2942,-1.2456,-0.025656,1.3057,0.068941
-0.18884,1.2896,-1.2345,-0.019548,1.3097,0.080111
-0.18588,1.2851,-1.2231,-0.0057596,1.3193,0.10437
-0.18204,1.2805,-1.2109,0.0031416,1.3242,0.11676
-0.18047,1.2779,-1.201,0.017453,1.3275,0.13055
-0.17157,1.2743,-1.1914,0.041015,1.3343,0.15795
-0.16162,1.2708,-1.1812,0.048346,1.3367,0.17087
-0.14888,1.2683,-1.1718,0.07278,1.3416,0.19408
-0.13648,1.2662,-1.164,0.088314,1.3427,0.20595
-0.12025,1.2648,-1.1573,0.10228,1.3456,0.21642
-0.10542,1.2627,-1.1503,0.12095,1.3463,0.23614
-0.096168,1.2636,-1.1446,0.13404,1.3463,0.24504
-0.079587,1.2622,-1.1406,0.14364,1.3455,0.25395
-0.070337,1.2613,-1.1371,0.16022,1.3425,0.26738
-0.060039,1.2607,-1.1336,0.16668,1.3373,0.27262
-0.045553,1.2577,-1.1304,0.17733,1.3277,0.28257
-0.036652,1.2549,-1.1284,0.18256,1.324,0.28728
-0.024958,1.2509,-1.1259,0.18797,1.3193,0.29287
-0.017104,1.2502,-1.124,0.20036,1.3134,0.30299
0.00017453,1.2463,-1.121,0.20385,1.3102,0.30823
0.0095993,1.246,-1.1188,0.20752,1.3097,0.31294
0.024086,1.2428,-1.1161,0.21764,1.3045,0.32219
0.033859,1.2404,-1.1144,0.22288,1.3018,0.32673
0.045728,1.2374,-1.1132,0.23108,1.2978,0.33423
0.055501,1.2346,-1.1114,0.23405,1.2961,0.33737
0.064926,1.2319,-1.1095,0.23841,1.2943,0.34156
0.077144,1.2275,-1.1074,0.2447,1.2917,0.34837
0.082729,1.2261,-1.1046,0.24801,1.291,0.35168
0.093201,1.2247,-1.1017,0.25307,1.29,0.35535
0.10053,1.2224,-1.0982,0.25639,1.2863,0.36146
0.10664,1.2195,-1.0952,0.25901,1.2832,0.36477
0.11572,1.2163,-1.0922,0.26162,1.2758,0.37158
0.12636,1.21,-1.0893,0.26704,1.2741,0.37455
0.13107,1.2081,-1.0856,0.26843,1.2722,0.37804
0.14259,1.2018,-1.0821,0.2803,1.2666,0.38589
0.15394,1.1969,-1.0779,0.28205,1.2629,0.39043
0.16773,1.1903,-1.0736,0.28536,1.2605,0.3941
0.17593,1.1856,-1.0701,0.29356,1.2542,0.40212
0.1878,1.1788,-1.0667,0.29636,1.2518,0.40492
0.19408,1.175,-1.0647,0.3002,1.2472,0.41155
0.20054,1.1701,-1.0619,0.30491,1.2432,0.41469
0.21241,1.1631,-1.0589,0.30648,1.2401,0.41713
0.21817,1.1592,-1.0559,0.3098,1.2329,0.42185
0.2323,1.1512,-1.0524,0.31224,1.2305,0.42412
0.23562,1.1463,-1.0502,0.31398,1.2282,0.42638
0.24731,1.1407,-1.0475,0.32149,1.2243,0.43162
0.25552,1.1353,-1.0449,0.32358,1.2219,0.43476
0.26494,1.1287,-1.0414,0.3255,1.2165,0.44017
0.27437,1.12,-1.036,0.32638,1.2154,0.44279
0.27925,1.1116,-1.0294,0.32655,1.2128,0.44698
0.28658,1.1034,-1.0219,0.33249,1.2102,0.45448
0.29758,1.0947,-1.0154,0.33336,1.2088,0.45867
0.30439,1.0886,-1.0105,0.33807,1.2081,0.46286
0.318,1.0793,-1.0053,0.34313,1.2034,0.46984
0.32585,1.0701,-1.0002,0.3461,1.2001,0.47211
0.33929,1.0605,-0.99431,0.34959,1.1968,0.47892
0.34819,1.0495,-0.98733,0.35378,1.1956,0.48346
0.35989,1.0395,-0.98175,0.35587,1.1942,0.48852
0.36861,1.0311,-0.97669,0.36093,1.1894,0.49882
0.3817,1.0217,-0.97267,0.366,1.1866,0.50196
0.39183,1.0132,-0.97023,0.36792,1.1833,0.50405
0.403,1.0037,-0.96761,0.37245,1.1758,0.50894
0.40911,0.99519,-0.96604,0.37402,1.1711,0.51156
0.42115,0.98437,-0.96325,0.37804,1.1645,0.51941
0.43214,0.97197,-0.95958,0.38101,1.1605,0.52447
0.44384,0.96185,-0.9547,0.38554,1.1575,0.52831
0.45396,0.95278,-0.95033,0.39026,1.1517,0.53582
0.46914,0.94318,-0.94614,0.39444,1.1484,0.53896
0.47839,0.93462,-0.9444,0.39636,1.1465,0.54123
0.4866,0.92747,-0.94283,0.40404,1.1406,0.54559
0.4948,0.91787,-0.94038,0.4105,1.1371,0.54838
0.50457,0.90792,-0.93794,0.41452,1.135,0.55205
0.51313,0.89884,-0.93235,0.4194,1.1308,0.55955
0.52377,0.88872,-0.92799,0.42429,1.1278,0.56392
0.53686,0.8779,-0.92345,0.43145,1.1203,0.57229
0.54384,0.8676,-0.91874,0.43267,1.1172,0.57718
0.54995,0.85905,-0.91612,0.43808,1.114,0.5805
0.56077,0.84963,-0.91368,0.44227,1.1069,0.58783
0.56601,0.83863,-0.91019,0.44331,1.1027,0.59236
0.57613,0.82694,-0.90565,0.44628,1.0994,0.59638
0.58538,0.81629,-0.90094,0.44977,1.0933,0.60633
0.59097,0.80669,-0.8971,0.44995,1.0889,0.60982
0.59498,0.80146,-0.89553,0.44768,1.0777,0.61174
0.60319,0.79674,-0.89797,0.44663,1.0695,0.60947
0.61279,0.79238,-0.90303,0.44366,1.0612,0.60633
0.61854,0.78994,-0.90775,0.43843,1.0439,0.59847
0.62588,0.78819,-0.91368,0.43127,1.0357,0.59376
0.62971,0.78837,-0.92031,0.4283,1.0276,0.58905
0.63059,0.79116,-0.92694,0.41661,1.0144,0.57631
0.63774,0.79151,-0.9355,0.4112,1.0083,0.5695
0.64106,0.79273,-0.94161,0.39933,1.0001,0.55676
0.64664,0.79238,-0.94754,0.392,0.99623,0.55257
0.64769,0.79255,-0.9519,0.38607,0.99292,0.54734
0.64891,0.79639,-0.95784,0.37751,0.98751,0.53686
0.64891,0.79936,-0.9636,0.37176,0.98471,0.5318
0.64577,0.80355,-0.97075,0.36547,0.98105,0.52552
0.64472,0.80756,-0.97756,0.35308,0.97477,0.51225
0.64595,0.81263,-0.98489,0.34488,0.97232,0.50597
0.64926,0.81472,-0.99239,0.33685,0.97145,0.49375
0.64525,0.81978,-0.99763,0.33336,0.9711,0.48834
0.6531,0.82205,-1.0029,0.33039,0.97407,0.48485
0.64682,0.82676,-1.0074,0.32132,0.97721,0.47595
0.64385,0.83235,-1.0118,0.31713,0.97965,0.47141
0.64228,0.83654,-1.0161,0.31276,0.98175,0.46705
0.63355,0.84439,-1.0217,0.30421,0.98611,0.45605
0.63443,0.85155,-1.0263,0.29967,0.9889,0.45012
0.63198,0.85573,-1.0317,0.29252,0.99449,0.43878
0.62657,0.86429,-1.0371,0.28501,0.99676,0.43302
0.62535,0.87005,-1.0423,0.27908,0.9992,0.42621
0.61854,0.87825,-1.0488,0.26826,1.0048,0.4119
0.61034,0.8882,-1.0557,0.26389,1.0076,0.40474
0.60964,0.895,-1.0613,0.25674,1.0111,0.39794
0.60353,0.90216,-1.068,0.24888,1.0198,0.38711
0.60004,0.90932,-1.073,0.24208,1.0247,0.38293
0.59935,0.91368,-1.077,0.23283,1.0343,0.3735
0.58643,0.9231,-1.0819,0.23073,1.0392,0.36896
0.58154,0.93061,-1.0866,0.22567,1.0446,0.36495
0.57701,0.93689,-1.09,0.21415,1.0526,0.35727
0.57561,0.94161,-1.094,0.21136,1.0578,0.35273
0.56584,0.95016,-1.0983,0.20577,1.0629,0.34802
0.55711,0.95853,-1.1027,0.19391,1.0722,0.3365
0.54838,0.96988,-1.1088,0.18658,1.0788,0.32917
0.54838,0.97878,-1.1144,0.1789,1.09,0.31398
0.5414,0.98803,-1.12,0.17645,1.0978,0.30753
0.5339,0.99676,-1.1254,0.16947,1.102,0.30142
0.52726,1.0057,-1.1304,0.16074,1.1139,0.28972
0.52465,1.0133,-1.136,0.15621,1.1212,0.28414
0.51766,1.0208,-1.1404,0.15115,1.1257,0.2789
0.50964,1.0294,-1.1453,0.14469,1.1394,0.26721
0.49916,1.0413,-1.1505,0.13648,1.1449,0.2604
0.49724,1.0498,-1.1559,0.12706,1.1572,0.24819
0.48974,1.0577,-1.1606,0.12339,1.1636,0.2426
0.48119,1.0666,-1.1652,0.11641,1.169,0.23719
0.47264,1.0763,-1.1708,0.10629,1.1816,0.22637
0.47054,1.0832,-1.175,0.1028,1.1886,0.22078
0.46373,1.0908,-1.1795,0.10053,1.1968,0.21555
0.45431,1.0983,-1.1837,0.092328,1.2085,0.20612
0.44733,1.1064,-1.187,0.087616,1.2144,0.20159
0.43843,1.1147,-1.1912,0.080809,1.2285,0.19199
0.43389,1.1238,-1.1945,0.07854,1.2348,0.1871
0.42883,1.1315,-1.1982,0.070162,1.2411,0.18082
0.42691,1.1388,-1.2039,0.064926,1.254,0.1693
0.42115,1.1455,-1.2072,0.061261,1.2598,0.16336
0.41225,1.1537,-1.2118,0.05044,1.2725,0.14905
0.4023,1.1659,-1.2181,0.047124,1.2792,0.14242
0.4016,1.1727,-1.223,0.040841,1.284,0.13596
0.38938,1.1816,-1.2277,0.03002,1.2957,0.12182
0.3831,1.1924,-1.2332,0.026529,1.302,0.11432
0.37699,1.201,-1.2383,0.021118,1.3085,0.10734
0.3721,1.2086,-1.2435,0.008203,1.3205,0.09512
0.36617,1.2141,-1.2472,0.0031416,1.3268,0.089186
0.35552,1.2216,-1.2505,-0.005236,1.3383,0.077493
0.34575,1.2298,-1.2544,-0.011345,1.3432,0.071558
0.3379,1.2394,-1.2582,-0.0185,1.3488,0.064403
0.33493,1.2455,-1.2624,-0.032463,1.358,0.049218
0.3255,1.2524,-1.2669,-0.043459,1.3615,0.039794
0.31346,1.2605,-1.2715,-0.047997,1.3664,0.032114
0.30299,1.2689,-1.2758,-0.065624,1.3741,0.015533
0.29252,1.2767,-1.2795,-0.077493,1.3778,0.0069813
0.28955,1.2825,-1.2844,-0.094248,1.3854,-0.0097738
0.27279,1.2921,-1.2893,-0.10228,1.3868,-0.017802
0.26721,1.299,-1.2938,-0.11153,1.3884,-0.027053
0.25988,1.3059,-1.2997,-0.1302,1.3886,-0.047822
0.25342,1.3109,-1.3043,-0.14032,1.3881,-0.059167
0.24487,1.3163,-1.3111,-0.14975,1.3879,-0.068766
0.23789,1.3203,-1.317,-0.16546,1.3875,-0.087616
0.22934,1.3258,-1.3235,-0.17558,1.3863,-0.098437
0.23021,1.3301,-1.3291,-0.18291,1.3872,-0.11345
0.22794,1.3324,-1.334,-0.18518,1.3867,-0.11746
0.21956,1.3336,-1.3362,-0.18867,1.3844,-0.11921
0.21206,1.3331,-1.3367,-0.18762,1.3809,-0.11519
0.20752,1.3315,-1.336,-0.18954,1.376,-0.11362
0.20455,1.3273,-1.3354,-0.18605,1.3746,-0.11118
0.1953,1.3258,-1.3348,-0.18448,1.3676,-0.10681
0.19146,1.3238,-1.3354,-0.18553,1.3657,-0.10751
0.1885,1.324,-1.3383,-0.17349,1.3568,-0.10036
0.18727,1.3214,-1.3416,-0.17767,1.3472,-0.096691
0.17453,1.316,-1.3425,-0.17802,1.3444,-0.096168
0.16685,1.3128,-1.3456,-0.17314,1.3436,-0.099135
0.16877,1.3139,-1.3505,-0.17436,1.342,-0.099658
0.16598,1.3149,-1.3558,-0.17314,1.3394,-0.09896
0.16633,1.3142,-1.3603,-0.17645,1.332,-0.098262
0.15882,1.3127,-1.3621,-0.17785,1.3329,-0.10071
0.15202,1.3148,-1.365,-0.17802,1.3401,-0.10455
0.14626,1.3186,-1.3689,-0.17663,1.3395,-0.10594
0.14259,1.3207,-1.3703,-0.18169,1.3385,-0.10786
0.13893,1.3216,-1.3715,-0.18221,1.3383,-0.10943
0.13125,1.3224,-1.3718,-0.18134,1.3395,-0.10926
0.12671,1.3233,-1.3724,-0.18239,1.3392,-0.10873
0.12339,1.3237,-1.3731,-0.185,1.3408,-0.10716
0.11606,1.3238,-1.3732,-0.185,1.3409,-0.10577
0.11222,1.3247,-1.3732,-0.18727,1.3411,-0.10594
0.10804,1.3251,-1.3737,-0.18972,1.3409,-0.10612
0.10489,1.3251,-1.3746,-0.18937,1.3409,-0.10524
0.10036,1.3252,-1.3753,-0.19146,1.3415,-0.10437
0.098262,1.3256,-1.3757,-0.19338,1.3409,-0.10385
0.095295,1.3254,-1.3758,-0.19373,1.3423,-0.10332
0.08971,1.3254,-1.3757,-0.19443,1.3423,-0.1021
0.086743,1.3252,-1.376,-0.19408,1.343,-0.10193
0.08203,1.3247,-1.375,-0.19426,1.345,-0.10228
0.076445,1.3254,-1.3764,-0.196,1.3472,-0.10489
0.078016,1.3247,-1.3764,-0.19373,1.3479,-0.10647
0.070686,1.3261,-1.3772,-0.20054,1.3509,-0.11118
0.070511,1.3277,-1.379,-0.20438,1.3519,-0.11554
0.066846,1.3299,-1.3825,-0.20787,1.3549,-0.1213
0.062832,1.3338,-1.3888,-0.21276,1.3612,-0.13753
0.067195,1.3385,-1.3949,-0.21625,1.3652,-0.14905
0.059865,1.3448,-1.4001,-0.22654,1.3717,-0.17104
0.061959,1.3495,-1.4045,-0.23073,1.3744,-0.18082
0.059167,1.3542,-1.4094,-0.2351,1.3765,-0.19024
0.055676,1.3565,-1.413,-0.24679,1.3778,-0.21066
0.049567,1.3582,-1.4165,-0.2508,1.3783,-0.22026
0.048171,1.3598,-1.4205,-0.25133,1.3779,-0.23073
0.040317,1.3594,-1.4237,-0.26529,1.3729,-0.24888
0.039968,1.3591,-1.4268,-0.26913,1.3692,-0.25848
0.034034,1.358,-1.4312,-0.28309,1.3638,-0.28013
0.03002,1.3563,-1.4347,-0.29025,1.3619,-0.29095
0.025656,1.3561,-1.439,-0.29653,1.3594,-0.30159
0.021991,1.3554,-1.4434,-0.30805,1.3518,-0.32271
0.015533,1.3526,-1.4465,-0.3173,1.3479,-0.33318
0.012741,1.3491,-1.4511,-0.32271,1.3434,-0.344
0.013788,1.3456,-1.4556,-0.3372,1.332,-0.36338
0.0080285,1.3416,-1.4586,-0.3468,1.3242,-0.37245
0.0034907,1.3357,-1.4621,-0.35901,1.3081,-0.38781
-0.0057596,1.3291,-1.4659,-0.36442,1.2994,-0.3941
-0.010297,1.3196,-1.4687,-0.37402,1.2889,-0.40108
-0.0083776,1.3106,-1.4717,-0.38467,1.2692,-0.41347
-0.012915,1.3024,-1.476,-0.38973,1.2589,-0.42062
-0.019897,1.2938,-1.4793,-0.39549,1.2511,-0.42743
-0.026878,1.2849,-1.4827,-0.40614,1.2346,-0.44262
-0.032289,1.2767,-1.4865,-0.41172,1.2263,-0.45117
-0.032987,1.2692,-1.4903,-0.42342,1.21,-0.46583
-0.034907,1.2613,-1.4938,-0.4304,1.2013,-0.47298
-0.037525,1.2531,-1.4978,-0.43668,1.1921,-0.48014
-0.045728,1.2441,-1.5012,-0.45204,1.1741,-0.49428
-0.050265,1.2353,-1.5053,-0.45728,1.1661,-0.50161
-0.058119,1.2261,-1.5085,-0.46478,1.1561,-0.51068
-0.061959,1.2179,-1.513,-0.47386,1.1402,-0.52622
-0.058469,1.2085,-1.5169,-0.47962,1.1315,-0.53512
-0.060563,1.2006,-1.5216,-0.49026,1.1168,-0.55065
-0.066323,1.1924,-1.5251,-0.49567,1.1092,-0.55816
-0.075049,1.1832,-1.5287,-0.50196,1.101,-0.56584
-0.081856,1.1725,-1.5321,-0.51435,1.0826,-0.58224
-0.081681,1.1627,-1.5357,-0.5229,1.0739,-0.59149
-0.083427,1.154,-1.5396,-0.52779,1.0669,-0.60057
-0.086219,1.1451,-1.5434,-0.53669,1.0524,-0.62012
-0.093375,1.1364,-1.5483,-0.54402,1.0441,-0.63163
-0.094597,1.1277,-1.5532,-0.55763,1.0318,-0.65712
-0.097389,1.1214,-1.5586,-0.56636,1.025,-0.6709
-0.10245,1.1147,-1.5638,-0.57299,1.0189,-0.68434
-0.10856,1.1074,-1.5689,-0.5894,1.0043,-0.71157
-0.11397,1.099,-1.5738,-0.59568,0.99693,-0.72379
-0.11327,1.0896,-1.579,-0.60319,0.98873,-0.73653
-0.11222,1.0795,-1.5834,-0.6175,0.97372,-0.75974
-0.11798,1.0701,-1.587,-0.62378,0.96674,-0.76934
-0.12689,1.0592,-1.5898,-0.62971,0.95801,-0.78121
-0.1316,1.0477,-1.594,-0.64054,0.94108,-0.80303
-0.12811,1.0362,-1.5977,-0.64315,0.93201,-0.81629
-0.12881,1.0254,-1.6024,-0.65712,0.91351,-0.84282
-0.13404,1.0142,-1.6085,-0.66078,0.90443,-0.85713
-0.14137,1.0039,-1.6148,-0.66951,0.89605,-0.87336
-0.14382,0.99501,-1.6207,-0.68557,0.88174,-0.90478
-0.14312,0.98541,-1.6261,-0.69551,0.87424,-0.92241
-0.148,0.97669,-1.6324,-0.70441,0.86743,-0.93759
-0.1576,0.96587,-1.6368,-0.72169,0.85015,-0.96744
-0.16406,0.95243,-1.6403,-0.73007,0.84003,-0.98175
-0.16354,0.93777,-1.6441,-0.74787,0.81926,-1.0074
-0.17017,0.92293,-1.649,-0.75451,0.80791,-1.0208
-0.17733,0.90775,-1.6521,-0.75712,0.79779,-1.0339
-0.18378,0.89343,-1.657,-0.76777,0.77458,-1.0606
-0.18884,0.87895,-1.6647,-0.78348,0.76201,-1.0753
-0.18919,0.86254,-1.6705,-0.79412,0.74944,-1.0858
-0.19652,0.83828,-1.6727,-0.80861,0.70703,-1.095
-0.19792,0.80582,-1.6734,-0.80634,0.68155,-1.0919
-0.19722,0.76969,-1.6731,-0.79727,0.62622,-1.0753
-0.19949,0.73234,-1.6712,-0.79098,0.59865,-1.0631
-0.19984,0.69394,-1.6691,-0.784,0.57002,-1.0493
-0.20124,0.65799,-1.6673,-0.7758,0.51697,-1.02
-0.20106,0.62448,-1.6654,-0.77004,0.49358,-1.0046
-0.19879,0.59324,-1.6638,-0.76707,0.47211,-0.98978
-0.20036,0.56235,-1.6623,-0.76533,0.43319,-0.96307
-0.20228,0.53774,-1.6609,-0.76166,0.41696,-0.94911
-0.20508,0.5133,-1.6589,-0.76358,0.38642,-0.92415
-0.20508,0.49183,-1.6561,-0.76306,0.37525,-0.91106
-0.20211,0.47229,-1.6551,-0.76044,0.36268,-0.89815
-0.20665,0.45379,-1.6534,-0.75974,0.34261,-0.87005
-0.20508,0.43598,-1.6495,-0.758,0.33371,-0.85556
-0.2042,0.42132,-1.6464,-0.75765,0.32603,-0.8395
-0.20857,0.40701,-1.6432,-0.75294,0.31416,-0.80931
-0.20577,0.39479,-1.6392,-0.74892,0.3098,-0.79482
-0.20193,0.38327,-1.6357,-0.74246,0.30648,-0.7648
-0.19792,0.37542,-1.6312,-0.73618,0.3077,-0.75067
-0.20124,0.36809,-1.6279,-0.73566,0.3084,-0.73653
-0.20385,0.3632,-1.624,-0.73147,0.31364,-0.71384
-0.20246,0.36128,-1.62,-0.73094,0.31643,-0.70476
-0.20036,0.36128,-1.6176,-0.73059,0.32097,-0.69464
-0.20193,0.36146,-1.6158,-0.73443,0.3269,-0.67684
-0.20543,0.36128,-1.613,-0.73182,0.33109,-0.66619
-0.20508,0.36111,-1.6102,-0.72536,0.33807,-0.6463
-0.20159,0.36163,-1.6076,-0.72518,0.34069,-0.636
-0.19879,0.36216,-1.6048,-0.72082,0.34523,-0.62238
-0.20246,0.36233,-1.6012,-0.71524,0.35343,-0.59603
-0.20193,0.36355,-1.5963,-0.71349,0.35727,-0.58399
-0.19391,0.3653,-1.5917,-0.70494,0.3646,-0.56845
-0.19513,0.36809,-1.5881,-0.69464,0.37664,-0.54
-0.19652,0.37193,-1.5821,-0.68661,0.38554,-0.52639
-0.19356,0.37734,-1.5769,-0.67806,0.40317,-0.49829
-0.18954,0.3831,-1.5715,-0.67474,0.41225,-0.48573
-0.18518,0.3906,-1.5677,-0.66933,0.42132,-0.47002
-0.18623,0.39706,-1.5621,-0.6627,0.43947,-0.44401
-0.18867,0.40561,-1.5568,-0.65607,0.44995,-0.43005
-0.18727,0.41469,-1.5532,-0.65206,0.45675,-0.41591
-0.17733,0.4222,-1.5488,-0.63582,0.47647,-0.38851
-0.17418,0.43092,-1.5453,-0.62745,0.48764,-0.3735
-0.17872,0.44122,-1.5416,-0.61366,0.50684,-0.35081
-0.17471,0.45239,-1.5383,-0.60999,0.51941,-0.34139
-0.16825,0.46496,-1.5375,-0.60476,0.5311,-0.33109
-0.16982,0.47909,-1.5355,-0.59586,0.55554,-0.31608
-0.17226,0.4941,-1.5329,-0.59167,0.56688,-0.30683
-0.16947,0.50841,-1.5303,-0.58783,0.5798,-0.29793
-0.16738,0.52185,-1.527,-0.57893,0.60196,-0.27768
-0.16773,0.53564,-1.5247,-0.57369,0.61261,-0.26738
-0.16476,0.54873,-1.5226,-0.56461,0.6346,-0.24679
-0.15725,0.56165,-1.5212,-0.55851,0.64542,-0.23579
-0.15865,0.57544,-1.5183,-0.55344,0.65712,-0.22445
-0.14905,0.5873,-1.5151,-0.53634,0.67946,-0.19757
-0.1508,0.59987,-1.5106,-0.525,0.68975,-0.18186
-0.14643,0.61017,-1.505,-0.51766,0.7004,-0.16389
-0.14626,0.61907,-1.4989,-0.49899,0.71977,-0.12549
-0.14678,0.62867,-1.494,-0.48747,0.72833,-0.10559
-0.14207,0.63739,-1.4895,-0.46164,0.74578,-0.065799
-0.12985,0.64403,-1.4835,-0.44646,0.75538,-0.048869
-0.13212,0.65415,-1.4786,-0.43598,0.76533,-0.030369
-0.12531,0.66637,-1.4764,-0.40038,0.79029,0.0005236
-0.11502,0.67823,-1.4736,-0.38781,0.80198,0.014137
-0.10856,0.69202,-1.4718,-0.3735,0.81315,0.0281
-0.097215,0.70791,-1.4704,-0.34627,0.83723,0.047473
-0.088837,0.72466,-1.4732,-0.33563,0.84963,0.055327
-0.063705,0.74368,-1.4783,-0.30875,0.87965,0.063879
-0.050091,0.76393,-1.482,-0.29653,0.89745,0.064577
-0.03735,0.78976,-1.4872,-0.28431,0.91735,0.06545
-0.020071,0.8128,-1.4902,-0.26616,0.95382,0.066672
-0.01309,0.83776,-1.494,-0.26285,0.96953,0.067893
0.0094248,0.85608,-1.4949,-0.25203,0.98786,0.068766
0.038746,0.87755,-1.4947,-0.23544,1.0212,0.07086
0.056025,0.8957,-1.4944,-0.23126,1.0355,0.071035
0.088488,0.91525,-1.4944,-0.21817,1.053,0.072082
0.1138,0.93235,-1.494,-0.20769,1.0798,0.073827
0.15202,0.94771,-1.4947,-0.20054,1.0941,0.075398
0.17209,0.96604,-1.4952,-0.18867,1.1229,0.077842
0.19443,0.98157,-1.4961,-0.18343,1.1367,0.077842
0.20211,0.99868,-1.4949,-0.17925,1.1495,0.077842
0.21328,1.013,-1.4942,-0.16581,1.1807,0.078191
0.21956,1.0285,-1.4928,-0.16109,1.1956,0.077318
0.22148,1.0444,-1.491,-0.1487,1.231,0.075049
0.22864,1.0594,-1.4882,-0.13998,1.2507,0.072606
0.22881,1.0763,-1.4868,-0.13439,1.2697,0.070511
0.23527,1.0928,-1.4851,-0.12968,1.3052,0.063355
0.23702,1.1095,-1.4858,-0.1302,1.3217,0.05777
0.23562,1.1266,-1.4868,-0.12741,1.3376,0.055152
0.23684,1.1418,-1.4868,-0.12182,1.3654,0.046426
0.2351,1.1533,-1.4867,-0.12287,1.3746,0.042935
0.23824,1.1647,-1.4874,-0.1213,1.3942,0.034208
0.2419,1.1732,-1.4879,-0.12305,1.4024,0.03002
0.23527,1.1835,-1.4889,-0.12165,1.4106,0.025831
0.23754,1.1915,-1.4886,-0.11938,1.4244,0.016755
0.23422,1.1982,-1.4889,-0.1227,1.4301,0.012741
0.23841,1.2043,-1.4868,-0.12078,1.4382,0.0092502
0.23684,1.2116,-1.4861,-0.11886,1.4511,0.0029671
0.23614,1.2172,-1.4849,-0.11746,1.4579,-0.00017453
0.23824,1.2216,-1.4834,-0.1199,1.4671,-0.005236
0.23579,1.2273,-1.4807,-0.11903,1.4697,-0.007854
0.23789,1.2305,-1.4795,-0.11903,1.4706,-0.01117
0.24033,1.232,-1.4788,-0.11519,1.4692,-0.01885
0.24033,1.232,-1.4778,-0.11641,1.4682,-0.021642
0.24225,1.2324,-1.4788,-0.11205,1.4661,-0.025831
0.23492,1.231,-1.4786,-0.11432,1.4598,-0.033161
0.22951,1.2289,-1.4776,-0.11886,1.4546,-0.036477
0.22899,1.2245,-1.4762,-0.12357,1.4462,-0.043808
0.22689,1.2226,-1.4753,-0.12776,1.4395,-0.046949
0.22794,1.2184,-1.4753,-0.13003,1.4331,-0.051313
0.22358,1.2132,-1.4755,-0.13474,1.4179,-0.05969
0.21869,1.2074,-1.4762,-0.14067,1.409,-0.06353
0.21677,1.2013,-1.4765,-0.14399,1.3996,-0.067893
0.21712,1.1938,-1.4774,-0.14957,1.3804,-0.075224
0.21415,1.1863,-1.4776,-0.15429,1.3699,-0.079238
0.21171,1.1777,-1.4774,-0.1576,1.3497,-0.085172
0.20874,1.1692,-1.4764,-0.1604,1.3395,-0.08779
0.20403,1.1591,-1.4762,-0.16284,1.3284,-0.091106
0.19984,1.1498,-1.4748,-0.16825,1.3052,-0.097389
0.19844,1.139,-1.475,-0.17488,1.2945,-0.10071
0.19338,1.1292,-1.4745,-0.1761,1.2828,-0.1042
0.19286,1.1189,-1.4757,-0.1864,1.2582,-0.11205
0.18954,1.1076,-1.4771,-0.19146,1.2462,-0.11659
0.18326,1.0968,-1.4781,-0.20193,1.2207,-0.12514
0.17733,1.0851,-1.4795,-0.20682,1.2085,-0.12811
0.17314,1.0732,-1.4799,-0.21101,1.1962,-0.13299
0.17087,1.0598,-1.48,-0.21886,1.1699,-0.13998
0.1679,1.0468,-1.4806,-0.2255,1.1559,-0.14364
0.16109,1.0338,-1.4816,-0.22986,1.1421,-0.14643
0.15499,1.0189,-1.4821,-0.24103,1.1142,-0.15237
0.15237,1.005,-1.4828,-0.24644,1.1013,-0.15586
0.148,0.99152,-1.4834,-0.25395,1.0755,-0.16266
0.14608,0.97756,-1.4844,-0.25936,1.064,-0.16685
0.13788,0.96587,-1.4842,-0.26285,1.0519,-0.17104
0.1302,0.9526,-1.4853,-0.27681,1.0278,-0.18099
0.12671,0.94003,-1.4858,-0.2796,1.0186,-0.1864
0.12008,0.92869,-1.4874,-0.28623,1.0107,-0.19268
0.11868,0.91769,-1.4881,-0.2974,0.99344,-0.2056
0.11414,0.90862,-1.49,-0.30299,0.98576,-0.2138
0.10996,0.89954,-1.4914,-0.31224,0.97075,-0.22916
0.11083,0.89029,-1.491,-0.31311,0.96325,-0.23562
0.10647,0.88,-1.4933,-0.318,0.95295,-0.24278
0.09896,0.86691,-1.4937,-0.32498,0.92799,-0.25377
0.094597,0.85137,-1.4931,-0.33022,0.91281,-0.25866
0.090757,0.83357,-1.4942,-0.33249,0.89658,-0.26267
0.08203,0.81385,-1.4954,-0.34313,0.85835,-0.26965
0.075573,0.7922,-1.4961,-0.35099,0.83654,-0.27157
0.068417,0.76969,-1.4963,-0.36006,0.79482,-0.27262
0.065624,0.74613,-1.4957,-0.36268,0.7737,-0.27192
0.059341,0.72257,-1.4957,-0.36879,0.75014,-0.27175
0.053058,0.69761,-1.4963,-0.3749,0.70232,-0.26616
0.046251,0.6723,-1.497,-0.38118,0.67789,-0.26337
0.035081,0.64664,-1.4964,-0.38485,0.65293,-0.2604
0.027576,0.62116,-1.4964,-0.39252,0.60598,-0.2536
0.022166,0.5969,-1.4978,-0.39654,0.58329,-0.2508
0.013963,0.57404,-1.4991,-0.40823,0.54088,-0.24312
0.0080285,0.55205,-1.5001,-0.4105,0.52028,-0.23946
0.0005236,0.53058,-1.5024,-0.41556,0.49882,-0.23614
-0.0045379,0.50807,-1.5033,-0.42603,0.4592,-0.22759
-0.007854,0.48782,-1.5036,-0.43022,0.44104,-0.2227
-0.012566,0.4688,-1.5048,-0.43337,0.42342,-0.21852
-0.017453,0.45012,-1.5062,-0.44104,0.38903,-0.20804
-0.023213,0.43284,-1.5064,-0.44052,0.3742,-0.20193
-0.027227,0.41644,-1.5076,-0.44384,0.34592,-0.18972
-0.026354,0.40125,-1.5088,-0.44785,0.33318,-0.18448
-0.030369,0.38834,-1.5095,-0.44576,0.32149,-0.17785
-0.035605,0.37647,-1.5111,-0.44733,0.30281,-0.1693
-0.038048,0.36582,-1.5123,-0.45012,0.29409,-0.16458
-0.03927,0.35675,-1.5146,-0.45221,0.28676,-0.16005
-0.043459,0.34994,-1.5162,-0.45483,0.27524,-0.15132
-0.045379,0.34243,-1.5181,-0.4571,0.27018,-0.14608
-0.050789,0.33528,-1.5202,-0.45955,0.25883,-0.13474
-0.049567,0.32899,-1.5195,-0.45867,0.25447,-0.12811
-0.05236,0.32323,-1.5207,-0.46286,0.24853,-0.1213
-0.055152,0.31748,-1.5221,-0.46199,0.23981,-0.10891
-0.058992,0.31276,-1.5231,-0.46251,0.23544,-0.10297
-0.060737,0.30823,-1.5245,-0.46042,0.23318,-0.096866
-0.058643,0.30386,-1.5259,-0.46059,0.22846,-0.083427
-0.064577,0.30247,-1.5268,-0.46059,0.22811,-0.077493
-0.071035,0.30159,-1.5275,-0.46059,0.23021,-0.066672
-0.067544,0.30194,-1.5291,-0.46373,0.23056,-0.061785
-0.070686,0.30421,-1.5305,-0.46147,0.23335,-0.057072
-0.071209,0.30665,-1.5327,-0.46304,0.23998,-0.049916
-0.072257,0.31015,-1.535,-0.46094,0.24452,-0.045902
-0.077493,0.31503,-1.5371,-0.46269,0.24888,-0.042062
-0.074002,0.3194,-1.538,-0.46321,0.25831,-0.034907
-0.078365,0.32515,-1.5403,-0.466,0.26389,-0.030543
-0.080285,0.33091,-1.541,-0.46042,0.27524,-0.021817
-0.077144,0.33667,-1.5422,-0.46077,0.281,-0.017453
-0.079412,0.34366,-1.543,-0.46007,0.28815,-0.011519
-0.076969,0.35046,-1.543,-0.45326,0.30229,-0.0027925
-0.080809,0.35797,-1.5429,-0.45431,0.30753,0.0027925
-0.079587,0.36442,-1.5432,-0.45274,0.31643,0.0087266
-0.074002,0.37315,-1.5429,-0.44768,0.33336,0.018151
-0.076271,0.38275,-1.5432,-0.44488,0.34243,0.021991
-0.079587,0.39218,-1.5437,-0.44017,0.36198,0.030892
-0.075747,0.40247,-1.5439,-0.43598,0.37315,0.03351
-0.07278,0.41312,-1.5444,-0.43406,0.38432,0.037176
-0.069988,0.42534,-1.5451,-0.4283,0.40701,0.044157
-0.074002,0.43686,-1.5451,-0.42569,0.41713,0.048346
-0.07278,0.44768,-1.5446,-0.42324,0.42795,0.052185
-0.069639,0.45867,-1.5446,-0.41644,0.4475,0.060388
-0.070511,0.47106,-1.5448,-0.41644,0.4571,0.06353
-0.073304,0.48223,-1.5448,-0.4119,0.47316,0.072082
-0.072082,0.49236,-1.5446,-0.40998,0.48084,0.075922
-0.06929,0.50318,-1.5448,-0.40945,0.48747,0.079936
-0.072606,0.51505,-1.5455,-0.40596,0.50091,0.087616
-0.0747,0.5243,-1.5462,-0.40911,0.50615,0.091281
-0.07086,0.53564,-1.5471,-0.40684,0.51016,0.094073
-0.083078,0.54594,-1.5481,-0.40823,0.51871,0.10088
-0.083252,0.55536,-1.5476,-0.41225,0.52238,0.1035
-0.078365,0.56549,-1.549,-0.4112,0.52587,0.10716
-0.084998,0.57544,-1.5506,-0.41294,0.53686,0.11362
-0.089361,0.58591,-1.5525,-0.41155,0.54437,0.11572
-0.08779,0.59673,-1.5521,-0.40492,0.5599,0.12305
-0.086219,0.60947,-1.5521,-0.40596,0.56688,0.12846
-0.092852,0.62273,-1.5512,-0.40544,0.57509,0.13317
-0.09547,0.63478,-1.5486,-0.40422,0.5887,0.14207
-0.094422,0.64734,-1.5488,-0.40544,0.59481,0.14643
-0.09704,0.65991,-1.5495,-0.40143,0.60511,0.15097
-0.10594,0.6737,-1.55,-0.40125,0.62779,0.15882
-0.10472,0.68906,-1.5493,-0.40265,0.64228,0.16022
-0.1014,0.70459,-1.5507,-0.39636,0.67981,0.16354
-0.10786,0.72414,-1.553,-0.39619,0.69883,0.16301
-0.11275,0.74421,-1.554,-0.39654,0.71855,0.16214
-0.10838,0.76358,-1.5572,-0.3941,0.76201,0.16232
-0.10315,0.78278,-1.5591,-0.38589,0.78679,0.16127
-0.10367,0.80442,-1.5612,-0.37926,0.81018,0.159
-0.1014,0.82746,-1.561,-0.36861,0.85573,0.15778
-0.099309,0.84893,-1.5621,-0.36879,0.87319,0.15586
-0.093899,0.8683,-1.5631,-0.36285,0.90652,0.15865
-0.092328,0.88645,-1.5635,-0.36024,0.92258,0.15935
-0.094422,0.90373,-1.565,-0.36303,0.93585,0.15778
-0.094422,0.92084,-1.5696,-0.36425,0.96499,0.14818
-0.098786,0.93707,-1.5764,-0.37001,0.98105,0.14067
-0.1035,0.95539,-1.5849,-0.37507,0.9985,0.12985
-0.10263,0.97442,-1.5951,-0.38938,1.0364,0.10263
-0.11519,0.99606,-1.6061,-0.39514,1.0575,0.087441
-0.11467,1.0167,-1.6202,-0.39846,1.0973,0.056549
-0.11362,1.0376,-1.6322,-0.40352,1.1153,0.041364
-0.11729,1.0584,-1.6443,-0.40317,1.1341,0.02426
-0.12828,1.0753,-1.657,-0.42481,1.1673,-0.015359
-0.13107,1.0929,-1.6708,-0.42761,1.1872,-0.039444
-0.13998,1.113,-1.6893,-0.44157,1.1996,-0.06737
-0.14905,1.1298,-1.7102,-0.4578,1.2308,-0.1227
-0.15289,1.1444,-1.7289,-0.47124,1.2409,-0.15045
-0.15115,1.1585,-1.7459,-0.48607,1.2605,-0.20246
-0.15429,1.1708,-1.7642,-0.49777,1.2652,-0.22951
-0.16284,1.1797,-1.7787,-0.50231,1.2741,-0.25325
-0.17698,1.188,-1.7923,-0.51382,1.2825,-0.30631
-0.18658,1.1933,-1.8059,-0.51906,1.2861,-0.33249
-0.19391,1.1975,-1.8226,-0.53075,1.2875,-0.38938
-0.19495,1.1983,-1.8392,-0.53983,1.2858,-0.4222
-0.20246,1.2025,-1.8579,-0.54908,1.2849,-0.45274
-0.21398,1.2051,-1.8771,-0.5716,1.2771,-0.5126
-0.22358,1.2038,-1.896,-0.58608,1.2711,-0.54245
-0.22811,1.1997,-1.9122,-0.59655,1.2634,-0.56845
-0.2412,1.1933,-1.9275,-0.62099,1.2413,-0.61907
-0.25918,1.1837,-1.9406,-0.62884,1.2268,-0.64193
-0.26477,1.1711,-1.9558,-0.64944,1.1943,-0.68469
-0.27088,1.1563,-1.9707,-0.66043,1.1758,-0.70546
-0.27611,1.138,-1.9827,-0.66794,1.158,-0.72449
-0.28868,1.1214,-1.9953,-0.67998,1.1285,-0.76166
-0.30089,1.1069,-2.0075,-0.68853,1.1156,-0.78069
-0.30997,1.0905,-2.0185,-0.69726,1.1029,-0.80111
-0.31241,1.0739,-2.0309,-0.71192,1.0776,-0.83915
-0.32707,1.0584,-2.0455,-0.72833,1.065,-0.85818
-0.34331,1.0411,-2.056,-0.74944,1.039,-0.89239
-0.35238,1.0229,-2.0661,-0.7559,1.0252,-0.90705
-0.36355,1.0039,-2.0775,-0.76986,1.0114,-0.9231
-0.37507,0.98175,-2.0836,-0.78121,0.97878,-0.94963
-0.38397,0.95976,-2.0892,-0.78313,0.9615,-0.95906
-0.39479,0.93585,-2.0939,-0.78924,0.94213,-0.96848
-0.40195,0.90932,-2.0975,-0.80198,0.90757,-0.98053
-0.40701,0.88366,-2.1002,-0.80355,0.89064,-0.98279
-0.41626,0.86097,-2.1031,-0.80948,0.86324,-0.99082
-0.41661,0.83514,-2.1038,-0.80879,0.84788,-0.99257
-0.41836,0.80966,-2.1052,-0.81158,0.83305,-0.99257
-0.42289,0.78103,-2.1047,-0.81175,0.79674,-0.99117
-0.41958,0.75014,-2.1019,-0.80425,0.77667,-0.9889
-0.42185,0.71925,-2.0998,-0.80599,0.75852,-0.98506
-0.41644,0.68714,-2.096,-0.79552,0.71785,-0.97477
-0.42062,0.6538,-2.0947,-0.80111,0.69953,-0.96866
-0.42062,0.62081,-2.0879,-0.7957,0.65712,-0.95138
-0.42638,0.58853,-2.0811,-0.79622,0.63827,-0.93969
-0.42953,0.55571,-2.0731,-0.79447,0.62169,-0.92572
-0.43197,0.5222,-2.0626,-0.79639,0.58818,-0.89815
-0.44209,0.49201,-2.0497,-0.80268,0.57386,-0.88157
-0.45413,0.46129,-2.0361,-0.80983,0.55693,-0.86603
-0.45955,0.42761,-2.023,-0.81577,0.52185,-0.83217
-0.47281,0.39636,-2.0097,-0.82432,0.50632,-0.81105
-0.48573,0.3639,-1.9965,-0.82955,0.47054,-0.77545
-0.49148,0.33161,-1.9811,-0.8327,0.45588,-0.75747
-0.50126,0.30177,-1.9675,-0.83549,0.44122,-0.73915
-0.51574,0.27227,-1.9551,-0.85067,0.41609,-0.69953
-0.52185,0.24382,-1.9394,-0.85399,0.40509,-0.67701
-0.53704,0.21921,-1.923,-0.85975,0.39636,-0.6531
-0.5496,0.19391,-1.901,-0.87197,0.37996,-0.60476
-0.56828,0.1686,-1.8771,-0.88104,0.37053,-0.57893
-0.58259,0.14277,-1.8523,-0.89797,0.35587,-0.52482
-0.59638,0.11589,-1.8218,-0.90146,0.34837,-0.50475
-0.61662,0.095644,-1.7944,-0.91246,0.34313,-0.47927
-0.62884,0.077144,-1.7734,-0.93829,0.33126,-0.42499
-0.65031,0.055851,-1.7509,-0.94405,0.31643,-0.40038
-0.66235,0.034907,-1.7186,-0.94318,0.30456,-0.37559
-0.6819,0.01693,-1.6909,-0.96464,0.28885,-0.31887
-0.69778,0.00069813,-1.664,-0.97704,0.28414,-0.29426
-0.70564,-0.014137,-1.6368,-0.99327,0.27279,-0.23998
-0.71995,-0.025133,-1.6071,-1.0025,0.27245,-0.20979
-0.74054,-0.032289,-1.5769,-1.0095,0.26669,-0.17523
-0.76253,-0.038223,-1.5488,-1.0505,0.24609,-0.093724
-0.78261,-0.053756,-1.5162,-1.0756,0.22585,-0.043808
-0.79412,-0.090583,-1.4804,-1.0933,0.20089,0.01309
-0.82484,-0.12287,-1.4411,-1.1306,0.13317,0.12706
-0.85504,-0.15725,-1.3991,-1.1572,0.092677,0.1878
-0.90076,-0.18623,-1.3551,-1.2207,0.0013963,0.31364
-0.92782,-0.21415,-1.3189,-1.223,-0.057596,0.36669
-0.9629,-0.24714,-1.283,-1.2675,-0.11083,0.41958
-0.99623,-0.27349,-1.254,-1.3079,-0.23736,0.5126
-1.003,-0.30508,-1.2306,-1.3226,-0.28955,0.54437
-1.0207,-0.32603,-1.2237,-1.3584,-0.35605,0.57194
-1.0535,-0.33423,-1.2252,-1.4043,-0.4653,0.61854
-1.0844,-0.33982,-1.2273,-1.4409,-0.51243,0.64054
-1.1058,-0.33126,-1.2312,-1.5233,-0.60598,0.67178
-1.1161,-0.32376,-1.2423,-1.5581,-0.64385,0.67282
-1.132,-0.31276,-1.2619,-1.602,-0.67614,0.68382
-1.1488,-0.29496,-1.2888,-1.6835,-0.6812,0.66218
-1.1579,-0.27157,-1.3219,-1.7293,-0.66427,0.6428
-1.1729,-0.22358,-1.347,-1.7893,-0.62884,0.61628
-1.1687,-0.17279,-1.3813,-1.8343,-0.51784,0.54594
-1.1587,-0.11414,-1.4207,-1.8357,-0.45483,0.50545
-1.1434,-0.050789,-1.4561,-1.7823,-0.30648,0.42499
-1.1109,0.01309,-1.4872,-1.7626,-0.23911,0.38764
-1.0851,0.079412,-1.5174,-1.7261,-0.16703,0.35378
-1.0571,0.14032,-1.5441,-1.661,-0.039794,0.28344
-1.0243,0.19618,-1.5703,-1.6369,0.016232,0.24836
-1.0064,0.2529,-1.5935,-1.6074,0.071035,0.21747
-0.98943,0.30247,-1.6148,-1.5476,0.17087,0.15149
-0.97965,0.34872,-1.635,-1.5216,0.21991,0.12025
-0.95819,0.39095,-1.6547,-1.4779,0.30142,0.058469
-0.93777,0.43075,-1.6736,-1.4594,0.33894,0.026354
-0.92817,0.46757,-1.6959,-1.4394,0.37839,-0.0057596
-0.92764,0.50405,-1.7172,-1.4151,0.45396,-0.093201
-0.92084,0.54035,-1.7443,-1.4031,0.4962,-0.14731
-0.92153,0.58643,-1.7773,-1.4088,0.53564,-0.21328
-0.91839,0.63931,-1.8256,-1.432,0.63739,-0.35954
-0.94335,0.70424,-1.8729,-1.4657,0.69534,-0.44
-0.95539,0.78121,-1.9195,-1.5327,0.83776,-0.58765
-0.96918,0.87022,-1.952,-1.5708,0.91211,-0.64019
-0.98611,0.94894,-1.9652,-1.6031,0.98838,-0.67858
-1.0015,1.014,-1.9565,-1.7061,1.1294,-0.69342
-1.0072,1.0571,-1.9251,-1.6931,1.1795,-0.6744
-0.9807,1.0692,-1.8897,-1.6785,1.238,-0.63513
-0.97686,1.0695,-1.8506,-1.6703,1.3045,-0.51243
-0.98751,1.0591,-1.8041,-1.6863,1.3354,-0.4297
-1.029,1.0434,-1.7445,-1.7268,1.3675,-0.22864
-1.0648,0.97407,-1.6656,-1.7296,1.3465,-0.11816
-1.0947,0.91839,-1.5673,-1.7453,1.3284,-0.013963
-1.1177,0.84439,-1.475,-1.7825,1.264,0.23841
-1.1116,0.75608,-1.3952,-1.8153,1.2191,0.34558
-1.1723,0.67893,-1.3062,-1.7947,1.1648,0.47717
-1.2111,0.62151,-1.1996,-1.8403,1.0167,0.70441
-1.2355,0.55641,-1.1144,-1.8663,0.92712,0.79884
-1.2402,0.48904,-1.061,-1.9277,0.72361,0.99379
-1.3237,0.42778,-1.0261,-2.0052,0.6072,1.0751
-1.3816,0.36739,-1.0032,-2.0452,0.48328,1.1376
-1.4429,0.31364,-1.0034,-2.2017,0.21799,1.2226
-1.5087,0.27855,-1.0177,-2.256,0.094248,1.2385
-1.5322,0.23894,-1.0523,-2.3518,-0.036303,1.2315
-1.5727,0.21834,-1.1114,-2.5038,-0.20246,1.1914
-1.6184,0.22148,-1.1771,-2.5864,-0.24417,1.138
-1.642,0.24784,-1.2395,-2.7159,-0.19548,0.95923
-1.6666,0.30334,-1.3203,-2.7065,-0.10681,0.84509
-1.6645,0.3831,-1.4071,-2.6896,-0.01693,0.69464
-1.6396,0.48311,-1.5043,-2.5752,0.2248,0.38921
-1.6218,0.61191,-1.598,-2.5489,0.34086,0.24033
-1.5893,0.7484,-1.6712,-2.5356,0.46391,0.10804
-1.5615,0.88139,-1.7216,-2.5276,0.71035,-0.10524
-1.5321,1.0081,-1.7548,-2.5237,0.82484,-0.1782
-1.5064,1.1254,-1.7691,-2.5297,1.0345,-0.23911
-1.4806,1.2064,-1.7644,-2.5337,1.1277,-0.22934
-1.4877,1.2699,-1.7356,-2.5511,1.205,-0.20106
-1.4523,1.2924,-1.6902,-2.4923,1.3263,-0.079762
-1.4413,1.2798,-1.6418,-2.4744,1.3655,-0.0045379
-1.4402,1.2392,-1.579,-2.4539,1.3884,0.090234
-1.4806,1.1936,-1.513,-2.4192,1.4053,0.32934
