-0.040317,1.4577,-93.036,-0.0090757,0.44366,0.00034907
-0.039794,1.4572,-93.045,-0.0099484,0.48276,-0.0005236
-0.039968,1.4568,-93.054,-0.012392,0.55659,-0.0015708
-0.03927,1.4567,-93.063,-0.01309,0.59167,-0.0022689
-0.039794,1.457,-93.072,-0.0185,0.65764,-0.0024435
-0.039794,1.4573,-93.081,-0.019722,0.68993,-0.0022689
-0.038048,1.4587,-93.089,-0.022166,0.72065,-0.0024435
-0.036128,1.46,-93.099,-0.023038,0.77859,-0.0029671
-0.033685,1.4614,-93.109,-0.023911,0.8046,-0.0033161
-0.027925,1.4619,-93.118,-0.025656,0.85294,-0.0029671
-0.025133,1.4617,-93.127,-0.026878,0.87563,-0.0027925
-0.018151,1.4607,-93.138,-0.026354,0.89762,-0.0031416
-0.015708,1.46,-93.147,-0.027576,0.93881,-0.0036652
-0.012043,1.4591,-93.158,-0.027576,0.95801,-0.0045379
-0.007854,1.4579,-93.169,-0.028972,0.97651,-0.0054105
-0.0031416,1.456,-93.182,-0.029147,1.0116,-0.0057596
0.00034907,1.454,-93.194,-0.029845,1.028,-0.0061087
-0.0038397,1.4491,-93.205,-0.032463,1.0585,-0.0066323
-0.0075049,1.4465,-93.214,-0.032812,1.0723,-0.0069813
-0.0099484,1.4453,-93.222,-0.034383,1.0866,-0.0066323
-0.013439,1.4469,-93.23,-0.035256,1.1184,-0.0036652
-0.016581,1.4493,-93.238,-0.035256,1.1338,-0.0012217
-0.019548,1.4532,-93.246,-0.036128,1.149,0.0010472
-0.022689,1.456,-93.253,-0.037001,1.1783,0.0050615
-0.027402,1.4579,-93.261,-0.037001,1.1926,0.0066323
-0.028972,1.4603,-93.27,-0.035605,1.2186,0.0083776
-0.031241,1.4624,-93.28,-0.036826,1.2303,0.0085521
-0.032114,1.4652,-93.289,-0.036128,1.2418,0.0095993
-0.03159,1.4671,-93.299,-0.033685,1.2636,0.012217
-0.033685,1.4696,-93.307,-0.03351,1.2748,0.015708
-0.026704,1.4745,-93.316,-0.027402,1.2987,0.023213
-0.018675,1.4804,-93.325,-0.022864,1.3132,0.0281
-0.0090757,1.4889,-93.333,-0.017279,1.3289,0.032638
-0.0083776,1.4982,-93.341,-0.011694,1.3619,0.043808
-0.0064577,1.5083,-93.347,-0.007854,1.3762,0.049567
-0.0033161,1.5165,-93.356,-0.00069813,1.3926,0.055676
0.0005236,1.5251,-93.365,0.0092502,1.42,0.067893
0.0015708,1.5321,-93.374,0.015184,1.4312,0.073129
0.0019199,1.5368,-93.384,0.0281,1.4476,0.084299
-0.0024435,1.5378,-93.393,0.027925,1.4521,0.090408
-0.0055851,1.5376,-93.402,0.030892,1.4558,0.096168
-0.007854,1.5364,-93.411,0.041539,1.461,0.10856
-0.010472,1.5341,-93.42,0.047298,1.4617,0.11467
-0.011868,1.5317,-93.428,0.053407,1.4636,0.12008
-0.011694,1.5287,-93.436,0.065101,1.4635,0.13299
-0.013963,1.5258,-93.444,0.070337,1.4628,0.13945
-0.015533,1.5211,-93.452,0.081681,1.4593,0.15184
-0.015708,1.5169,-93.46,0.087965,1.458,0.15656
-0.019897,1.5106,-93.469,0.09163,1.4556,0.16371
-0.020071,1.5043,-93.477,0.1035,1.4507,0.17663
-0.021991,1.4989,-93.487,0.10786,1.4484,0.18239
-0.024958,1.4933,-93.496,0.11065,1.4455,0.18867
-0.025482,1.4874,-93.505,0.11764,1.4382,0.19792
-0.030543,1.4797,-93.515,0.12008,1.4333,0.20228
-0.031416,1.4713,-93.524,0.12374,1.4235,0.21223
-0.037525,1.4619,-93.533,0.12392,1.4184,0.21572
-0.036128,1.4546,-93.544,0.13142,1.4141,0.22009
-0.039619,1.446,-93.555,0.13456,1.4059,0.22986
-0.039444,1.4385,-93.564,0.1412,1.4024,0.2351
-0.039968,1.4319,-93.575,0.15202,1.3956,0.2447
-0.037874,1.4254,-93.586,0.15359,1.3893,0.24993
-0.040317,1.416,-93.595,0.15481,1.3816,0.25499
-0.04468,1.4043,-93.605,0.15307,1.3626,0.26285
-0.0466,1.3917,-93.615,0.15324,1.353,0.26651
-0.04852,1.3786,-93.625,0.15481,1.3423,0.27035
-0.050265,1.3645,-93.635,0.15725,1.3226,0.27733
-0.049567,1.3521,-93.645,0.16109,1.3135,0.28082
-0.051313,1.3394,-93.656,0.16895,1.2977,0.28728
-0.051662,1.328,-93.667,0.16982,1.2893,0.2913
-0.054105,1.316,-93.677,0.17104,1.2821,0.29618
-0.055327,1.3052,-93.688,0.17767,1.2709,0.30648
-0.056723,1.2954,-93.699,0.18099,1.2655,0.31154
-0.059167,1.2854,-93.709,0.18326,1.2593,0.31765
-0.064577,1.2744,-93.719,0.18012,1.2451,0.33196
-0.064926,1.2636,-93.729,0.18274,1.2376,0.33877
-0.065799,1.253,-93.738,0.19111,1.2198,0.35186
-0.064577,1.2418,-93.748,0.19303,1.2093,0.35779
-0.063705,1.2282,-93.758,0.196,1.1975,0.36355
-0.062832,1.2142,-93.768,0.19862,1.1701,0.37525
-0.066323,1.1973,-93.777,0.19478,1.1554,0.38118
-0.063705,1.1812,-93.786,0.19687,1.14,0.38676
-0.067195,1.1633,-93.795,0.20263,1.11,0.39235
-0.06545,1.1455,-93.805,0.20665,1.0952,0.39462
-0.065624,1.1275,-93.815,0.21415,1.0655,0.39828
-0.063705,1.1104,-93.824,0.21712,1.0519,0.4002
-0.061436,1.0938,-93.833,0.22166,1.0386,0.4016
-0.060039,1.0774,-93.842,0.22707,1.0128,0.40544
-0.059516,1.0619,-93.851,0.23126,1.0013,0.40788
-0.057247,1.0462,-93.861,0.23265,0.98908,0.40963
-0.057247,1.0297,-93.87,0.23422,0.96098,0.41329
-0.056025,1.0126,-93.88,0.23457,0.94702,0.41713
-0.059167,0.99536,-93.89,0.2344,0.92049,0.41958
-0.058294,0.97878,-93.9,0.23667,0.90827,0.4215
-0.062134,0.96203,-93.91,0.23667,0.8957,0.42272
-0.058643,0.94736,-93.92,0.23841,0.87336,0.42499
-0.057247,0.9327,-93.93,0.24033,0.86254,0.42656
-0.060388,0.91787,-93.94,0.24051,0.8519,0.42813
-0.057421,0.90321,-93.95,0.24278,0.82938,0.43319
-0.056723,0.88855,-93.959,0.24609,0.81891,0.43529
-0.057421,0.87301,-93.968,0.24662,0.79657,0.4407
-0.0562,0.8587,-93.977,0.24819,0.78679,0.44331
-0.057247,0.84456,-93.986,0.24784,0.77737,0.44628
-0.058119,0.83078,-93.995,0.24592,0.75852,0.45379
-0.057421,0.81751,-94.004,0.24644,0.74927,0.45675
-0.057247,0.80303,-94.013,0.24504,0.72955,0.46251
-0.05777,0.78924,-94.023,0.24295,0.7182,0.46496
-0.0562,0.77388,-94.032,0.244,0.70738,0.46757
-0.054978,0.75922,-94.04,0.24522,0.68504,0.47281
-0.056898,0.74491,-94.047,0.24382,0.67457,0.47525
-0.056549,0.73094,-94.056,0.2447,0.66375,0.47805
-0.057421,0.71628,-94.064,0.24557,0.64315,0.48154
-0.058818,0.70215,-94.072,0.24382,0.63338,0.4845
-0.062832,0.68871,-94.08,0.24365,0.61645,0.48869
-0.063705,0.67527,-94.089,0.244,0.60895,0.49096
-0.062657,0.66445,-94.099,0.24295,0.60231,0.49445
-0.064228,0.6538,-94.107,0.24435,0.58853,0.50108
-0.063705,0.6428,-94.116,0.2447,0.58032,0.50353
-0.064403,0.62762,-94.125,0.24051,0.5688,0.50405
-0.064228,0.61261,-94.133,0.24173,0.54594,0.50702
-0.061959,0.59952,-94.141,0.23998,0.53477,0.50632
-0.060388,0.58486,-94.147,0.24016,0.51313,0.50702
-0.057596,0.57107,-94.156,0.23946,0.50388,0.50702
-0.057247,0.55798,-94.163,0.23981,0.49445,0.50615
-0.051662,0.54507,-94.17,0.24243,0.46932,0.50492
-0.053407,0.52395,-94.179,0.24522,0.45239,0.50283
-0.053233,0.50126,-94.188,0.24417,0.43284,0.49759
-0.054105,0.47682,-94.196,0.24574,0.38886,0.48573
-0.055501,0.45256,-94.204,0.24731,0.36547,0.47839
-0.055676,0.4297,-94.213,0.24801,0.32446,0.46356
-0.057072,0.40876,-94.222,0.24784,0.30892,0.45658
-0.05777,0.39095,-94.232,0.24836,0.29531,0.44995
-0.056723,0.37542,-94.242,0.24888,0.27611,0.43668
-0.054803,0.36285,-94.253,0.24417,0.26721,0.4297
-0.055152,0.35168,-94.263,0.24243,0.2597,0.42499
-0.056374,0.34139,-94.273,0.24417,0.24819,0.41347
-0.054803,0.33283,-94.283,0.24278,0.24347,0.40806
-0.054978,0.32515,-94.292,0.23963,0.23614,0.39654
-0.056723,0.31782,-94.302,0.23876,0.23422,0.39165
-0.055851,0.31259,-94.311,0.23998,0.23353,0.38642
-0.054978,0.30805,-94.322,0.23562,0.23091,0.37298
-0.054454,0.30264,-94.332,0.23283,0.22654,0.36774
-0.054105,0.29758,-94.343,0.23073,0.22532,0.35936
-0.051836,0.29199,-94.353,0.22846,0.21607,0.34069
-0.051313,0.28588,-94.362,0.21939,0.20892,0.32777
-0.054105,0.27821,-94.372,0.20735,0.20001,0.31416
-0.057247,0.27384,-94.381,0.20735,0.20019,0.30823
-0.060039,0.27227,-94.39,0.2056,0.20193,0.30439
-0.060563,0.27384,-94.398,0.19844,0.21188,0.29688
-0.062308,0.27838,-94.408,0.19722,0.22009,0.29374
-0.065624,0.28344,-94.417,0.19216,0.22724,0.29025
-0.066846,0.28972,-94.428,0.19042,0.24504,0.28519
-0.06545,0.29601,-94.437,0.19007,0.25464,0.28379
-0.065973,0.30351,-94.447,0.185,0.27262,0.27908
-0.068242,0.30997,-94.456,0.18413,0.28239,0.27803
-0.066323,0.31695,-94.465,0.18099,0.2913,0.27611
-0.069464,0.32376,-94.474,0.17593,0.30631,0.27227
-0.066846,0.33074,-94.483,0.17907,0.31416,0.26896
-0.070511,0.33632,-94.492,0.17628,0.31957,0.26529
-0.072955,0.34034,-94.503,0.16895,0.3262,0.25621
-0.075922,0.34348,-94.513,0.16685,0.32952,0.25063
-0.075922,0.3461,-94.523,0.1604,0.33388,0.23789
-0.078016,0.34802,-94.533,0.15289,0.3351,0.23091
-0.075398,0.35151,-94.544,0.15254,0.33859,0.22427
-0.075049,0.35448,-94.554,0.14783,0.344,0.20979
-0.074002,0.35814,-94.565,0.14521,0.34592,0.20333
-0.079412,0.36059,-94.575,0.13247,0.35273,0.19513
-0.078016,0.36582,-94.584,0.13422,0.36128,0.19286
-0.078191,0.3742,-94.592,0.13666,0.37193,0.19024
-0.076794,0.38467,-94.602,0.13788,0.39619,0.18797
-0.076445,0.39689,-94.611,0.1398,0.40788,0.18692
-0.074875,0.40858,-94.621,0.14277,0.41818,0.18553
-0.075049,0.41853,-94.629,0.13579,0.4311,0.18204
-0.076794,0.42621,-94.637,0.12793,0.43005,0.17942
-0.080285,0.42987,-94.645,0.12322,0.42848,0.16877
-0.078714,0.43406,-94.653,0.12252,0.43022,0.16127
-0.080111,0.43616,-94.662,0.11764,0.42743,0.15429
-0.08203,0.43703,-94.671,0.1131,0.42464,0.13788
-0.080983,0.43912,-94.68,0.11345,0.42289,0.12654
-0.079587,0.4407,-94.689,0.11345,0.42167,0.11694
-0.079936,0.44192,-94.697,0.096342,0.41818,0.098437
-0.081681,0.44523,-94.707,0.09512,0.42342,0.089884
-0.079238,0.45221,-94.716,0.094248,0.43965,0.07662
-0.077318,0.46181,-94.725,0.091804,0.45047,0.07278
-0.074875,0.47403,-94.734,0.093026,0.46269,0.068242
-0.072955,0.48834,-94.742,0.10402,0.49148,0.060214
-0.068591,0.503,-94.752,0.10664,0.50388,0.057072
-0.069639,0.51766,-94.761,0.1028,0.51487,0.051836
-0.066497,0.53093,-94.771,0.10158,0.53233,0.038223
-0.064228,0.54123,-94.782,0.096517,0.53913,0.029322
-0.061261,0.55048,-94.791,0.08046,0.54384,0.010821
-0.064752,0.55798,-94.799,0.074176,0.54507,-0.00017453
-0.064403,0.56392,-94.808,0.072257,0.55152,-0.0071558
-0.064577,0.57421,-94.817,0.065799,0.5613,-0.026704
-0.061785,0.58346,-94.825,0.060039,0.5681,-0.035081
-0.062483,0.59446,-94.834,0.047822,0.58765,-0.049916
-0.067719,0.6086,-94.843,0.038397,0.59673,-0.059167
-0.067719,0.62046,-94.851,0.035779,0.60598,-0.067021
-0.060912,0.63373,-94.859,0.03543,0.62465,-0.078365
-0.065973,0.64472,-94.87,0.025307,0.63635,-0.082205
-0.072431,0.66008,-94.877,0.018326,0.64804,-0.084998
-0.067719,0.67649,-94.885,0.022864,0.67928,-0.093026
-0.055501,0.69499,-94.896,0.033685,0.69412,-0.092852
-0.034907,0.7114,-94.914,0.046949,0.72885,-0.090757
-0.029147,0.72833,-94.928,0.048171,0.7484,-0.093724
-0.016232,0.74805,-94.947,0.055501,0.77091,-0.09163
-0.0022689,0.76411,-94.974,0.07086,0.81838,-0.084125
0.024784,0.7833,-95.008,0.078191,0.84299,-0.079587
0.076794,0.79639,-95.057,0.094946,0.86533,-0.073478
0.15464,0.80268,-95.125,0.13893,0.90373,-0.054803
0.2227,0.79831,-95.201,0.15917,0.91961,-0.042412
0.30386,0.78348,-95.279,0.21153,0.95627,-0.015359
0.38013,0.75119,-95.35,0.24086,0.97651,-0.002618
0.43633,0.70843,-95.409,0.26372,0.99205,0.0071558
0.48887,0.64839,-95.459,0.30508,1.0233,0.035779
0.49777,0.58434,-95.498,0.31817,1.0362,0.045379
0.49183,0.52028,-95.527,0.32585,1.047,0.054105
0.4859,0.45815,-95.547,0.33179,1.0723,0.062308
0.4571,0.40369,-95.561,0.32411,1.0856,0.061959
0.45012,0.35465,-95.572,0.31015,1.105,0.068766
0.42481,0.31416,-95.58,0.30281,1.1147,0.073478
0.40404,0.27925,-95.589,0.29409,1.125,0.0747
0.37821,0.25534,-95.597,0.27855,1.1462,0.078016
0.35867,0.23579,-95.608,0.2707,1.1545,0.078889
0.34453,0.21921,-95.618,0.26005,1.1723,0.082205
0.3173,0.20316,-95.627,0.25237,1.1823,0.08238
0.30718,0.19181,-95.635,0.2447,1.1919,0.083078
0.28117,0.17959,-95.644,0.2337,1.2043,0.082205
0.26948,0.16546,-95.653,0.22899,1.2102,0.079936
0.25028,0.15376,-95.664,0.2241,1.2161,0.077318
0.23056,0.14277,-95.678,0.22026,1.2312,0.073653
0.21084,0.13073,-95.696,0.22113,1.2397,0.071908
0.19338,0.11921,-95.719,0.22619,1.2535,0.064926
0.16982,0.10926,-95.748,0.2344,1.26,0.061959
0.1508,0.098786,-95.776,0.23946,1.2675,0.059516
0.13422,0.088837,-95.806,0.25307,1.2778,0.053233
0.11833,0.079587,-95.842,0.2625,1.2818,0.049567
0.10664,0.068068,-95.874,0.26965,1.2865,0.046775
0.094073,0.056549,-95.907,0.28135,1.2917,0.040143
0.084125,0.046426,-95.942,0.28746,1.295,0.036826
0.079063,0.037525,-95.973,0.29356,1.2987,0.032812
0.074002,0.026878,-96.001,0.29339,1.2997,0.030543
0.066846,0.016057,-96.027,0.29356,1.3027,0.029147
0.061785,0.0054105,-96.052,0.2885,1.3067,0.025307
0.057072,-0.0062832,-96.074,0.28641,1.3111,0.022689
0.050789,-0.017802,-96.096,0.28414,1.3165,0.020769
0.040317,-0.030194,-96.122,0.28833,1.327,0.013439
0.032812,-0.042237,-96.151,0.29252,1.3333,0.0090757
0.027053,-0.053233,-96.181,0.2981,1.3444,0.0024435
0.025656,-0.064403,-96.209,0.30107,1.3509,-0.0024435
0.017802,-0.075573,-96.236,0.30159,1.354,-0.0054105
0.015184,-0.084474,-96.265,0.30316,1.36,-0.0094248
0.0080285,-0.090408,-96.293,0.30578,1.3636,-0.012915
0.0059341,-0.099309,-96.323,0.3077,1.3648,-0.016755
0.005236,-0.10908,-96.354,0.31084,1.3682,-0.030892
0.0071558,-0.11938,-96.385,0.31398,1.3699,-0.039095
0.011345,-0.12915,-96.411,0.31154,1.3731,-0.049916
0.013788,-0.13596,-96.432,0.30421,1.3711,-0.053931
0.019548,-0.14469,-96.448,0.29566,1.3694,-0.056723
0.021293,-0.15324,-96.46,0.27349,1.3659,-0.060039
0.023736,-0.16179,-96.476,0.26599,1.3654,-0.063355
0.025656,-0.17052,-96.492,0.25779,1.3657,-0.066672
0.027576,-0.17994,-96.507,0.24086,1.3647,-0.071384
0.032289,-0.1864,-96.525,0.23562,1.3659,-0.078191
0.034558,-0.19268,-96.541,0.21799,1.3652,-0.084648
0.038921,-0.19897,-96.558,0.21084,1.3647,-0.088837
0.037176,-0.20577,-96.581,0.20717,1.3645,-0.094946
0.040143,-0.21206,-96.61,0.21188,1.3711,-0.10769
0.046077,-0.21764,-96.635,0.21468,1.3751,-0.11851
0.055501,-0.22375,-96.666,0.22166,1.3757,-0.13701
0.074526,-0.22881,-96.707,0.23719,1.3687,-0.19844
0.096691,-0.22829,-96.736,0.23859,1.369,-0.21136
0.10018,-0.23161,-96.758,0.22253,1.3605,-0.21834
0.10018,-0.23562,-96.781,0.22131,1.3598,-0.21782
0.10263,-0.23841,-96.803,0.21747,1.3596,-0.21799
0.10542,-0.24051,-96.823,0.21502,1.3563,-0.21712
0.11188,-0.244,-96.848,0.21363,1.3546,-0.21974
0.12287,-0.24312,-96.866,0.2138,1.3547,-0.21712
0.12968,-0.24208,-96.885,0.19722,1.3443,-0.22218
0.13998,-0.24295,-96.909,0.19495,1.3448,-0.22358
0.14451,-0.2447,-96.925,0.17733,1.342,-0.22201
0.14957,-0.24923,-96.941,0.16912,1.338,-0.22323
0.15638,-0.25482,-96.959,0.16528,1.3415,-0.2255
0.16371,-0.25464,-96.974,0.14207,1.3413,-0.22096
0.16301,-0.25813,-96.99,0.13073,1.3383,-0.21956
0.16842,-0.2611,-96.999,0.11624,1.342,-0.21398
0.16982,-0.26459,-97.002,0.074526,1.334,-0.20665
0.1775,-0.26494,-97.005,0.05428,1.3259,-0.20246
0.18431,-0.26477,-97.013,0.019548,1.3106,-0.21153
0.18954,-0.26669,-97.019,0.0027925,1.3011,-0.21502
0.19268,-0.27105,-97.025,-0.012217,1.2928,-0.21852
0.19949,-0.27297,-97.032,-0.03351,1.2849,-0.22445
0.20263,-0.27227,-97.035,-0.049742,1.2795,-0.2241
0.20595,-0.2707,-97.037,-0.067719,1.2732,-0.22218
0.20979,-0.27227,-97.039,-0.10507,1.2551,-0.21817
0.2131,-0.27035,-97.037,-0.12566,1.2505,-0.21834
0.21642,-0.27088,-97.028,-0.17645,1.2366,-0.2145
0.2159,-0.27262,-97.014,-0.20351,1.2277,-0.21276
0.21031,-0.27419,-97.004,-0.22829,1.2212,-0.21153
0.20874,-0.27471,-96.989,-0.27559,1.2097,-0.19844
0.20263,-0.27489,-96.977,-0.29269,1.2024,-0.19827
0.20473,-0.27786,-96.98,-0.30404,1.1954,-0.2049
0.2063,-0.2803,-96.982,-0.31154,1.195,-0.20612
0.19897,-0.28187,-96.985,-0.31538,1.1957,-0.20595
0.19303,-0.28274,-96.995,-0.31294,1.1983,-0.20926
0.20054,-0.28187,-97,-0.31782,1.1964,-0.21014
0.19583,-0.28501,-97.007,-0.318,1.1947,-0.20874
0.19042,-0.28606,-97.016,-0.31538,1.1954,-0.20735
0.18954,-0.28606,-97.018,-0.31922,1.1954,-0.20281
0.1871,-0.28536,-97.018,-0.32952,1.1884,-0.19914
0.1878,-0.28571,-97.019,-0.33406,1.1851,-0.19879
0.18675,-0.28641,-97.02,-0.33999,1.1839,-0.1967
0.18623,-0.28833,-97.013,-0.35884,1.1818,-0.19181
0.18378,-0.28955,-97.004,-0.36739,1.1804,-0.18954
0.1768,-0.29095,-96.998,-0.37664,1.1771,-0.19007
0.1789,-0.29025,-96.984,-0.39357,1.1755,-0.18134
0.1686,-0.29077,-96.972,-0.40282,1.1732,-0.17942
0.16563,-0.29112,-96.97,-0.40719,1.1659,-0.18099
0.16424,-0.29199,-96.966,-0.40963,1.1666,-0.18029
0.15813,-0.29304,-96.962,-0.41155,1.1669,-0.17942
0.15132,-0.29426,-96.961,-0.41015,1.1671,-0.17959
0.14608,-0.29514,-96.963,-0.40666,1.1683,-0.17994
0.1419,-0.29601,-96.966,-0.40317,1.1694,-0.18029
0.1391,-0.29706,-96.968,-0.39828,1.1732,-0.17855
0.13195,-0.29775,-96.97,-0.39567,1.1751,-0.17872
0.12723,-0.29723,-96.97,-0.38903,1.1774,-0.17506
0.12147,-0.2974,-96.97,-0.38554,1.1791,-0.17279
0.11414,-0.2988,-96.972,-0.3831,1.1781,-0.17209
0.10926,-0.30002,-96.974,-0.37664,1.1833,-0.16633
0.10105,-0.30142,-96.966,-0.38118,1.1875,-0.15882
0.093375,-0.30089,-96.954,-0.38624,1.1915,-0.15097
0.086219,-0.29775,-96.943,-0.39113,1.1928,-0.13998
0.076969,-0.29426,-96.939,-0.39287,1.1893,-0.13788
0.074002,-0.29287,-96.935,-0.38607,1.1887,-0.13299
0.070162,-0.29217,-96.932,-0.38397,1.1912,-0.13265
0.066846,-0.29164,-96.927,-0.38031,1.1945,-0.13265
0.06161,-0.29095,-96.92,-0.38118,1.1987,-0.13038
0.054629,-0.29042,-96.914,-0.38031,1.1994,-0.12985
0.051313,-0.28955,-96.912,-0.37577,1.2006,-0.12933
0.042412,-0.2885,-96.91,-0.36914,1.2041,-0.12933
0.037874,-0.28676,-96.911,-0.3639,1.2058,-0.12968
0.032463,-0.28501,-96.913,-0.35587,1.2071,-0.13038
0.028798,-0.28239,-96.911,-0.355,1.2076,-0.12968
0.026529,-0.27873,-96.904,-0.35727,1.2079,-0.12881
0.023213,-0.27367,-96.896,-0.36128,1.2038,-0.12723
0.019024,-0.26983,-96.892,-0.36111,1.1992,-0.12706
0.017977,-0.26581,-96.89,-0.35919,1.1964,-0.12811
0.014312,-0.26232,-96.889,-0.3543,1.1957,-0.12828
0.0087266,-0.25883,-96.889,-0.34976,1.1962,-0.12915
0.0038397,-0.25604,-96.893,-0.33632,1.1994,-0.12985
0.00017453,-0.25272,-96.896,-0.33004,1.202,-0.12968
-0.0054105,-0.24958,-96.898,-0.32463,1.2053,-0.12898
-0.011694,-0.24592,-96.899,-0.3173,1.2104,-0.12619
-0.016232,-0.24278,-96.901,-0.31137,1.2127,-0.12619
-0.0185,-0.23928,-96.905,-0.30369,1.2141,-0.12654
-0.023387,-0.23702,-96.908,-0.29426,1.2184,-0.12723
-0.02618,-0.23457,-96.913,-0.28763,1.2212,-0.12846
-0.031241,-0.23248,-96.919,-0.27541,1.2261,-0.12915
-0.034208,-0.23091,-96.923,-0.2707,1.2289,-0.1295
-0.037176,-0.22864,-96.926,-0.26616,1.2303,-0.12985
-0.039619,-0.22654,-96.928,-0.26058,1.2319,-0.12881
-0.042586,-0.22427,-96.927,-0.2611,1.2322,-0.12863
-0.043459,-0.22078,-96.925,-0.26075,1.232,-0.12828
-0.044331,-0.21817,-96.923,-0.26267,1.2282,-0.12584
-0.042412,-0.21485,-96.92,-0.26337,1.2278,-0.12514
-0.042237,-0.21241,-96.915,-0.26634,1.2264,-0.12357
-0.044506,-0.21031,-96.912,-0.26529,1.2263,-0.12252
-0.043633,-0.20665,-96.91,-0.26389,1.225,-0.12217
-0.0466,-0.20333,-96.911,-0.25761,1.2254,-0.12182
-0.046251,-0.19932,-96.913,-0.25168,1.2275,-0.122
-0.049393,-0.196,-96.918,-0.2419,1.2285,-0.12165
-0.048869,-0.19268,-96.925,-0.23544,1.2308,-0.12165
-0.050265,-0.18954,-96.931,-0.23056,1.2322,-0.1213
-0.048695,-0.1871,-96.938,-0.21869,1.2369,-0.1213
-0.051662,-0.18431,-96.943,-0.21468,1.2404,-0.1213
-0.057072,-0.17977,-96.947,-0.21276,1.2415,-0.12095
-0.056723,-0.17191,-96.953,-0.20595,1.242,-0.1199
-0.065973,-0.16109,-96.956,-0.2049,1.2444,-0.12008
-0.088837,-0.14626,-96.957,-0.19862,1.2509,-0.1206
-0.13107,-0.12531,-96.956,-0.19949,1.253,-0.12409
-0.18221,-0.094946,-96.95,-0.20403,1.258,-0.12828
-0.26669,-0.055152,-96.937,-0.20752,1.2668,-0.14067
-0.3461,-0.01309,-96.916,-0.22288,1.2697,-0.14434
-0.41225,0.024086,-96.886,-0.2344,1.2751,-0.14888
-0.55589,0.053407,-96.849,-0.24435,1.2807,-0.17139
-0.68312,0.073304,-96.801,-0.25464,1.2846,-0.18291
-0.8142,0.080634,-96.741,-0.29287,1.2901,-0.20647
-0.93393,0.075049,-96.673,-0.31782,1.291,-0.21834
-1.0357,0.061087,-96.609,-0.34907,1.291,-0.22724
-1.1076,0.040143,-96.552,-0.43145,1.2703,-0.24208
-1.1289,0.040666,-96.511,-0.44104,1.2533,-0.24452
-1.1603,0.055152,-96.478,-0.4304,1.2434,-0.24731
-1.1622,0.072082,-96.466,-0.45047,1.2207,-0.24225
-1.1577,0.099135,-96.459,-0.46112,1.2125,-0.24103
-1.1416,0.13683,-96.459,-0.45536,1.2088,-0.23667
-1.1121,0.18047,-96.463,-0.45082,1.2085,-0.23876
-1.0763,0.22637,-96.472,-0.43947,1.2092,-0.23719
-1.0397,0.27454,-96.48,-0.43511,1.2147,-0.23824
-1.0008,0.31905,-96.484,-0.42289,1.2193,-0.23824
-0.95941,0.36687,-96.488,-0.40753,1.2247,-0.2337
-0.91961,0.41103,-96.493,-0.39444,1.2252,-0.22201
-0.88209,0.45274,-96.498,-0.38066,1.2257,-0.2145
-0.84683,0.49306,-96.505,-0.35622,1.2277,-0.20316
-0.80861,0.53215,-96.513,-0.34418,1.228,-0.19775
-0.76986,0.57072,-96.521,-0.32969,1.2289,-0.19146
-0.73513,0.6072,-96.53,-0.30823,1.2319,-0.18012
-0.70005,0.64123,-96.538,-0.29217,1.2326,-0.17523
-0.66392,0.67352,-96.548,-0.27384,1.2329,-0.1672
-0.63059,0.70005,-96.556,-0.24574,1.2319,-0.14923
-0.59795,0.72501,-96.565,-0.22899,1.2315,-0.13806
-0.56653,0.74962,-96.573,-0.19827,1.2331,-0.11851
-0.53372,0.77301,-96.582,-0.18221,1.232,-0.10926
-0.50353,0.79587,-96.591,-0.16563,1.2315,-0.10053
-0.47438,0.81647,-96.599,-0.13823,1.2319,-0.082554
-0.44995,0.83287,-96.609,-0.12374,1.2287,-0.072606
-0.42324,0.84736,-96.618,-0.097738,1.2245,-0.050789
-0.40038,0.86045,-96.626,-0.084474,1.221,-0.039794
-0.37769,0.87371,-96.635,-0.067719,1.2175,-0.029496
-0.35256,0.88698,-96.644,-0.035605,1.2139,-0.010297
-0.32865,0.89989,-96.652,-0.017977,1.2106,-0.00069813
-0.30351,0.91193,-96.662,-0.0031416,1.2104,0.0076794
-0.28623,0.92276,-96.671,0.01885,1.2069,0.023736
-0.26808,0.93131,-96.68,0.031241,1.2032,0.032638
-0.25045,0.93864,-96.688,0.054105,1.1938,0.048171
-0.23335,0.94318,-96.699,0.066148,1.186,0.056025
-0.21555,0.94597,-96.709,0.074875,1.1795,0.06353
-0.20228,0.94527,-96.718,0.088488,1.1587,0.080634
-0.19042,0.94544,-96.728,0.10088,1.1469,0.09163
-0.17645,0.94597,-96.739,0.11327,1.1381,0.10001
-0.16389,0.94719,-96.751,0.13474,1.1198,0.11729
-0.15149,0.94963,-96.762,0.14661,1.1144,0.12444
-0.13387,0.95417,-96.772,0.17279,1.1086,0.13456
-0.11973,0.95923,-96.781,0.18256,1.1069,0.1391
-0.10681,0.96377,-96.791,0.19495,1.1057,0.14451
-0.091281,0.96796,-96.8,0.21886,1.1055,0.15394
-0.081856,0.97145,-96.81,0.22864,1.1044,0.15917
-0.072257,0.96918,-96.82,0.24749,1.0908,0.17418
-0.06353,0.96272,-96.829,0.25621,1.0812,0.18361
-0.055676,0.95557,-96.839,0.26721,1.0697,0.19356
-0.04468,0.94928,-96.849,0.29374,1.0523,0.21293
-0.040666,0.94754,-96.859,0.30439,1.046,0.21869
-0.025831,0.94806,-96.866,0.31782,1.0458,0.22445
-0.018151,0.94789,-96.874,0.3351,1.04,0.23544
-0.0080285,0.94614,-96.883,0.34505,1.0357,0.24138
-0.0033161,0.94038,-96.894,0.35971,1.0219,0.2522
0.0050615,0.93724,-96.904,0.36809,1.0156,0.25674
0.014137,0.93689,-96.914,0.37839,1.0123,0.2597
0.021817,0.94003,-96.923,0.39235,1.0118,0.26145
0.029845,0.94492,-96.931,0.39689,1.013,0.2604
0.035779,0.94789,-96.941,0.40282,1.013,0.25988
0.040492,0.94579,-96.95,0.41364,1.0057,0.2625
0.042761,0.94056,-96.96,0.41958,0.99798,0.26616
0.047997,0.93427,-96.969,0.43232,0.98314,0.27611
0.05428,0.92747,-96.98,0.4407,0.97477,0.28414
0.05969,0.91787,-96.988,0.44628,0.96744,0.29356
0.061785,0.90862,-96.997,0.45972,0.95033,0.31364
0.065624,0.90076,-97.005,0.46653,0.943,0.32236
0.071384,0.89448,-97.012,0.4749,0.93602,0.33109
0.079587,0.88942,-97.02,0.49166,0.9266,0.34523
0.084474,0.88453,-97.028,0.50004,0.92241,0.35133
0.090932,0.8779,-97.037,0.5133,0.91228,0.36355
0.096866,0.87074,-97.044,0.52238,0.9067,0.36984
0.10559,0.86603,-97.053,0.52866,0.90181,0.37525
0.11414,0.8608,-97.061,0.54524,0.89308,0.38397
0.12043,0.85626,-97.07,0.55449,0.8889,0.38834
0.12793,0.85015,-97.078,0.56269,0.88401,0.39392
0.13299,0.84526,-97.086,0.57491,0.87336,0.40125
0.13963,0.84596,-97.094,0.58067,0.87232,0.40247
0.14207,0.8484,-97.103,0.58818,0.87458,0.39916
0.14399,0.8505,-97.111,0.58765,0.87406,0.39724
0.14504,0.85085,-97.12,0.58992,0.87546,0.39514
0.14765,0.85137,-97.128,0.59149,0.87773,0.39078
0.15184,0.85347,-97.135,0.59324,0.8786,0.38781
0.15516,0.85469,-97.143,0.59236,0.8786,0.38485
0.15673,0.85608,-97.152,0.59114,0.88191,0.37856
0.15516,0.85818,-97.162,0.59044,0.88279,0.37542
0.15464,0.85853,-97.17,0.59132,0.88244,0.37141
0.15621,0.85765,-97.179,0.59027,0.88052,0.36984
0.1576,0.85504,-97.188,0.59202,0.87703,0.36984
0.15429,0.84858,-97.197,0.59132,0.86935,0.37751
0.15499,0.83915,-97.207,0.59795,0.86132,0.38293
0.15429,0.83479,-97.214,0.5962,0.85486,0.38746
0.15673,0.83723,-97.222,0.60074,0.85783,0.38467
0.15289,0.84456,-97.231,0.59446,0.86237,0.37751
0.16057,0.86097,-97.24,0.58381,0.88052,0.34523
0.17453,0.88785,-97.253,0.57666,0.89884,0.32271
0.17418,0.91752,-97.265,0.56287,0.91717,0.30072
0.17453,0.93916,-97.275,0.53931,0.95539,0.26145
0.17,0.9526,-97.285,0.52779,0.96936,0.24923
0.17069,0.96133,-97.293,0.5222,0.97896,0.23876
0.16162,0.96639,-97.301,0.49271,0.99536,0.22829
0.15813,0.97634,-97.306,0.48328,1.0037,0.22201
0.15917,0.98768,-97.314,0.46914,1.0256,0.20944
0.15848,0.99763,-97.322,0.46181,1.0343,0.20455
0.15359,1.0053,-97.329,0.45431,1.0428,0.19914
0.15097,1.0114,-97.335,0.44384,1.0566,0.19111
0.15621,1.0174,-97.345,0.43965,1.0624,0.1878
0.15359,1.024,-97.355,0.4304,1.068,0.18396
0.15062,1.029,-97.363,0.42656,1.0741,0.17855
0.15568,1.0325,-97.372,0.42412,1.073,0.17418
0.15115,1.0301,-97.382,0.40404,1.0711,0.1693
0.1576,1.0334,-97.392,0.40614,1.072,0.16528
0.16127,1.0493,-97.403,0.41137,1.0805,0.15533
0.17122,1.0743,-97.414,0.41417,1.1153,0.12147
0.19199,1.1062,-97.424,0.41417,1.1414,0.10036
0.19408,1.1339,-97.435,0.392,1.1935,0.06353
0.18466,1.1516,-97.446,0.37053,1.2078,0.052709
0.18012,1.1622,-97.452,0.35849,1.2184,0.044855
0.17925,1.1725,-97.462,0.33842,1.2376,0.033161
0.17418,1.1828,-97.469,0.32987,1.2458,0.029147
0.17401,1.1929,-97.478,0.32463,1.2521,0.024609
0.16965,1.2008,-97.488,0.30613,1.2662,0.018151
0.16912,1.2083,-97.497,0.30212,1.2746,0.016232
0.16912,1.2158,-97.504,0.28344,1.2877,0.0047124
0.16284,1.2268,-97.512,0.27297,1.2959,-0.0020944
0.16092,1.238,-97.521,0.26529,1.3074,-0.0095993
0.15708,1.2477,-97.531,0.25185,1.3228,-0.017802
0.15795,1.2558,-97.541,0.2419,1.3329,-0.021293
0.14835,1.2666,-97.547,0.22689,1.3427,-0.025831
0.14591,1.2849,-97.552,0.20298,1.3795,-0.042935
0.15149,1.3099,-97.556,0.19076,1.4025,-0.055327
0.14992,1.3336,-97.562,0.16808,1.4422,-0.077144
0.14731,1.3495,-97.569,0.15411,1.4539,-0.083776
0.14207,1.3577,-97.577,0.14207,1.4603,-0.088837
0.13648,1.3628,-97.586,0.11868,1.4659,-0.093026
0.13491,1.3683,-97.594,0.10821,1.468,-0.094597
0.13317,1.3757,-97.602,0.10577,1.4669,-0.094946
0.13352,1.3842,-97.611,0.093724,1.4743,-0.097564
0.13579,1.3931,-97.618,0.09163,1.4774,-0.10053
0.13614,1.4052,-97.627,0.088139,1.4891,-0.10681
0.14155,1.4181,-97.635,0.088314,1.4978,-0.10891
0.148,1.4296,-97.644,0.083252,1.504,-0.11414
0.15551,1.4443,-97.654,0.080634,1.5181,-0.12217
0.15237,1.4565,-97.662,0.073304,1.5225,-0.12828
0.15708,1.468,-97.671,0.060039,1.5286,-0.13858
0.15638,1.4755,-97.679,0.057596,1.5279,-0.14172
0.15551,1.4848,-97.69,0.052883,1.528,-0.14591
0.15376,1.4916,-97.699,0.040841,1.5235,-0.15184
0.15656,1.4964,-97.709,0.040317,1.5209,-0.15254
0.15167,1.5003,-97.716,0.03351,1.5169,-0.15533
0.1494,1.5059,-97.725,0.032812,1.5122,-0.15516
0.14399,1.5106,-97.734,0.025482,1.5099,-0.15621
0.14434,1.5132,-97.742,0.027053,1.5069,-0.16109
0.15324,1.5216,-97.753,0.028449,1.5069,-0.16249
0.15359,1.528,-97.763,0.024784,1.5064,-0.16633
0.1583,1.5375,-97.773,0.038223,1.5109,-0.17349
0.16668,1.5439,-97.785,0.037176,1.513,-0.17837
0.1686,1.5544,-97.794,0.039968,1.5153,-0.18151
0.15865,1.5579,-97.8,0.021642,1.5132,-0.18954
0.1768,1.5668,-97.812,0.034208,1.5162,-0.19076
0.18343,1.5753,-97.823,0.035954,1.5085,-0.19775
0.19181,1.5821,-97.835,0.03194,1.5041,-0.20036
0.19408,1.5881,-97.846,0.03159,1.4984,-0.20368
0.22148,1.5924,-97.86,0.052185,1.4841,-0.21014
0.29548,1.5968,-97.882,0.085172,1.4757,-0.21468
0.30002,1.5982,-97.896,0.081158,1.4516,-0.22218
0.38886,1.6017,-97.916,0.11624,1.4408,-0.22567
0.45797,1.605,-97.938,0.16633,1.4395,-0.22846
0.57369,1.6143,-97.964,0.19007,1.4132,-0.2337
0.61802,1.6153,-97.986,0.20525,1.4097,-0.23457
0.58626,1.6017,-97.996,0.20787,1.4094,-0.23527
0.56531,1.5973,-98.003,0.18535,1.4071,-0.23527
0.55606,1.5951,-98.014,0.18396,1.4092,-0.2351
0.53494,1.5935,-98.022,0.16685,1.4109,-0.23422
0.51924,1.5916,-98.031,0.16616,1.4162,-0.23038
0.50196,1.591,-98.039,0.15813,1.4186,-0.22934
0.49114,1.5924,-98.047,0.14713,1.4266,-0.22218
0.47874,1.594,-98.054,0.14312,1.4329,-0.21677
0.46775,1.5966,-98.062,0.13596,1.4382,-0.21136
0.4578,1.5992,-98.067,0.13212,1.4554,-0.19844
0.44907,1.6029,-98.075,0.12881,1.4621,-0.19076
0.44052,1.608,-98.08,0.13038,1.4851,-0.17209
0.44139,1.6163,-98.088,0.13718,1.4975,-0.16249
0.4386,1.6249,-98.095,0.14312,1.5115,-0.15272
0.42656,1.6329,-98.103,0.1487,1.5368,-0.13369
0.41521,1.6392,-98.109,0.15865,1.5472,-0.12392
0.40457,1.6432,-98.116,0.17139,1.564,-0.1042
0.38834,1.6462,-98.123,0.17628,1.572,-0.095295
0.36792,1.6481,-98.129,0.17628,1.5781,-0.086917
0.34889,1.6474,-98.135,0.17314,1.5799,-0.073129
0.33126,1.6424,-98.142,0.17226,1.5753,-0.067544
0.31608,1.6357,-98.149,0.16808,1.5685,-0.061959
0.30631,1.6279,-98.157,0.16895,1.5507,-0.052883
0.29339,1.6179,-98.165,0.16511,1.5406,-0.049218
0.28222,1.6066,-98.173,0.15656,1.5172,-0.040492
0.27541,1.5942,-98.18,0.1597,1.508,-0.03351
0.2693,1.5814,-98.187,0.16563,1.4994,-0.025831
0.2618,1.5713,-98.191,0.1768,1.4889,-0.0041888
0.25342,1.5647,-98.195,0.18256,1.4867,0.011519
0.24522,1.5588,-98.198,0.18797,1.4893,0.024609
0.24452,1.5581,-98.201,0.21258,1.4999,0.062308
0.2426,1.5584,-98.2,0.22637,1.5116,0.077667
0.24103,1.5633,-98.201,0.23841,1.5308,0.11746
0.23527,1.5678,-98.202,0.23981,1.5362,0.13526
0.23073,1.5685,-98.204,0.24173,1.5399,0.15272
0.22881,1.5682,-98.208,0.24749,1.5322,0.18256
0.22183,1.5608,-98.212,0.24504,1.5218,0.19356
0.21747,1.5469,-98.217,0.2426,1.4874,0.20874
0.21502,1.5291,-98.224,0.24295,1.4669,0.21206
0.21153,1.5081,-98.232,0.24592,1.4439,0.21328
0.20996,1.4842,-98.244,0.24993,1.3952,0.20839
0.19199,1.457,-98.254,0.25569,1.3708,0.20577
0.20211,1.4306,-98.267,0.25866,1.3427,0.20543
0.20089,1.4034,-98.275,0.25813,1.2945,0.2049
0.20874,1.3795,-98.282,0.26529,1.276,0.20682
0.20996,1.36,-98.288,0.27367,1.2484,0.21677
0.2152,1.3453,-98.295,0.27733,1.2395,0.22201
0.21886,1.332,-98.3,0.28187,1.2324,0.23003
0.22113,1.3216,-98.306,0.28588,1.2193,0.24679
0.22288,1.312,-98.312,0.29199,1.2141,0.25674
0.22724,1.3013,-98.317,0.29583,1.2076,0.26494
0.22777,1.2894,-98.323,0.29095,1.1889,0.28309
0.22742,1.2757,-98.327,0.29322,1.1762,0.29217
0.22742,1.2593,-98.329,0.29793,1.149,0.30892
0.22724,1.2408,-98.331,0.29706,1.1341,0.3173
0.22794,1.2205,-98.335,0.29671,1.1154,0.32446
0.22777,1.1976,-98.342,0.29863,1.0772,0.33598
0.23038,1.1744,-98.349,0.30055,1.0557,0.33947
0.22969,1.1486,-98.358,0.29932,1.0327,0.34243
0.23073,1.1221,-98.366,0.30212,0.98698,0.34627
0.23213,1.0957,-98.374,0.30229,0.96534,0.34802
0.23492,1.0704,-98.382,0.2988,0.92241,0.35256
0.23283,1.0455,-98.39,0.29915,0.90373,0.35517
0.23213,1.0233,-98.397,0.29793,0.88628,0.35832
0.22846,1.0018,-98.401,0.27873,0.85608,0.36442
0.23195,0.98262,-98.403,0.28065,0.84439,0.37123
0.23283,0.96621,-98.408,0.2817,0.82816,0.38746
0.23161,0.95382,-98.413,0.28344,0.82118,0.39654
0.23195,0.94073,-98.418,0.28397,0.81437,0.40509
0.23492,0.92747,-98.423,0.2906,0.79535,0.42202
0.23946,0.91176,-98.43,0.29496,0.78103,0.4283
0.24208,0.89029,-98.437,0.29636,0.7648,0.43319
0.24173,0.86481,-98.445,0.29688,0.72361,0.44052
0.24051,0.83846,-98.451,0.2988,0.69988,0.44401
0.24103,0.81071,-98.458,0.30089,0.65328,0.44558
0.23754,0.78173,-98.466,0.30002,0.63129,0.44593
0.23754,0.75555,-98.474,0.30247,0.60999,0.44768
0.23876,0.73199,-98.483,0.30142,0.57317,0.45029
0.23562,0.70965,-98.491,0.30299,0.55728,0.45309
0.23859,0.69028,-98.498,0.30543,0.54454,0.45536
0.24103,0.67422,-98.505,0.30875,0.52377,0.46635
0.24365,0.65939,-98.51,0.31346,0.51592,0.47386
0.25639,0.64891,-98.514,0.32603,0.49777,0.49463
0.25028,0.63652,-98.516,0.32882,0.48799,0.5044
0.2536,0.62064,-98.522,0.32952,0.47822,0.51313
0.25377,0.60441,-98.526,0.3269,0.45274,0.5222
0.2529,0.58503,-98.531,0.32707,0.43825,0.52517
0.24522,0.56008,-98.537,0.32393,0.42167,0.52622
0.23387,0.53425,-98.547,0.32149,0.38205,0.52447
0.22969,0.50824,-98.558,0.3166,0.36338,0.52412
0.22829,0.48573,-98.564,0.3173,0.32934,0.52273
0.22864,0.46461,-98.574,0.32009,0.31364,0.52238
0.22619,0.44366,-98.585,0.318,0.2995,0.52028
0.22427,0.42377,-98.595,0.31608,0.27192,0.51627
0.2227,0.40509,-98.605,0.31503,0.25918,0.51382
0.22218,0.38676,-98.617,0.31084,0.23632,0.50789
0.22288,0.36984,-98.628,0.31294,0.22602,0.5051
0.22235,0.35291,-98.638,0.31224,0.21276,0.50091
0.21869,0.33528,-98.65,0.30945,0.18937,0.49201
0.21572,0.31835,-98.662,0.30805,0.17523,0.48381
0.2138,0.3002,-98.676,0.30473,0.16144,0.477
0.21433,0.28292,-98.689,0.30508,0.13456,0.46112
0.21206,0.26512,-98.701,0.30281,0.11973,0.45047
0.21206,0.24539,-98.717,0.2974,0.08971,0.42708
0.21625,0.22672,-98.732,0.29828,0.077842,0.41626
0.21066,0.21066,-98.746,0.28972,0.062832,0.40527
0.20438,0.19548,-98.759,0.28344,0.041015,0.3831
0.20333,0.18361,-98.772,0.28239,0.03543,0.37507
0.20036,0.17628,-98.783,0.27803,0.03194,0.36669
0.19862,0.17191,-98.796,0.27908,0.033161,0.3557
0.19984,0.17174,-98.807,0.27908,0.036826,0.35151
0.19879,0.17209,-98.819,0.27838,0.046251,0.344
0.19652,0.17244,-98.83,0.27803,0.049916,0.33912
0.19635,0.17296,-98.841,0.27594,0.05236,0.33528
0.19722,0.17296,-98.852,0.27908,0.057247,0.32446
0.19443,0.17209,-98.865,0.27419,0.0562,0.31678
0.19216,0.16877,-98.875,0.27454,0.052185,0.3091
0.19251,0.16319,-98.888,0.28065,0.042935,0.28972
0.18902,0.15813,-98.901,0.27751,0.040317,0.2817
0.18186,0.15272,-98.913,0.25918,0.032987,0.26616
0.17802,0.14957,-98.924,0.25831,0.034907,0.26023
0.17314,0.14992,-98.934,0.25395,0.036652,0.25272
0.17069,0.15411,-98.945,0.24243,0.047298,0.24382
0.17226,0.16022,-98.955,0.24068,0.055851,0.23981
0.1679,0.1679,-98.965,0.23632,0.065624,0.23702
0.16738,0.1761,-98.975,0.23091,0.085696,0.22934
0.1665,0.18448,-98.987,0.22672,0.095993,0.2255
0.16668,0.19303,-98.996,0.22253,0.11414,0.21834
0.16581,0.20106,-99.006,0.22096,0.122,0.21537
0.16389,0.20892,-99.017,0.22096,0.12915,0.21171
0.16319,0.21485,-99.026,0.21241,0.13945,0.20159
0.16214,0.22113,-99.037,0.21258,0.14504,0.19722
0.16301,0.22689,-99.048,0.21153,0.15237,0.18675
