0.047298,1.3654,-14.09,-0.053407,0.41417,0.071384
0.043633,1.365,-14.095,-0.052883,0.45379,0.081158
0.048869,1.3636,-14.097,-0.041888,0.53215,0.099309
0.056025,1.3619,-14.099,-0.034383,0.5695,0.10873
0.064054,1.3612,-14.102,-0.023911,0.6367,0.12828
0.065973,1.361,-14.103,-0.02042,0.66724,0.13666
0.068068,1.3603,-14.105,-0.01501,0.699,0.14486
0.071908,1.3603,-14.107,-0.0064577,0.75782,0.16144
0.075398,1.3601,-14.109,-0.0010472,0.7861,0.17069
0.079412,1.36,-14.111,0.0038397,0.81193,0.18012
0.082903,1.3587,-14.113,0.0068068,0.85731,0.20176
0.075747,1.3584,-14.116,0.0010472,0.87668,0.21468
0.064752,1.3566,-14.12,-0.013439,0.90984,0.23736
0.058643,1.3544,-14.124,-0.021991,0.92607,0.24714
0.048695,1.3539,-14.127,-0.030718,0.94318,0.25691
0.042935,1.3551,-14.129,-0.042935,0.97913,0.27541
0.036477,1.3563,-14.13,-0.046077,0.9978,0.28658
0.032114,1.3566,-14.131,-0.045728,1.0165,0.29793
0.032289,1.3558,-14.132,-0.036477,1.053,0.32114
0.036128,1.3566,-14.132,-0.031416,1.0694,0.33563
0.032463,1.3568,-14.132,-0.019897,1.1025,0.37123
0.032987,1.3526,-14.133,-0.010647,1.1182,0.38816
0.034383,1.3484,-14.132,0.0010472,1.1345,0.40788
0.03735,1.3406,-14.13,0.031241,1.1692,0.45291
0.042761,1.3313,-14.128,0.050615,1.1856,0.47805
0.049218,1.3209,-14.124,0.071908,1.2011,0.50423
0.054803,1.3107,-14.121,0.11013,1.2301,0.55571
0.055327,1.3015,-14.118,0.1295,1.2406,0.5805
0.058643,1.2943,-14.117,0.1679,1.2591,0.62902
0.068591,1.2842,-14.115,0.19042,1.269,0.65258
0.073478,1.273,-14.114,0.20508,1.2771,0.67771
0.075398,1.2624,-14.111,0.23824,1.2894,0.72571
0.085521,1.2518,-14.107,0.25901,1.2954,0.74683
0.096866,1.2434,-14.105,0.27768,1.3013,0.76707
0.10297,1.2353,-14.104,0.30578,1.3074,0.80826
0.1117,1.2249,-14.103,0.32044,1.3109,0.82921
0.12671,1.2144,-14.103,0.35849,1.3209,0.87266
0.13561,1.2041,-14.1,0.36792,1.3252,0.89431
0.14591,1.1921,-14.095,0.37856,1.3278,0.91543
0.15219,1.1823,-14.091,0.38764,1.3319,0.95958
0.15691,1.1727,-14.087,0.39532,1.3336,0.98175
0.16301,1.1622,-14.083,0.39759,1.3327,1.0025
0.16773,1.1531,-14.079,0.4023,1.331,1.0437
0.17453,1.1434,-14.075,0.40736,1.3306,1.0638
0.17698,1.1332,-14.071,0.41364,1.3261,1.1053
0.17191,1.1233,-14.066,0.41818,1.3202,1.1247
0.17802,1.1126,-14.063,0.4283,1.3135,1.1427
0.18396,1.1039,-14.061,0.44611,1.2987,1.1743
0.18954,1.095,-14.062,0.45466,1.2898,1.1898
0.19914,1.0856,-14.063,0.46565,1.2832,1.206
0.20752,1.0746,-14.062,0.47944,1.2706,1.2392
0.21415,1.064,-14.06,0.48538,1.2638,1.2561
0.22026,1.054,-14.058,0.50021,1.2498,1.2877
0.22707,1.0455,-14.057,0.50649,1.2422,1.3022
0.23387,1.036,-14.057,0.5147,1.2339,1.3163
0.24103,1.0261,-14.056,0.52953,1.2181,1.3458
0.24871,1.0154,-14.057,0.53756,1.2116,1.3638
0.24696,1.0044,-14.058,0.54454,1.1973,1.4059
0.24714,0.9903,-14.056,0.54995,1.1891,1.427
0.25028,0.97389,-14.054,0.55676,1.18,1.4479
0.25534,0.95993,-14.051,0.57317,1.1648,1.4877
0.2611,0.94789,-14.049,0.58189,1.1568,1.5066
0.26686,0.93619,-14.047,0.59167,1.1484,1.5251
0.27454,0.92363,-14.045,0.61313,1.1296,1.5582
0.28501,0.91211,-14.043,0.62849,1.1198,1.5729
0.29793,0.90268,-14.042,0.65485,1.1071,1.598
0.30805,0.89378,-14.04,0.6627,1.1003,1.6115
0.31573,0.88261,-14.038,0.67125,1.0931,1.6256
0.32323,0.8704,-14.035,0.6901,1.077,1.654
0.33318,0.85608,-14.033,0.69918,1.0697,1.6687
0.34174,0.84073,-14.029,0.7025,1.0631,1.6848
0.34732,0.82729,-14.023,0.71105,1.0481,1.7191
0.35517,0.81332,-14.021,0.72047,1.0414,1.7364
0.36181,0.80076,-14.019,0.73443,1.028,1.7727
0.37036,0.78575,-14.017,0.74194,1.0212,1.7905
0.37804,0.77196,-14.014,0.74595,1.0146,1.8083
0.38659,0.75904,-14.011,0.75643,1.0023,1.8436
0.39497,0.74386,-14.008,0.75974,0.99623,1.8623
0.39846,0.7299,-14.005,0.76149,0.98908,1.8818
0.40265,0.71524,-14.001,0.76969,0.97354,1.9171
0.40823,0.70145,-13.996,0.77754,0.96709,1.9333
0.41364,0.68958,-13.994,0.79587,0.95243,1.9644
0.42342,0.67754,-13.992,0.80564,0.9444,1.9794
0.43424,0.66148,-13.99,0.81699,0.93602,1.9944
0.44279,0.6449,-13.987,0.83095,0.92031,2.0309
0.45221,0.63094,-13.986,0.82921,0.91926,2.053
0.45623,0.61453,-13.981,0.82729,0.917,2.0728
0.46024,0.60266,-13.97,0.82903,0.91961,2.1035
0.45989,0.59568,-13.961,0.82851,0.91752,2.1178
0.46286,0.58608,-13.954,0.84544,0.9067,2.1365
0.46426,0.57578,-13.952,0.85591,0.89326,2.1445
0.46461,0.56182,-13.95,0.86691,0.87912,2.1548
0.47246,0.54978,-13.952,0.88767,0.84648,2.1768
0.48276,0.53686,-13.957,0.89797,0.832,2.1869
0.49044,0.52779,-13.96,0.90792,0.82188,2.1956
0.50091,0.51766,-13.962,0.92799,0.80529,2.2106
0.51156,0.50841,-13.96,0.93183,0.80268,2.2234
0.51993,0.4934,-13.956,0.93759,0.79779,2.256
0.5222,0.47857,-13.95,0.94195,0.79517,2.2722
0.53145,0.4653,-13.944,0.94806,0.7936,2.2862
0.55117,0.45466,-13.935,0.9711,0.79587,2.2982
0.56322,0.44803,-13.93,0.97581,0.795,2.3038
0.57718,0.43703,-13.924,0.98035,0.7929,2.3117
0.588,0.42778,-13.919,0.98402,0.78557,2.3309
0.60039,0.41905,-13.915,0.98855,0.78191,2.3415
0.61488,0.40614,-13.912,0.98297,0.77021,2.3682
0.61383,0.39183,-13.904,0.97546,0.76603,2.3834
0.6264,0.37821,-13.897,0.97215,0.75817,2.3958
0.62622,0.36809,-13.895,0.95784,0.73217,2.4119
0.63198,0.36181,-13.896,0.95033,0.71593,2.4168
0.63897,0.35675,-13.899,0.94754,0.70023,2.4187
0.66497,0.34924,-13.902,0.94998,0.66724,2.4239
0.67125,0.34174,-13.912,0.94911,0.64996,2.4295
0.67946,0.33388,-13.918,0.94126,0.62745,2.4447
0.68522,0.32934,-13.922,0.93305,0.61697,2.4515
0.69324,0.32515,-13.926,0.92642,0.60598,2.4572
0.69586,0.32306,-13.932,0.90426,0.58032,2.4665
0.69883,0.32271,-13.94,0.89239,0.56549,2.4695
0.69935,0.32446,-13.95,0.8786,0.55187,2.4705
0.70738,0.32655,-13.96,0.85416,0.52953,2.4709
0.70756,0.32969,-13.969,0.8409,0.51941,2.4716
0.70476,0.33441,-13.977,0.82013,0.50615,2.4723
0.70372,0.33912,-13.984,0.81193,0.50213,2.4716
0.70756,0.34418,-13.991,0.80721,0.49864,2.4695
0.70372,0.35343,-13.999,0.79412,0.49393,2.4656
0.70686,0.35954,-14.007,0.79063,0.49236,2.4642
0.70476,0.36687,-14.014,0.78575,0.49253,2.4641
0.70878,0.37071,-14.02,0.77754,0.49498,2.4658
0.70791,0.37891,-14.025,0.7676,0.49655,2.467
0.7011,0.38729,-14.031,0.75206,0.50143,2.4696
0.7004,0.39567,-14.037,0.74683,0.50388,2.4698
0.69848,0.40439,-14.042,0.74054,0.50841,2.4698
0.69639,0.41225,-14.048,0.72885,0.51697,2.4686
0.6929,0.42446,-14.054,0.71977,0.52011,2.4668
0.69115,0.43459,-14.06,0.71401,0.5236,2.4644
0.68487,0.44646,-14.068,0.70023,0.53075,2.4585
0.68818,0.45763,-14.074,0.69674,0.53599,2.4541
0.69534,0.47351,-14.081,0.68818,0.55187,2.4398
0.69656,0.49183,-14.088,0.68399,0.55938,2.4291
0.69167,0.51278,-14.095,0.67265,0.56845,2.418
0.68487,0.52936,-14.102,0.64385,0.58434,2.4033
0.67963,0.54437,-14.108,0.63478,0.59481,2.3976
0.68661,0.56235,-14.115,0.6346,0.60493,2.3878
0.68382,0.58486,-14.123,0.61017,0.63076,2.3644
0.67003,0.60755,-14.129,0.588,0.64158,2.3544
0.66323,0.62971,-14.135,0.55728,0.66706,2.3359
0.65136,0.65136,-14.143,0.54245,0.67946,2.3276
0.64769,0.66811,-14.149,0.53372,0.69272,2.3171
0.64176,0.68679,-14.154,0.50702,0.71768,2.3016
0.63251,0.70337,-14.159,0.49759,0.73059,2.2967
0.62413,0.7189,-14.164,0.48834,0.74578,2.2925
0.62326,0.73164,-14.167,0.47316,0.77074,2.2831
0.61767,0.7491,-14.173,0.46548,0.78557,2.2777
0.61418,0.76341,-14.177,0.45134,0.81367,2.2672
0.61505,0.77702,-14.18,0.44576,0.82798,2.2621
0.61523,0.79203,-14.185,0.43616,0.84107,2.2548
0.60929,0.80791,-14.19,0.41137,0.86324,2.2436
0.60563,0.8203,-14.194,0.40352,0.87476,2.2373
0.59568,0.83671,-14.201,0.39671,0.8875,2.2319
0.58381,0.85434,-14.207,0.37315,0.91403,2.2229
0.57997,0.86464,-14.212,0.35989,0.92485,2.2206
0.57212,0.87546,-14.217,0.34139,0.95033,2.2183
0.56863,0.88558,-14.219,0.33615,0.96517,2.2181
0.56496,0.89815,-14.223,0.33441,0.97948,2.2176
0.56636,0.9074,-14.227,0.32952,1.0069,2.2126
0.55833,0.92153,-14.232,0.31887,1.0194,2.2119
0.55205,0.93427,-14.238,0.31084,1.0297,2.2105
0.54803,0.94283,-14.244,0.29234,1.0495,2.2089
0.53896,0.95557,-14.25,0.281,1.0601,2.2082
0.53337,0.96674,-14.255,0.25848,1.0798,2.2044
0.52883,0.97686,-14.26,0.2508,1.0917,2.2026
0.52814,0.98681,-14.265,0.24557,1.1041,2.1998
0.52831,0.99885,-14.271,0.23195,1.1301,2.1986
0.52046,1.0095,-14.276,0.22288,1.1411,2.1982
0.51871,1.0184,-14.279,0.21642,1.1519,2.1963
0.51103,1.028,-14.283,0.19809,1.1704,2.1982
0.50545,1.0357,-14.288,0.19076,1.1791,2.1996
0.49986,1.0435,-14.293,0.17331,1.194,2.2038
0.49306,1.0503,-14.297,0.16685,1.2013,2.2068
0.48573,1.0577,-14.302,0.15848,1.2079,2.2087
0.48119,1.0641,-14.305,0.14504,1.2195,2.2113
0.48398,1.0671,-14.308,0.13788,1.2214,2.2082
0.49707,1.066,-14.31,0.13614,1.225,2.2019
0.5154,1.0695,-14.314,0.1412,1.2387,2.1954
0.50894,1.0804,-14.32,0.12741,1.2427,2.1954
0.49253,1.0915,-14.327,0.090059,1.2498,2.1988
0.47316,1.1044,-14.333,0.070511,1.2518,2.2016
0.44995,1.1132,-14.339,0.049393,1.254,2.2054
0.42743,1.121,-14.345,0.019373,1.2605,2.2152
0.41015,1.1301,-14.352,0.0062832,1.2629,2.2187
0.403,1.1355,-14.357,-0.0022689,1.2647,2.2213
0.39619,1.1409,-14.363,-0.012915,1.272,2.2263
0.39602,1.146,-14.368,-0.014137,1.2772,2.2283
0.39671,1.1535,-14.373,-0.01885,1.2839,2.2302
0.38903,1.1613,-14.379,-0.02618,1.2849,2.2323
0.38537,1.1671,-14.385,-0.0281,1.2881,2.2354
0.38676,1.1715,-14.392,-0.028972,1.2917,2.2427
0.38467,1.1774,-14.399,-0.028623,1.2926,2.2475
0.37717,1.1821,-14.407,-0.027751,1.2898,2.2574
0.36792,1.1833,-14.413,-0.025307,1.291,2.2649
0.36442,1.1826,-14.418,-0.02234,1.295,2.2731
0.36408,1.1839,-14.421,-0.022515,1.3003,2.2878
0.35867,1.1872,-14.423,-0.026704,1.3017,2.2953
0.3536,1.19,-14.423,-0.030369,1.3013,2.3033
0.34575,1.1929,-14.423,-0.034034,1.3017,2.3201
0.33755,1.1954,-14.425,-0.03735,1.301,2.329
0.33196,1.1969,-14.427,-0.041364,1.3024,2.3466
0.32742,1.1985,-14.431,-0.044855,1.3024,2.355
0.32184,1.2013,-14.434,-0.048346,1.3029,2.3628
0.31451,1.2027,-14.436,-0.056549,1.3057,2.3789
0.30823,1.2064,-14.438,-0.064926,1.3048,2.3855
0.30142,1.2086,-14.437,-0.075224,1.3036,2.3921
0.29426,1.2109,-14.437,-0.080285,1.3073,2.4087
0.29671,1.2093,-14.438,-0.073478,1.3066,2.4215
0.29287,1.2043,-14.438,-0.044506,1.3043,2.4593
0.2899,1.1954,-14.436,-0.028972,1.2994,2.4806
0.28519,1.1826,-14.434,-0.013439,1.2943,2.5054
0.27629,1.1709,-14.433,0.019024,1.286,2.5599
0.27611,1.1547,-14.43,0.035605,1.2844,2.5923
0.27349,1.1413,-14.429,0.047997,1.2879,2.6241
0.27227,1.1298,-14.428,0.076445,1.3001,2.6854
0.27506,1.1202,-14.427,0.094248,1.3078,2.7131
0.26948,1.1126,-14.425,0.11222,1.3223,2.7742
0.26704,1.1022,-14.424,0.12811,1.3298,2.8056
0.26913,1.0912,-14.422,0.14224,1.3369,2.8362
0.27471,1.0772,-14.419,0.17645,1.3458,2.8945
0.27803,1.0681,-14.418,0.19146,1.3514,2.9212
0.28047,1.0612,-14.416,0.20595,1.3558,2.948
0.28292,1.053,-14.414,0.23806,1.3598,3.0006
0.28606,1.0425,-14.413,0.25412,1.3598,3.0276
0.28903,1.0301,-14.411,0.28641,1.3556,3.0861
0.29426,1.0156,-14.409,0.30578,1.3533,3.1142
0.30124,0.99868,-14.405,0.32428,1.3497,3.146
0.30194,0.9821,-14.403,0.36093,1.3367,3.2114
0.30683,0.96377,-14.401,0.38432,1.3294,3.2433
0.3098,0.94649,-14.399,0.40247,1.3224,3.2756
0.31713,0.92852,-14.397,0.44523,1.3073,3.3374
0.32638,0.90879,-14.395,0.46827,1.3004,3.368
0.33475,0.88994,-14.391,0.51382,1.2867,3.4259
0.34331,0.87441,-14.388,0.53442,1.2778,3.4514
0.34976,0.85818,-14.386,0.55083,1.2678,3.4779
0.35291,0.84195,-14.386,0.58434,1.2472,3.5313
0.35936,0.82397,-14.384,0.60179,1.2373,3.5572
0.3653,0.80791,-14.382,0.61802,1.2277,3.5816
0.37559,0.79657,-14.379,0.65014,1.2093,3.6202
0.38711,0.79168,-14.379,0.66235,1.2004,3.6346
0.39968,0.78453,-14.378,0.68766,1.1832,3.6582
0.40841,0.7751,-14.378,0.69691,1.1748,3.6729
0.41504,0.76341,-14.377,0.70372,1.1668,3.6907
0.42167,0.74805,-14.374,0.72065,1.1519,3.7333
0.42586,0.73251,-14.369,0.72676,1.1442,3.757
0.43179,0.71698,-14.364,0.73583,1.1364,3.7792
0.43878,0.70703,-14.359,0.74683,1.1233,3.8121
0.44646,0.70337,-14.357,0.74316,1.1137,3.8258
0.44192,0.69691,-14.356,0.74037,1.0873,3.8514
0.44227,0.68766,-14.355,0.74805,1.0737,3.8645
0.44733,0.6737,-14.353,0.75957,1.0633,3.8793
0.45501,0.65694,-14.351,0.78313,1.0439,3.9155
0.45553,0.63862,-14.347,0.79378,1.0346,3.9373
0.45797,0.62099,-14.344,0.80547,1.0263,3.9605
0.46722,0.60231,-14.34,0.83636,1.0133,4.0052
0.48503,0.58626,-14.335,0.85224,1.0102,4.0212
0.4955,0.57893,-14.331,0.85259,0.99484,4.0467
0.49847,0.57142,-14.328,0.85294,0.98646,4.0572
0.50231,0.56479,-14.327,0.85329,0.97773,4.068
0.51103,0.55501,-14.324,0.87022,0.95993,4.0912
0.51784,0.54576,-14.324,0.88122,0.95086,4.1043
0.52482,0.53041,-14.323,0.89378,0.94161,4.1195
0.53547,0.51365,-14.32,0.91403,0.9266,4.1596
0.54262,0.49428,-14.316,0.92293,0.91892,4.182
0.55467,0.47578,-14.312,0.95068,0.90792,4.2213
0.56287,0.46112,-14.307,0.95731,0.89815,4.2363
0.57561,0.45099,-14.305,0.95976,0.88715,4.2483
0.58032,0.44454,-14.306,0.96377,0.86219,4.2672
0.5873,0.43616,-14.309,0.9636,0.8512,4.2768
0.59795,0.42569,-14.31,0.96726,0.84439,4.2878
0.61523,0.41294,-14.306,0.98367,0.84177,4.3127
0.64106,0.39724,-14.294,0.98803,0.84945,4.3256
0.65781,0.38711,-14.279,0.98681,0.858,4.3471
0.66654,0.3824,-14.269,0.98349,0.85399,4.3532
0.67544,0.37978,-14.263,0.97808,0.84247,4.3553
0.67736,0.38153,-14.267,0.95225,0.80128,4.3579
0.67928,0.37856,-14.275,0.94318,0.78138,4.3605
0.68103,0.37245,-14.284,0.93759,0.76219,4.3654
0.68365,0.36442,-14.289,0.92764,0.73304,4.3806
0.69185,0.35622,-14.29,0.9238,0.72117,4.3888
0.69708,0.34959,-14.293,0.91717,0.699,4.4033
0.70407,0.34488,-14.296,0.91193,0.68714,4.4089
0.71087,0.34156,-14.301,0.90844,0.67457,4.4136
0.71087,0.33859,-14.307,0.89989,0.64874,4.423
0.71279,0.3358,-14.314,0.89518,0.63635,4.4291
0.7182,0.33196,-14.319,0.89378,0.62779,4.4349
0.72065,0.33109,-14.324,0.88663,0.61296,4.445
0.72501,0.32987,-14.328,0.88,0.60668,4.4506
0.72955,0.32777,-14.332,0.87528,0.59935,4.4604
0.72867,0.33004,-14.335,0.87022,0.59533,4.4656
0.73356,0.32969,-14.339,0.86725,0.59097,4.47
0.73251,0.33004,-14.343,0.858,0.58154,4.4803
0.73409,0.33074,-14.349,0.85486,0.57701,4.486
0.73688,0.33109,-14.355,0.84945,0.57002,4.4942
0.73758,0.33406,-14.361,0.83619,0.56584,4.4977
0.73478,0.33859,-14.366,0.82764,0.56339,4.4995
0.73635,0.34558,-14.37,0.81367,0.56252,4.4991
0.73967,0.35168,-14.374,0.81018,0.56357,4.4972
0.73758,0.36285,-14.379,0.80599,0.56322,4.4949
0.74054,0.37071,-14.384,0.7922,0.56287,4.4886
0.73618,0.38066,-14.39,0.78034,0.56217,4.4864
0.7367,0.39043,-14.397,0.7676,0.56269,4.4838
0.72972,0.39794,-14.404,0.76637,0.56514,4.4848
0.72937,0.40352,-14.408,0.76358,0.56793,4.4876
0.72815,0.40736,-14.412,0.75765,0.57613,4.4932
0.7285,0.41521,-14.416,0.75067,0.5805,4.4927
0.72484,0.42412,-14.42,0.74211,0.58259,4.4909
0.72047,0.43494,-14.423,0.72815,0.58957,4.4829
0.7182,0.45117,-14.426,0.71576,0.59708,4.4773
0.72134,0.4674,-14.43,0.70354,0.61628,4.4597
0.71646,0.48398,-14.436,0.69429,0.62238,4.4532
0.70913,0.49951,-14.443,0.68539,0.62797,4.4488
0.70773,0.50807,-14.45,0.6812,0.63635,4.4457
0.70581,0.51557,-14.457,0.67841,0.63984,4.4462
0.70319,0.5236,-14.465,0.67597,0.6442,4.4467
0.70075,0.53285,-14.471,0.6709,0.65223,4.4466
0.70127,0.54105,-14.478,0.66881,0.65851,4.4443
0.70232,0.55379,-14.483,0.65747,0.67405,4.4347
0.71052,0.56566,-14.488,0.65153,0.68609,4.4255
0.70686,0.58521,-14.493,0.63739,0.7025,4.4178
0.70092,0.60406,-14.496,0.60615,0.72902,4.4059
0.69639,0.62012,-14.499,0.59673,0.74037,4.3996
0.69569,0.63792,-14.503,0.58818,0.75468,4.3925
0.68941,0.65363,-14.507,0.56217,0.7758,4.3811
0.68487,0.66724,-14.512,0.55275,0.78645,4.3773
0.68347,0.67946,-14.517,0.53041,0.80774,4.3722
0.67335,0.69167,-14.522,0.51889,0.81699,4.3715
0.67038,0.70337,-14.526,0.51225,0.82955,4.3705
0.66654,0.71489,-14.528,0.49428,0.85521,4.3698
0.66235,0.72798,-14.531,0.48503,0.86656,4.3689
0.65677,0.74002,-14.535,0.47647,0.87755,4.3693
0.65502,0.75119,-14.539,0.46269,0.89448,4.3705
0.65031,0.76079,-14.545,0.45431,0.90076,4.3708
0.64507,0.77301,-14.552,0.44192,0.91403,4.3649
0.64438,0.78557,-14.559,0.43389,0.92206,4.3593
0.64054,0.79971,-14.569,0.42254,0.92974,4.353
0.636,0.81402,-14.578,0.40265,0.94387,4.3431
0.63094,0.82537,-14.585,0.39008,0.9519,4.3385
0.62518,0.83776,-14.593,0.38118,0.96272,4.333
