-14.6,66.63,65.13,-3.21,23.06,-0.09
-14.64,66.64,65.11,-3.46,25.14,-0.13
-14.64,66.65,65.1,-4.08,29,-0.15
-14.71,66.66,65.11,-4.32,30.83,-0.14
-14.71,66.65,65.12,-5.01,34.17,0
-14.76,66.62,65.18,-5.45,35.82,0.02
-14.87,66.66,65.18,-5.67,37.52,-0.02
-15.04,66.75,65.11,-5.98,40.76,-0.16
-15.18,66.82,65.04,-6.21,42.13,-0.18
-15.13,66.86,65.02,-6.38,43.44,-0.2
-15.08,66.83,65.07,-6.88,45.75,-0.24
-15.04,66.79,65.08,-7.03,46.98,-0.27
-15.07,66.79,65.02,-7.3,49.24,-0.33
-15.1,66.84,65.01,-7.41,50.27,-0.34
-14.97,66.9,64.99,-7.52,51.29,-0.36
-14.89,66.92,65,-7.58,53.19,-0.42
-14.81,66.96,64.99,-7.55,54.12,-0.45
-14.71,66.98,64.97,-7.54,54.98,-0.5
-14.57,67,64.95,-7.55,56.59,-0.58
-14.48,67.02,64.93,-7.67,57.32,-0.59
-14.43,67.01,64.93,-7.7,58.7,-0.7
-14.31,67.01,64.91,-7.69,59.33,-0.76
-14.04,66.99,64.86,-7.59,59.96,-0.87
-13.93,66.91,64.72,-7.52,60.81,-0.94
-14.01,66.82,64.67,-7.91,61.11,-0.8
-14.31,66.8,64.69,-8.31,61.55,-0.72
-14.56,66.72,64.69,-9.14,62.32,-0.41
-14.73,66.69,64.73,-9.37,62.86,-0.39
-14.84,66.65,64.67,-9.59,63.91,-0.3
-15.07,66.64,64.58,-9.84,64.22,-0.22
-15.29,66.6,64.6,-10.22,64.59,-0.19
-15.44,66.53,64.63,-11.08,65.12,-0.07
-15.76,66.44,64.62,-11.61,65.45,0.01
-15.98,66.42,64.55,-11.98,65.84,-0.02
-16.16,66.41,64.37,-12.46,66.7,-0.17
-16.33,66.42,64.16,-12.6,67.12,-0.32
-16.32,66.53,63.97,-12.95,67.91,-0.57
-15.39,66.66,63.77,-12.78,68.42,-0.77
-14.8,66.59,63.48,-12.55,68.87,-0.99
-14.55,66.58,62.91,-12.57,69.65,-1
-13.56,66.43,61.85,-12.2,70.31,-1.15
-12.37,66.21,60.17,-11.51,70.99,-1.25
-11.11,65.58,56.99,-8.68,72.18,0.07
-8.25,63.79,52.06,-6.52,72.68,1.13
-5.22,60.78,45.72,-4.5,72.63,3.1
-2.09,56.06,40.1,-4.45,72.99,3.39
-1.31,50.78,36.23,-5.03,73.37,3.28
-2.42,46.16,33.55,-6.82,74.49,2.8
-4.22,42.45,31.99,-7.58,75,2.53
-5.79,39.36,31.33,-8.06,75.27,2.41
-7.3,36.72,31.02,-8.54,75.74,2.24
-9.37,34.65,31.01,-8.47,75.96,2.23
-10.97,32.57,31.06,-8.11,76.27,1.97
-13.09,31.04,31.04,-7.86,76.25,1.85
-14.7,29.66,30.97,-7.7,76.2,1.61
-16.53,28.62,30.8,-7.29,76.27,1.27
-18.12,27.7,30.48,-6.92,76.32,1.07
-19.78,27.01,30.04,-6.03,76.4,0.69
-21.37,26.46,29.56,-5.6,76.46,0.6
-22.79,25.93,29.05,-5.07,76.48,0.55
-24.32,25.54,28.51,-4.07,76.52,0.53
-25.61,25.14,27.98,-3.61,76.49,0.51
-27.02,24.87,27.42,-3.11,76.44,0.55
-28.1,24.6,26.86,-2.28,76.31,0.55
-29.25,24.43,26.24,-1.84,76.21,0.55
-30.31,24.29,25.56,-1.09,76.12,0.53
-31.32,24.15,24.85,-0.68,76.13,0.47
-32.25,23.91,24.18,-0.32,76.14,0.49
-33.2,23.69,23.5,0.34,76.18,0.5
-34.12,23.41,22.82,0.62,76.23,0.45
-34.99,23.18,22.18,0.81,76.27,0.4
-35.74,22.84,21.53,1.24,76.34,0.31
-36.54,22.55,20.87,1.5,76.41,0.28
-37.27,22.24,20.27,1.93,76.47,0.23
-37.98,21.93,19.63,2.08,76.52,0.21
-38.62,21.6,18.99,2.26,76.55,0.19
-39.26,21.21,18.39,2.63,76.63,0.2
-39.85,20.87,17.75,2.84,76.67,0.21
-40.49,20.53,17.15,3.08,76.74,0.24
-41.08,20.15,16.6,3.52,76.85,0.35
-41.64,19.82,16.05,3.7,76.91,0.35
-42.14,19.47,15.51,4.01,77.05,0.41
-42.6,19.12,14.96,4.19,77.12,0.42
-43.09,18.79,14.41,4.35,77.16,0.43
-43.56,18.48,13.87,4.7,77.34,0.44
-43.99,18.11,13.36,4.88,77.44,0.45
-44.43,17.82,12.8,5.17,77.57,0.49
-44.81,17.49,12.29,5.33,77.62,0.48
-45.2,17.1,11.84,5.39,77.67,0.49
-45.52,16.69,11.4,5.55,77.75,0.45
-45.83,16.22,11.02,5.57,77.77,0.42
-46.14,15.7,10.67,5.52,77.78,0.37
-46.41,15.17,10.33,5.37,77.73,0.26
-46.69,14.63,10.01,5.24,77.67,0.2
-46.9,14.09,9.65,5.21,77.68,-0.04
-47.15,13.58,9.32,5.23,77.71,-0.16
-47.36,13.11,8.95,5.34,77.78,-0.28
-47.58,12.68,8.49,5.68,77.88,-0.63
-47.86,12.28,8.04,5.8,77.95,-0.7
-48.15,11.89,7.61,5.89,78.02,-0.73
-48.42,11.47,7.2,5.83,78.04,-0.68
-48.64,11.14,6.78,5.68,78,-0.62
-48.88,10.8,6.39,5.66,78.02,-0.56
-49.04,10.47,6.05,5.5,78,-0.46
-49.25,10.02,5.75,5.35,78.05,-0.39
-51.18,3.5,3.27,-0.66,75.83,-0.01
-51.3,3.09,3.19,-0.89,75.8,-0.06
-51.49,2.77,3.05,-1.24,75.69,-0.1
-51.67,2.45,2.94,-1.44,75.66,-0.09
-51.79,2.1,2.84,-1.7,75.54,-0.06
-51.91,1.73,2.77,-2.51,75.26,-0.02
-51.94,1.28,2.8,-2.98,75.1,-0.07
-51.89,0.81,2.92,-4.22,74.53,-0.14
-51.85,0.28,3.07,-4.86,74.25,-0.24
-51.82,-0.22,3.29,-5.48,73.98,-0.29
-51.8,-0.75,3.55,-6.75,73.44,-0.51
-51.71,-1.3,3.83,-7.36,73.18,-0.62
-51.64,-1.82,4.11,-8.01,72.89,-0.77
-51.51,-2.38,4.49,-9.27,72.33,-1
-51.44,-2.89,4.88,-9.82,72.11,-1.14
-51.38,-3.33,5.24,-10.63,71.71,-1.46
-51.34,-3.85,5.65,-11.14,71.62,-1.56
-51.28,-4.27,6.05,-11.59,71.43,-1.68
-51.29,-4.72,6.44,-12.29,71.22,-1.92
-51.21,-5.19,6.93,-12.75,71.06,-1.99
-51.12,-5.63,7.41,-13.1,70.89,-2.11
-50.97,-6.08,7.95,-13.77,70.59,-2.26
-50.98,-6.51,8.57,-14.19,70.39,-2.3
-50.9,-6.88,9.17,-14.65,70.29,-2.26
-50.98,-7.31,9.81,-14.85,70.3,-2.22
-51.07,-7.73,10.44,-15.02,70.4,-2.27
-51.11,-8.11,11.07,-15.47,70.54,-2.3
-51.17,-8.47,11.65,-15.71,70.58,-2.28
-51.23,-8.77,12.23,-15.93,70.56,-2.33
-51.23,-9.03,12.79,-16.38,70.58,-2.4
-51.28,-9.22,13.35,-16.48,70.62,-2.41
-51.31,-9.41,13.94,-16.65,70.81,-2.46
-51.4,-9.61,14.61,-16.67,70.94,-2.45
-51.47,-9.8,15.25,-16.71,71.03,-2.46
-51.58,-9.97,15.87,-16.7,71.27,-2.46
-51.64,-10.13,16.51,-16.79,71.34,-2.49
-51.78,-10.26,17.15,-16.85,71.43,-2.5
-51.83,-10.37,17.78,-17.09,71.54,-2.52
-51.87,-10.45,18.41,-17.17,71.58,-2.51
-51.87,-10.52,19.01,-17.32,71.64,-2.57
-51.92,-10.5,19.58,-17.37,71.7,-2.55
-51.95,-10.52,20.17,-17.47,71.79,-2.57
-52.01,-10.51,20.74,-17.52,72.02,-2.65
-52.07,-10.46,21.23,-17.57,72.18,-2.73
-52.15,-10.41,21.72,-17.61,72.31,-2.79
-52.25,-10.37,22.23,-17.7,72.57,-2.85
-52.32,-10.28,22.7,-17.68,72.67,-2.86
-52.34,-10.26,23.24,-17.56,72.94,-2.82
-52.38,-10.22,23.85,-17.47,73.06,-2.79
-52.45,-10.15,24.45,-17.36,73.2,-2.7
-52.48,-10.08,25.01,-16.97,73.44,-2.5
-52.53,-10,25.52,-16.69,73.62,-2.42
-52.63,-9.91,26.01,-16.53,73.78,-2.35
-52.74,-9.83,26.54,-16.46,74.1,-2.14
-52.86,-9.77,27.15,-16.43,74.23,-2.01
-52.92,-9.74,27.79,-16.51,74.5,-1.79
-52.95,-9.72,28.46,-16.54,74.58,-1.73
-52.94,-9.69,29.11,-16.62,74.62,-1.65
-52.93,-9.58,29.67,-16.55,74.67,-1.66
-52.93,-9.43,30.19,-16.44,74.72,-1.72
-52.9,-9.25,30.6,-16.4,74.69,-1.78
-52.88,-9,30.93,-16,74.78,-1.78
-52.83,-8.76,31.23,-15.8,74.86,-1.75
-52.86,-8.52,31.53,-15.49,75.04,-1.73
-52.82,-8.24,31.8,-15.29,75.12,-1.69
-52.8,-7.95,32.05,-15.05,75.22,-1.67
-52.72,-7.63,32.28,-14.58,75.33,-1.61
-52.66,-7.29,32.46,-14.3,75.37,-1.58
-52.58,-6.96,32.66,-14.03,75.4,-1.58
-52.52,-6.67,32.89,-13.69,75.51,-1.48
-52.47,-6.37,33.14,-13.56,75.55,-1.42
-52.35,-6.14,33.42,-13.21,75.64,-1.34
-52.3,-5.86,33.7,-13.07,75.67,-1.31
-52.21,-5.54,33.95,-12.81,75.65,-1.3
-52.1,-5.2,34.14,-12.31,75.62,-1.32
-52,-4.83,34.27,-12.01,75.64,-1.3
-51.92,-4.59,34.45,-11.78,75.71,-1.3
-51.88,-4.37,34.7,-11.58,75.86,-1.15
-51.79,-4.17,34.97,-11.51,75.89,-1.13
-51.76,-3.96,35.2,-11.42,75.97,-1.16
-51.72,-3.72,35.4,-11.32,76.02,-1.21
-51.68,-3.47,35.55,-11.18,76.03,-1.27
-51.68,-3.17,35.65,-10.78,76.14,-1.4
-51.67,-2.84,35.7,-10.57,76.16,-1.45
-51.6,-2.43,35.7,-10.29,76.15,-1.51
-51.56,-2.07,35.73,-9.8,76.17,-1.56
-51.46,-1.72,35.77,-9.58,76.18,-1.55
-51.37,-1.37,35.83,-9.05,76.14,-1.6
-51.25,-1.02,35.84,-8.85,76.16,-1.61
-51.22,-0.68,35.85,-8.61,76.14,-1.64
-51.1,-0.36,35.84,-8.19,76.15,-1.68
-51.06,-0.02,35.79,-7.96,76.14,-1.72
-51.01,0.34,35.68,-7.73,76.13,-1.77
-50.98,0.8,35.46,-7.22,76.02,-1.92
-50.98,1.32,35.13,-6.95,75.98,-2
-51.01,1.9,34.68,-6.29,76.01,-2.15
-51.07,2.53,34.15,-5.99,76.04,-2.24
-51.15,3.14,33.6,-5.67,76.09,-2.33
-51.21,3.71,33.04,-5.08,76.15,-2.52
-51.26,4.31,32.4,-4.75,76.13,-2.62
-51.27,4.89,31.74,-4.4,76.11,-2.76
-51.26,5.41,31.11,-3.82,76.1,-2.98
-51.26,5.87,30.47,-3.51,76.08,-3.09
-51.24,6.29,29.85,-2.99,76.03,-3.28
-51.25,6.64,29.28,-2.77,75.97,-3.35
-51.24,6.98,28.71,-2.58,75.96,-3.44
-51.25,7.29,28.14,-2.12,75.92,-3.58
-51.24,7.57,27.6,-1.93,75.93,-3.64
-51.29,7.82,27.06,-1.71,75.96,-3.71
-51.33,8.06,26.53,-1.43,75.96,-3.82
-51.4,8.26,26.06,-1.3,76,-3.86
-51.45,8.42,25.59,-1.1,76.03,-3.92
-51.5,8.52,25.13,-0.97,76.01,-3.93
-51.51,8.62,24.69,-0.88,76,-3.93
-51.54,8.72,24.3,-0.72,75.99,-3.94
-51.56,8.85,23.88,-0.59,75.99,-3.93
-51.63,9,23.47,-0.43,75.99,-3.95
-51.69,9.15,22.98,-0.19,76.03,-4
-51.78,9.33,22.46,-0.08,76.04,-4.02
-51.84,9.46,21.91,0.1,76.13,-4.1
-51.89,9.59,21.32,0.16,76.16,-4.14
-51.93,9.69,20.73,0.22,76.19,-4.2
-51.98,9.74,20.2,0.22,76.24,-4.24
-51.99,9.78,19.66,0.23,76.28,-4.3
-51.96,9.86,19.09,0.24,76.23,-4.38
-51.97,9.94,18.5,0.3,76.23,-4.48
-51.99,10.02,17.89,0.36,76.24,-4.53
-52.05,10.08,17.29,0.43,76.34,-4.58
-52.08,10.09,16.72,0.47,76.39,-4.6
-52.12,10.15,16.1,0.53,76.44,-4.63
-52.14,10.22,15.4,0.76,76.55,-4.71
-52.16,10.32,14.63,0.9,76.62,-4.74
-52.22,10.37,13.88,1,76.72,-4.76
-52.27,10.41,13.12,1.32,76.91,-4.82
-52.32,10.4,12.41,1.45,77,-4.84
-52.32,10.32,11.79,1.51,77,-4.86
-52.26,10.18,11.19,1.47,76.97,-4.88
-52.21,9.99,10.65,1.41,76.97,-4.93
-52.16,9.74,10.2,1.23,76.97,-4.98
-52.34,2.97,3.52,-0.03,76.84,-4.56
-52.38,2.71,3.4,-0.14,76.84,-4.51
-52.48,2.44,3.32,-0.27,76.77,-4.46
-52.45,2.11,3.24,-0.51,76.65,-4.48
-52.48,1.83,3.12,-0.62,76.6,-4.5
-52.48,1.55,3.03,-0.73,76.56,-4.55
-52.55,1.3,2.91,-0.74,76.56,-4.56
-52.63,1.09,2.77,-0.75,76.57,-4.58
-52.7,0.88,2.65,-0.76,76.5,-4.52
-52.78,0.69,2.57,-0.84,76.45,-4.49
-52.8,0.5,2.5,-0.96,76.37,-4.47
-52.83,0.25,2.45,-1.3,76.21,-4.41
-52.81,0.03,2.4,-1.47,76.09,-4.41
-52.87,-0.16,2.37,-1.78,75.96,-4.28
-52.91,-0.35,2.37,-1.98,75.89,-4.21
-52.95,-0.56,2.38,-2.15,75.82,-4.17
-52.92,-0.81,2.34,-2.64,75.67,-4.19
-52.98,-1.07,2.31,-2.91,75.61,-4.25
-52.96,-1.38,2.31,-3.27,75.51,-4.28
-52.93,-1.68,2.38,-3.92,75.31,-4.39
-52.93,-2.04,2.53,-4.35,75.19,-4.41
-52.85,-2.41,2.72,-5.29,74.79,-4.66
-52.7,-2.82,2.97,-5.83,74.56,-4.76
-52.59,-3.31,3.38,-6.45,74.35,-4.87
-52.38,-3.84,3.75,-7.82,73.77,-5.22
-52.26,-4.41,4.32,-8.43,73.53,-5.42
-51.95,-5.03,4.9,-9.27,73.22,-5.69
-51.87,-5.49,5.35,-10.64,72.86,-6.09
-51.86,-6.02,5.93,-11.2,72.83,-6.23
-51.86,-6.49,6.53,-12.17,72.74,-6.46
-51.88,-6.97,7.22,-12.65,72.63,-6.56
-51.83,-7.44,7.97,-13.12,72.55,-6.62
-51.74,-7.91,8.75,-14.03,72.34,-6.83
-51.72,-8.31,9.55,-14.42,72.26,-6.9
-51.69,-8.71,10.38,-14.83,72.2,-6.95
-51.74,-9.1,11.31,-15.55,72.16,-7
-51.76,-9.48,12.29,-15.83,72.15,-7.01
-51.74,-9.75,13.11,-16.43,72.07,-7.1
-51.75,-9.91,13.85,-16.7,72.04,-7.14
-51.83,-10,14.54,-16.88,72.12,-7.17
-51.88,-10,15.1,-17.21,72.24,-7.16
-51.94,-9.86,15.53,-17.21,72.3,-7.14
-52,-9.71,15.9,-17.19,72.46,-7.14
-52.13,-9.54,16.31,-16.99,72.89,-7.03
-52.24,-9.46,16.82,-16.91,73.11,-6.98
-52.25,-9.37,17.27,-16.68,73.35,-6.99
-52.2,-9.26,17.66,-16.65,73.39,-6.98
-52.2,-9.18,18.1,-16.63,73.53,-6.95
-52.24,-9.1,18.62,-16.58,73.89,-6.95
-52.29,-9.01,19.14,-16.48,74.05,-6.97
-52.35,-8.99,19.66,-16.38,74.22,-6.95
-52.41,-9.04,20.26,-16.23,74.56,-6.96
-52.42,-9.06,20.82,-16.28,74.67,-7.01
-52.4,-9.02,21.36,-16.12,74.85,-7.09
-52.41,-8.96,21.9,-16.09,74.93,-7.1
-52.42,-8.82,22.41,-16.05,75.01,-7.13
-52.46,-8.67,22.88,-15.84,75.23,-7.25
-52.48,-8.5,23.3,-15.76,75.35,-7.29
-52.51,-8.32,23.7,-15.67,75.48,-7.34
-52.53,-8.2,24.16,-15.52,75.79,-7.37
-52.6,-8.13,24.68,-15.47,75.92,-7.35
-52.62,-8.06,25.21,-15.34,76.23,-7.32
-52.69,-8.01,25.83,-15.3,76.39,-7.3
-52.77,-7.99,26.52,-15.26,76.52,-7.26
-52.79,-7.97,27.21,-15.16,76.75,-7.17
-52.78,-7.93,27.9,-15.1,76.79,-7.15
-52.8,-7.8,28.49,-14.97,76.84,-7.14
